# BASE VAL1 VAL2
# color 0:255:0 0:0:255 100:100:100
17	30.0	45.0	40.0
53	35.0	30.0	20.0
89	40.0	25.0	15.0
125	60.0	20.0	35.0
161	65.0	25.0	30.0
197	45.0	45.0	40.0
233	40.0	50.0	30.0
269	50.0	30.0	25.0
305	55.0	25.0	25.0
341	35.0	35.0	35.0
377	35.0	35.0	55.0
413	40.0	40.0	40.0
449	45.0	40.0	25.0
485	25.0	25.0	35.0
521	40.0	35.0	35.0
557	35.0	40.0	40.0
593	55.0	45.0	25.0
629	50.0	55.0	10.0
665	35.0	45.0	25.0
701	40.0	35.0	25.0
737	45.0	30.0	20.0
773	45.0	25.0	35.0
809	30.0	45.0	35.0
845	35.0	40.0	45.0
881	45.0	30.0	30.0
917	65.0	30.0	15.0
953	55.0	45.0	30.0
989	30.0	40.0	40.0
1025	40.0	35.0	30.0
1061	45.0	35.0	30.0
1097	45.0	55.0	30.0
1133	40.0	40.0	25.0
1169	40.0	25.0	10.0
1205	45.0	35.0	30.0
1241	30.0	40.0	30.0
1277	60.0	30.0	15.0
1313	50.0	35.0	25.0
1349	50.0	40.0	30.0
1385	60.0	45.0	25.0
1421	35.0	45.0	45.0
1457	60.0	30.0	30.0
1493	60.0	20.0	15.0
1529	40.0	40.0	35.0
1565	50.0	45.0	35.0
1601	50.0	40.0	25.0
1637	55.0	45.0	25.0
1673	55.0	40.0	20.0
1709	40.0	45.0	30.0
1745	50.0	40.0	30.0
1781	45.0	35.0	30.0
1817	30.0	25.0	30.0
1853	20.0	35.0	30.0
1889	35.0	35.0	35.0
1925	30.0	35.0	30.0
1961	40.0	55.0	20.0
1997	35.0	40.0	30.0
2033	50.0	25.0	25.0
2069	55.0	15.0	25.0
2105	30.0	20.0	30.0
2141	45.0	30.0	25.0
2177	50.0	25.0	50.0
2213	55.0	30.0	30.0
2249	45.0	35.0	25.0
2285	45.0	25.0	40.0
2321	50.0	35.0	20.0
2357	35.0	40.0	5.0
2393	35.0	25.0	25.0
2429	40.0	30.0	30.0
2465	50.0	30.0	35.0
2501	60.0	25.0	35.0
2537	50.0	25.0	25.0
2573	35.0	35.0	20.0
2609	30.0	60.0	25.0
2645	25.0	60.0	30.0
2681	30.0	40.0	30.0
2717	35.0	45.0	25.0
2753	35.0	50.0	25.0
2789	30.0	50.0	15.0
2825	30.0	50.0	25.0
2861	30.0	35.0	20.0
2897	35.0	45.0	25.0
2933	35.0	45.0	15.0
2969	30.0	40.0	15.0
3005	30.0	50.0	25.0
3041	25.0	60.0	30.0
3077	45.0	25.0	30.0
3113	50.0	45.0	20.0
3149	25.0	45.0	30.0
3185	15.0	35.0	25.0
3221	35.0	55.0	25.0
3257	30.0	60.0	25.0
3293	20.0	50.0	25.0
3329	20.0	50.0	40.0
3365	20.0	50.0	35.0
3401	25.0	40.0	35.0
3437	35.0	25.0	30.0
3473	40.0	50.0	30.0
3509	35.0	65.0	20.0
3545	30.0	70.0	35.0
3581	40.0	40.0	35.0
3617	40.0	25.0	25.0
3653	25.0	30.0	40.0
3689	35.0	40.0	35.0
3725	40.0	30.0	30.0
3761	15.0	30.0	30.0
3797	35.0	40.0	40.0
3833	40.0	50.0	35.0
3869	30.0	40.0	30.0
3905	25.0	50.0	50.0
3941	25.0	60.0	55.0
3977	30.0	40.0	25.0
4013	45.0	45.0	5.0
4049	35.0	50.0	35.0
4085	25.0	60.0	55.0
4121	15.0	50.0	50.0
4157	30.0	40.0	30.0
4193	40.0	40.0	40.0
4229	35.0	30.0	35.0
4265	25.0	40.0	35.0
4301	15.0	65.0	25.0
4337	20.0	55.0	25.0
4373	30.0	50.0	35.0
4409	25.0	15.0	50.0
4445	20.0	40.0	30.0
4481	30.0	60.0	25.0
4517	30.0	80.0	30.0
4553	35.0	80.0	15.0
4589	25.0	55.0	20.0
4625	20.0	45.0	30.0
4661	5.0	60.0	35.0
4697	15.0	55.0	30.0
4733	30.0	50.0	10.0
4769	30.0	45.0	20.0
4805	10.0	35.0	55.0
4841	10.0	15.0	35.0
4877	30.0	50.0	20.0
4913	35.0	40.0	25.0
4949	40.0	60.0	20.0
4985	45.0	65.0	20.0
5021	45.0	55.0	10.0
5057	55.0	50.0	5.0
5093	45.0	50.0	15.0
5129	55.0	55.0	15.0
5165	40.0	25.0	25.0
5201	40.0	25.0	20.0
5237	35.0	30.0	15.0
5273	30.0	45.0	25.0
5309	20.0	60.0	40.0
5345	20.0	65.0	35.0
5381	30.0	50.0	35.0
5417	30.0	45.0	25.0
5453	20.0	40.0	25.0
5489	5.0	45.0	45.0
5525	25.0	50.0	40.0
5561	25.0	60.0	30.0
5597	35.0	45.0	40.0
5633	25.0	55.0	25.0
5669	15.0	60.0	40.0
5705	20.0	50.0	25.0
5741	25.0	40.0	30.0
5777	25.0	45.0	35.0
5813	25.0	40.0	35.0
5849	30.0	45.0	15.0
5885	10.0	45.0	15.0
5921	10.0	50.0	45.0
5957	20.0	25.0	45.0
5993	20.0	25.0	35.0
6029	25.0	15.0	25.0
6065	30.0	40.0	40.0
6101	10.0	40.0	40.0
6137	15.0	30.0	30.0
6173	10.0	40.0	40.0
6209	20.0	40.0	55.0
6245	15.0	40.0	30.0
6281	10.0	35.0	30.0
6317	10.0	20.0	40.0
6353	0.0	55.0	45.0
6389	5.0	70.0	50.0
6425	20.0	45.0	45.0
6461	30.0	40.0	35.0
6497	10.0	40.0	40.0
6533	10.0	40.0	45.0
6569	5.0	40.0	50.0
6605	10.0	45.0	55.0
6641	20.0	35.0	45.0
6677	35.0	20.0	40.0
6713	35.0	25.0	40.0
6749	25.0	40.0	20.0
6785	20.0	45.0	30.0
6821	20.0	30.0	25.0
6857	20.0	30.0	35.0
6893	15.0	35.0	30.0
6929	5.0	45.0	40.0
6965	5.0	50.0	55.0
7001	15.0	45.0	35.0
7037	15.0	30.0	40.0
7073	5.0	35.0	50.0
7109	5.0	40.0	35.0
7145	10.0	45.0	50.0
7181	10.0	45.0	60.0
7217	15.0	45.0	40.0
7253	10.0	45.0	55.0
7289	30.0	25.0	35.0
7325	35.0	25.0	35.0
7361	20.0	40.0	50.0
7397	15.0	35.0	30.0
7433	20.0	35.0	45.0
7469	25.0	35.0	40.0
7505	30.0	25.0	25.0
7541	35.0	25.0	20.0
7577	20.0	10.0	40.0
7613	20.0	40.0	50.0
7649	45.0	35.0	35.0
7685	40.0	45.0	55.0
7721	15.0	50.0	60.0
7757	10.0	50.0	55.0
7793	20.0	45.0	40.0
7829	15.0	35.0	50.0
7865	5.0	30.0	35.0
7901	25.0	20.0	40.0
7937	25.0	45.0	35.0
7973	50.0	35.0	25.0
8009	40.0	25.0	30.0
8045	45.0	45.0	20.0
8081	30.0	55.0	30.0
8117	30.0	45.0	20.0
8153	45.0	20.0	30.0
8189	40.0	35.0	25.0
8225	55.0	50.0	10.0
8261	45.0	40.0	20.0
8297	35.0	30.0	30.0
8333	50.0	35.0	15.0
8369	35.0	50.0	10.0
8405	20.0	30.0	10.0
8441	25.0	20.0	30.0
8477	30.0	25.0	40.0
8513	50.0	30.0	25.0
8549	45.0	40.0	15.0
8585	45.0	35.0	5.0
8621	55.0	35.0	20.0
8657	40.0	35.0	30.0
8693	20.0	45.0	15.0
8729	30.0	25.0	0.0
8765	40.0	25.0	0.0
8801	50.0	40.0	0.0
8837	60.0	40.0	15.0
8873	20.0	35.0	20.0
8909	20.0	30.0	25.0
8945	35.0	25.0	20.0
8981	40.0	35.0	5.0
9017	45.0	35.0	0.0
9053	60.0	40.0	5.0
9089	40.0	45.0	20.0
9125	30.0	35.0	10.0
9161	45.0	40.0	10.0
9197	40.0	55.0	10.0
9233	55.0	40.0	5.0
9269	45.0	40.0	5.0
9305	35.0	45.0	5.0
9341	55.0	50.0	5.0
9377	60.0	45.0	15.0
9413	40.0	50.0	15.0
9449	15.0	35.0	15.0
9485	50.0	45.0	0.0
9521	50.0	55.0	5.0
9557	25.0	45.0	5.0
9593	35.0	35.0	5.0
9629	35.0	40.0	10.0
9665	45.0	25.0	5.0
9701	50.0	20.0	10.0
9737	35.0	25.0	15.0
9773	50.0	50.0	20.0
9809	50.0	50.0	15.0
9845	40.0	45.0	10.0
9881	30.0	40.0	10.0
9917	30.0	45.0	5.0
9953	40.0	40.0	0.0
9989	40.0	40.0	5.0
10025	35.0	25.0	10.0
10061	45.0	30.0	15.0
10097	35.0	45.0	5.0
10133	35.0	30.0	5.0
10169	70.0	40.0	10.0
10205	40.0	60.0	15.0
10241	35.0	50.0	5.0
10277	40.0	50.0	10.0
10313	50.0	45.0	10.0
10349	40.0	35.0	5.0
10385	30.0	40.0	10.0
10421	40.0	55.0	0.0
10457	40.0	50.0	5.0
10493	45.0	35.0	15.0
10529	30.0	40.0	15.0
10565	30.0	40.0	15.0
10601	40.0	30.0	10.0
10637	30.0	25.0	0.0
10673	45.0	35.0	0.0
10709	50.0	50.0	5.0
10745	45.0	55.0	20.0
10781	30.0	35.0	15.0
10817	35.0	30.0	10.0
10853	55.0	50.0	10.0
10889	50.0	50.0	5.0
10925	20.0	45.0	0.0
10961	35.0	45.0	10.0
10997	35.0	45.0	10.0
11033	30.0	40.0	15.0
11069	35.0	45.0	10.0
11105	45.0	50.0	0.0
11141	45.0	40.0	5.0
11177	35.0	35.0	5.0
11213	40.0	25.0	15.0
11249	30.0	30.0	10.0
11285	30.0	35.0	0.0
11321	25.0	35.0	0.0
11357	40.0	45.0	10.0
11393	45.0	40.0	10.0
11429	30.0	50.0	0.0
11465	40.0	55.0	5.0
11501	40.0	25.0	5.0
11537	45.0	30.0	10.0
11573	40.0	35.0	0.0
11609	40.0	55.0	0.0
11645	35.0	50.0	0.0
11681	30.0	25.0	5.0
11717	35.0	30.0	10.0
11753	25.0	40.0	5.0
11789	35.0	50.0	10.0
11825	25.0	35.0	15.0
11861	30.0	35.0	15.0
11897	30.0	45.0	10.0
11933	30.0	50.0	5.0
11969	45.0	55.0	0.0
12005	35.0	35.0	10.0
12041	35.0	35.0	15.0
12077	40.0	30.0	5.0
12113	25.0	45.0	0.0
12149	30.0	55.0	0.0
12185	50.0	15.0	5.0
12221	45.0	25.0	5.0
12257	45.0	15.0	0.0
12293	40.0	35.0	5.0
12329	40.0	50.0	0.0
12365	45.0	45.0	0.0
12401	35.0	50.0	0.0
12437	35.0	45.0	10.0
12473	25.0	40.0	15.0
12509	40.0	60.0	10.0
12545	25.0	40.0	25.0
12581	15.0	25.0	15.0
12617	25.0	30.0	5.0
12653	50.0	70.0	5.0
12689	50.0	80.0	10.0
12725	35.0	55.0	10.0
12761	45.0	40.0	10.0
12797	45.0	55.0	20.0
12833	35.0	65.0	10.0
12869	50.0	45.0	0.0
12905	20.0	25.0	20.0
12941	25.0	25.0	10.0
12977	45.0	45.0	0.0
13013	35.0	45.0	0.0
13049	30.0	45.0	0.0
13085	30.0	50.0	5.0
13121	45.0	60.0	5.0
13157	40.0	45.0	0.0
13193	25.0	35.0	5.0
13229	15.0	20.0	10.0
13265	30.0	35.0	5.0
13301	35.0	55.0	5.0
13337	40.0	50.0	0.0
13373	45.0	35.0	5.0
13409	20.0	40.0	10.0
13445	10.0	55.0	5.0
13481	35.0	55.0	5.0
13517	35.0	45.0	10.0
13553	45.0	50.0	15.0
13589	35.0	55.0	10.0
13625	30.0	45.0	10.0
13661	35.0	50.0	10.0
13697	40.0	55.0	0.0
13733	50.0	65.0	5.0
13769	50.0	50.0	10.0
13805	45.0	60.0	5.0
13841	50.0	40.0	10.0
13877	35.0	30.0	10.0
13913	40.0	45.0	5.0
13949	35.0	50.0	0.0
13985	30.0	45.0	0.0
14021	30.0	55.0	0.0
14057	40.0	45.0	0.0
14093	60.0	50.0	0.0
14129	45.0	40.0	5.0
14165	40.0	60.0	5.0
14201	35.0	60.0	0.0
14237	50.0	45.0	0.0
14273	35.0	50.0	0.0
14309	15.0	45.0	20.0
14345	5.0	25.0	30.0
14381	10.0	30.0	30.0
14417	25.0	25.0	35.0
14453	30.0	20.0	30.0
14489	35.0	25.0	10.0
14525	30.0	35.0	20.0
14561	15.0	40.0	45.0
14597	25.0	35.0	35.0
14633	10.0	55.0	35.0
14669	25.0	40.0	15.0
14705	55.0	30.0	10.0
14741	35.0	65.0	15.0
14777	15.0	70.0	30.0
14813	30.0	50.0	30.0
14849	45.0	45.0	30.0
14885	30.0	40.0	40.0
14921	30.0	40.0	45.0
14957	35.0	30.0	35.0
14993	45.0	35.0	25.0
15029	40.0	50.0	15.0
15065	25.0	30.0	20.0
15101	25.0	30.0	10.0
15137	30.0	55.0	10.0
15173	20.0	55.0	35.0
15209	30.0	20.0	45.0
15245	35.0	20.0	35.0
15281	45.0	40.0	25.0
15317	55.0	25.0	30.0
15353	40.0	35.0	40.0
15389	35.0	40.0	25.0
15425	30.0	20.0	25.0
15461	20.0	50.0	40.0
15497	20.0	50.0	30.0
15533	25.0	50.0	15.0
15569	20.0	65.0	35.0
15605	10.0	55.0	45.0
15641	10.0	30.0	50.0
15677	15.0	30.0	45.0
15713	15.0	40.0	65.0
15749	20.0	60.0	45.0
15785	20.0	55.0	35.0
15821	30.0	25.0	35.0
15857	35.0	15.0	50.0
15893	30.0	10.0	65.0
15929	30.0	35.0	55.0
15965	35.0	55.0	40.0
16001	35.0	40.0	30.0
16037	55.0	40.0	35.0
16073	35.0	30.0	55.0
16109	30.0	25.0	60.0
16145	30.0	25.0	55.0
16181	30.0	30.0	35.0
16217	30.0	35.0	60.0
16253	25.0	25.0	50.0
16289	45.0	30.0	35.0
16325	50.0	35.0	40.0
16361	45.0	30.0	25.0
16397	35.0	20.0	15.0
16433	20.0	30.0	25.0
16469	30.0	25.0	40.0
16505	30.0	30.0	25.0
16541	25.0	55.0	20.0
16577	15.0	70.0	30.0
16613	20.0	70.0	30.0
16649	20.0	60.0	15.0
16685	20.0	60.0	30.0
16721	20.0	65.0	35.0
16757	40.0	40.0	40.0
16793	45.0	30.0	45.0
16829	35.0	55.0	25.0
16865	25.0	55.0	35.0
16901	20.0	55.0	35.0
16937	15.0	70.0	30.0
16973	15.0	70.0	30.0
17009	30.0	55.0	25.0
17045	35.0	35.0	25.0
17081	45.0	30.0	40.0
17117	35.0	45.0	55.0
17153	25.0	50.0	35.0
17189	30.0	45.0	30.0
17225	25.0	65.0	25.0
17261	20.0	55.0	25.0
17297	30.0	50.0	30.0
17333	20.0	40.0	35.0
17369	15.0	45.0	35.0
17405	25.0	45.0	20.0
17441	35.0	40.0	15.0
17477	40.0	35.0	30.0
17513	30.0	50.0	20.0
17549	20.0	50.0	30.0
17585	5.0	45.0	60.0
17621	15.0	60.0	45.0
17657	35.0	45.0	25.0
17693	25.0	25.0	20.0
17729	30.0	40.0	45.0
17765	35.0	55.0	60.0
17801	30.0	45.0	70.0
17837	35.0	50.0	40.0
17873	40.0	30.0	40.0
17909	35.0	25.0	45.0
17945	45.0	20.0	50.0
17981	40.0	5.0	80.0
18017	50.0	20.0	65.0
18053	35.0	30.0	65.0
18089	30.0	25.0	60.0
18125	40.0	20.0	50.0
18161	40.0	15.0	65.0
18197	50.0	10.0	65.0
18233	35.0	10.0	55.0
18269	40.0	25.0	45.0
18305	50.0	45.0	30.0
18341	30.0	35.0	45.0
18377	30.0	30.0	50.0
18413	30.0	40.0	45.0
18449	20.0	35.0	55.0
18485	35.0	35.0	40.0
18521	45.0	40.0	35.0
18557	40.0	30.0	40.0
18593	40.0	35.0	40.0
18629	25.0	45.0	35.0
18665	30.0	20.0	65.0
18701	35.0	25.0	55.0
18737	45.0	30.0	50.0
18773	45.0	20.0	35.0
18809	35.0	20.0	50.0
18845	40.0	30.0	55.0
18881	30.0	30.0	60.0
18917	25.0	40.0	55.0
18953	40.0	35.0	40.0
18989	35.0	40.0	30.0
19025	30.0	50.0	35.0
19061	45.0	40.0	45.0
19097	40.0	30.0	40.0
19133	40.0	30.0	45.0
19169	50.0	30.0	40.0
19205	50.0	20.0	35.0
19241	35.0	25.0	40.0
19277	25.0	35.0	35.0
19313	35.0	50.0	15.0
19349	35.0	65.0	15.0
19385	30.0	50.0	30.0
19421	25.0	45.0	35.0
19457	25.0	50.0	35.0
19493	30.0	45.0	30.0
19529	25.0	50.0	50.0
19565	15.0	45.0	55.0
19601	30.0	50.0	30.0
19637	30.0	50.0	20.0
19673	40.0	30.0	25.0
19709	45.0	30.0	25.0
19745	35.0	40.0	15.0
19781	35.0	40.0	20.0
19817	30.0	50.0	30.0
19853	30.0	50.0	25.0
19889	50.0	35.0	30.0
19925	35.0	50.0	25.0
19961	15.0	60.0	35.0
19997	25.0	40.0	30.0
20033	35.0	45.0	15.0
20069	20.0	60.0	25.0
20105	25.0	50.0	20.0
20141	25.0	45.0	40.0
20177	25.0	50.0	45.0
20213	20.0	50.0	45.0
20249	40.0	45.0	30.0
20285	20.0	30.0	30.0
20321	15.0	25.0	40.0
20357	30.0	45.0	45.0
20393	15.0	35.0	50.0
20429	25.0	20.0	50.0
20465	35.0	5.0	40.0
20501	30.0	10.0	50.0
20537	55.0	20.0	50.0
20573	30.0	25.0	50.0
20609	30.0	25.0	55.0
20645	45.0	20.0	40.0
20681	40.0	25.0	40.0
20717	40.0	25.0	35.0
20753	35.0	20.0	30.0
20789	45.0	25.0	30.0
20825	55.0	10.0	40.0
20861	45.0	10.0	45.0
20897	35.0	25.0	40.0
20933	35.0	30.0	60.0
20969	45.0	25.0	65.0
21005	30.0	15.0	45.0
21041	15.0	30.0	40.0
21077	25.0	35.0	40.0
21113	35.0	40.0	25.0
21149	35.0	35.0	25.0
21185	30.0	30.0	30.0
21221	35.0	25.0	45.0
21257	30.0	40.0	40.0
21293	30.0	50.0	30.0
21329	45.0	40.0	40.0
21365	30.0	60.0	45.0
21401	15.0	60.0	40.0
21437	15.0	45.0	40.0
21473	30.0	45.0	20.0
21509	50.0	25.0	30.0
21545	20.0	50.0	40.0
21581	5.0	55.0	40.0
21617	5.0	65.0	40.0
21653	15.0	55.0	45.0
21689	5.0	25.0	20.0
21725	15.0	15.0	20.0
21761	30.0	15.0	50.0
21797	55.0	25.0	60.0
21833	45.0	40.0	45.0
21869	40.0	30.0	40.0
21905	35.0	20.0	45.0
21941	45.0	35.0	45.0
21977	45.0	20.0	60.0
22013	50.0	25.0	50.0
22049	25.0	50.0	35.0
22085	35.0	35.0	50.0
22121	45.0	35.0	30.0
22157	35.0	35.0	35.0
22193	45.0	25.0	45.0
22229	60.0	10.0	55.0
22265	45.0	30.0	40.0
22301	30.0	30.0	50.0
22337	40.0	30.0	55.0
22373	35.0	20.0	55.0
22409	50.0	15.0	60.0
22445	35.0	35.0	55.0
22481	40.0	45.0	50.0
22517	45.0	35.0	40.0
22553	30.0	40.0	50.0
22589	25.0	40.0	40.0
22625	35.0	25.0	45.0
22661	45.0	15.0	55.0
22697	55.0	15.0	40.0
22733	40.0	35.0	35.0
22769	20.0	30.0	30.0
22805	15.0	15.0	25.0
22841	20.0	30.0	40.0
22877	20.0	35.0	35.0
22913	15.0	40.0	35.0
22949	15.0	40.0	40.0
22985	20.0	20.0	40.0
23021	20.0	35.0	35.0
23057	20.0	35.0	20.0
23093	5.0	45.0	40.0
23129	15.0	45.0	35.0
23165	15.0	30.0	40.0
23201	35.0	35.0	40.0
23237	35.0	40.0	30.0
23273	15.0	30.0	40.0
23309	20.0	30.0	40.0
23345	25.0	40.0	30.0
23381	20.0	40.0	30.0
23417	15.0	35.0	50.0
23453	20.0	45.0	40.0
23489	15.0	35.0	35.0
23525	10.0	30.0	55.0
23561	10.0	35.0	55.0
23597	35.0	25.0	50.0
23633	30.0	20.0	55.0
23669	35.0	25.0	50.0
23705	35.0	25.0	45.0
23741	30.0	20.0	35.0
23777	35.0	25.0	35.0
23813	45.0	30.0	30.0
23849	55.0	20.0	45.0
23885	35.0	25.0	40.0
23921	15.0	25.0	45.0
23957	20.0	20.0	45.0
23993	30.0	20.0	40.0
24029	40.0	25.0	35.0
24065	35.0	55.0	10.0
24101	55.0	25.0	20.0
24137	35.0	35.0	30.0
24173	30.0	35.0	25.0
24209	40.0	10.0	45.0
24245	45.0	20.0	30.0
24281	50.0	30.0	15.0
24317	40.0	45.0	30.0
24353	30.0	30.0	35.0
24389	30.0	45.0	15.0
24425	40.0	40.0	15.0
24461	35.0	30.0	15.0
24497	25.0	25.0	20.0
24533	25.0	10.0	20.0
24569	30.0	25.0	5.0
24605	30.0	50.0	25.0
24641	35.0	40.0	25.0
24677	40.0	30.0	25.0
24713	30.0	40.0	25.0
24749	15.0	60.0	45.0
24785	20.0	35.0	55.0
24821	20.0	30.0	45.0
24857	20.0	40.0	40.0
24893	20.0	30.0	35.0
24929	20.0	35.0	35.0
24965	40.0	40.0	40.0
25001	40.0	45.0	25.0
25037	25.0	55.0	40.0
25073	25.0	60.0	40.0
25109	25.0	60.0	25.0
25145	15.0	70.0	30.0
25181	20.0	60.0	30.0
25217	25.0	45.0	25.0
25253	40.0	20.0	50.0
25289	40.0	35.0	45.0
25325	35.0	30.0	20.0
25361	35.0	25.0	30.0
25397	35.0	20.0	35.0
25433	50.0	20.0	25.0
25469	50.0	35.0	20.0
25505	45.0	35.0	20.0
25541	50.0	25.0	30.0
25577	50.0	30.0	35.0
25613	50.0	20.0	40.0
25649	30.0	20.0	35.0
25685	35.0	30.0	40.0
25721	45.0	20.0	25.0
25757	35.0	25.0	25.0
25793	20.0	30.0	25.0
25829	10.0	30.0	40.0
25865	30.0	25.0	40.0
25901	25.0	30.0	30.0
25937	35.0	30.0	15.0
25973	25.0	50.0	20.0
26009	40.0	50.0	20.0
26045	35.0	40.0	30.0
26081	25.0	55.0	35.0
26117	30.0	35.0	30.0
26153	55.0	35.0	45.0
26189	25.0	25.0	50.0
26225	15.0	35.0	25.0
26261	25.0	35.0	35.0
26297	15.0	45.0	40.0
26333	5.0	50.0	40.0
26369	10.0	55.0	40.0
26405	10.0	40.0	45.0
26441	25.0	30.0	40.0
26477	10.0	30.0	40.0
26513	15.0	30.0	50.0
26549	30.0	30.0	65.0
26585	30.0	30.0	55.0
26621	25.0	20.0	45.0
26657	25.0	25.0	45.0
26693	35.0	25.0	45.0
26729	35.0	35.0	40.0
26765	35.0	30.0	50.0
26801	45.0	35.0	55.0
26837	40.0	30.0	35.0
26873	25.0	25.0	50.0
26909	25.0	25.0	50.0
26945	25.0	40.0	35.0
26981	30.0	35.0	40.0
27017	35.0	25.0	55.0
27053	30.0	20.0	50.0
27089	30.0	25.0	45.0
27125	45.0	30.0	30.0
27161	30.0	35.0	35.0
27197	30.0	15.0	30.0
27233	35.0	20.0	45.0
27269	40.0	30.0	40.0
27305	35.0	40.0	20.0
27341	35.0	35.0	20.0
27377	55.0	35.0	15.0
27413	60.0	20.0	25.0
27449	35.0	25.0	30.0
27485	35.0	25.0	25.0
27521	35.0	35.0	25.0
27557	30.0	25.0	30.0
27593	45.0	20.0	25.0
27629	40.0	25.0	20.0
27665	45.0	25.0	15.0
27701	40.0	40.0	10.0
27737	60.0	40.0	0.0
27773	35.0	25.0	5.0
27809	20.0	40.0	10.0
27845	45.0	55.0	20.0
27881	40.0	45.0	20.0
27917	30.0	35.0	15.0
27953	40.0	55.0	0.0
27989	50.0	45.0	0.0
28025	55.0	40.0	20.0
28061	65.0	35.0	20.0
28097	40.0	35.0	25.0
28133	20.0	35.0	15.0
28169	25.0	40.0	15.0
28205	45.0	35.0	5.0
28241	40.0	20.0	10.0
28277	25.0	25.0	15.0
28313	40.0	30.0	20.0
28349	45.0	30.0	15.0
28385	40.0	35.0	30.0
28421	30.0	40.0	15.0
28457	35.0	45.0	10.0
28493	30.0	45.0	10.0
28529	45.0	35.0	10.0
28565	35.0	40.0	15.0
28601	40.0	45.0	30.0
28637	40.0	60.0	25.0
28673	35.0	55.0	30.0
28709	50.0	30.0	25.0
28745	45.0	45.0	15.0
28781	40.0	50.0	15.0
28817	40.0	45.0	10.0
28853	50.0	35.0	20.0
28889	55.0	20.0	20.0
28925	45.0	25.0	20.0
28961	25.0	40.0	10.0
28997	30.0	60.0	5.0
29033	30.0	55.0	20.0
29069	30.0	45.0	30.0
29105	30.0	55.0	10.0
29141	50.0	40.0	20.0
29177	55.0	40.0	20.0
29213	40.0	45.0	30.0
29249	45.0	50.0	20.0
29285	35.0	30.0	15.0
29321	50.0	40.0	20.0
29357	55.0	50.0	20.0
29393	50.0	60.0	25.0
29429	35.0	40.0	5.0
29465	35.0	30.0	10.0
29501	30.0	25.0	25.0
29537	30.0	35.0	30.0
29573	30.0	40.0	25.0
29609	45.0	40.0	15.0
29645	50.0	45.0	20.0
29681	40.0	35.0	10.0
29717	40.0	30.0	0.0
29753	40.0	35.0	15.0
29789	45.0	60.0	20.0
29825	50.0	50.0	20.0
29861	30.0	30.0	30.0
29897	45.0	35.0	15.0
29933	45.0	40.0	25.0
29969	30.0	40.0	20.0
30005	40.0	30.0	15.0
30041	40.0	40.0	5.0
30077	35.0	30.0	10.0
30113	40.0	25.0	5.0
30149	45.0	30.0	20.0
30185	40.0	30.0	10.0
30221	25.0	25.0	15.0
30257	15.0	35.0	10.0
30293	30.0	35.0	10.0
30329	30.0	45.0	15.0
30365	45.0	40.0	25.0
30401	40.0	25.0	25.0
30437	15.0	35.0	30.0
30473	35.0	40.0	25.0
30509	35.0	45.0	20.0
30545	20.0	50.0	25.0
30581	40.0	50.0	15.0
30617	40.0	30.0	15.0
30653	35.0	30.0	25.0
30689	45.0	35.0	35.0
30725	45.0	25.0	40.0
30761	20.0	15.0	45.0
30797	35.0	20.0	40.0
30833	35.0	35.0	40.0
30869	45.0	35.0	30.0
30905	45.0	35.0	40.0
30941	40.0	30.0	30.0
30977	45.0	30.0	20.0
31013	50.0	35.0	25.0
31049	40.0	40.0	25.0
31085	40.0	35.0	20.0
31121	60.0	45.0	5.0
31157	40.0	45.0	30.0
31193	25.0	50.0	30.0
31229	20.0	45.0	45.0
31265	30.0	35.0	30.0
31301	50.0	20.0	20.0
31337	25.0	25.0	20.0
31373	20.0	20.0	20.0
31409	15.0	30.0	20.0
31445	15.0	40.0	25.0
31481	40.0	25.0	20.0
31517	30.0	20.0	45.0
31553	40.0	20.0	55.0
31589	35.0	15.0	45.0
31625	30.0	30.0	50.0
31661	15.0	25.0	40.0
31697	20.0	25.0	45.0
31733	40.0	10.0	40.0
31769	20.0	10.0	30.0
31805	20.0	15.0	50.0
31841	30.0	20.0	45.0
31877	30.0	15.0	50.0
31913	40.0	10.0	40.0
31949	40.0	15.0	30.0
31985	30.0	20.0	20.0
32021	35.0	10.0	15.0
32057	35.0	25.0	35.0
32093	45.0	60.0	45.0
32129	45.0	50.0	45.0
32165	25.0	45.0	55.0
32201	0.0	55.0	65.0
32237	10.0	60.0	50.0
32273	25.0	55.0	45.0
32309	30.0	40.0	45.0
32345	40.0	30.0	40.0
32381	20.0	30.0	55.0
32417	5.0	65.0	75.0
32453	5.0	85.0	70.0
32489	10.0	75.0	60.0
32525	20.0	40.0	55.0
32561	25.0	45.0	35.0
32597	20.0	45.0	45.0
32633	30.0	35.0	35.0
32669	15.0	50.0	50.0
32705	20.0	45.0	30.0
32741	25.0	30.0	35.0
32777	20.0	40.0	40.0
32813	20.0	50.0	45.0
32849	30.0	40.0	45.0
32885	20.0	55.0	55.0
32921	15.0	55.0	65.0
32957	10.0	60.0	50.0
32993	15.0	50.0	45.0
33029	15.0	55.0	40.0
33065	20.0	50.0	40.0
33101	20.0	55.0	30.0
33137	15.0	75.0	40.0
33173	30.0	40.0	30.0
33209	30.0	40.0	40.0
33245	20.0	30.0	60.0
33281	30.0	25.0	65.0
33317	30.0	45.0	55.0
33353	20.0	50.0	45.0
33389	5.0	65.0	35.0
33425	15.0	70.0	35.0
33461	15.0	75.0	25.0
33497	15.0	50.0	20.0
33533	35.0	40.0	35.0
33569	10.0	50.0	60.0
33605	10.0	60.0	50.0
33641	10.0	55.0	55.0
33677	15.0	65.0	45.0
33713	20.0	55.0	50.0
33749	20.0	60.0	45.0
33785	25.0	70.0	35.0
33821	5.0	60.0	50.0
33857	15.0	40.0	60.0
33893	5.0	35.0	60.0
33929	10.0	45.0	45.0
33965	10.0	70.0	55.0
34001	25.0	50.0	50.0
34037	45.0	40.0	35.0
34073	40.0	40.0	60.0
34109	30.0	55.0	50.0
34145	20.0	55.0	40.0
34181	20.0	50.0	30.0
34217	25.0	35.0	35.0
34253	20.0	35.0	45.0
34289	15.0	40.0	55.0
34325	15.0	50.0	60.0
34361	15.0	45.0	50.0
34397	25.0	40.0	50.0
34433	20.0	55.0	40.0
34469	25.0	40.0	35.0
34505	25.0	40.0	45.0
34541	25.0	30.0	40.0
34577	50.0	25.0	35.0
34613	40.0	25.0	55.0
34649	25.0	20.0	60.0
34685	35.0	30.0	50.0
34721	40.0	35.0	60.0
34757	30.0	35.0	50.0
34793	45.0	15.0	55.0
34829	50.0	20.0	40.0
34865	30.0	30.0	35.0
34901	25.0	20.0	55.0
34937	30.0	15.0	65.0
34973	45.0	10.0	50.0
35009	50.0	15.0	55.0
35045	50.0	20.0	55.0
35081	50.0	30.0	45.0
35117	40.0	35.0	30.0
35153	25.0	40.0	50.0
35189	35.0	25.0	70.0
35225	50.0	15.0	65.0
35261	40.0	40.0	40.0
35297	35.0	35.0	50.0
35333	40.0	20.0	55.0
35369	30.0	25.0	50.0
35405	40.0	25.0	45.0
35441	45.0	20.0	55.0
35477	25.0	35.0	50.0
35513	20.0	20.0	55.0
35549	45.0	10.0	65.0
35585	45.0	10.0	55.0
35621	35.0	20.0	50.0
35657	15.0	35.0	45.0
35693	10.0	45.0	45.0
35729	30.0	35.0	50.0
35765	40.0	20.0	30.0
35801	35.0	25.0	40.0
35837	50.0	15.0	60.0
35873	30.0	25.0	45.0
35909	30.0	35.0	30.0
35945	35.0	25.0	50.0
35981	40.0	20.0	50.0
36017	40.0	10.0	55.0
36053	25.0	20.0	45.0
36089	15.0	30.0	55.0
36125	25.0	40.0	25.0
36161	35.0	25.0	30.0
36197	20.0	30.0	40.0
36233	40.0	20.0	55.0
36269	40.0	25.0	60.0
36305	15.0	25.0	60.0
36341	30.0	25.0	50.0
36377	45.0	25.0	70.0
36413	35.0	25.0	50.0
36449	45.0	50.0	35.0
36485	60.0	30.0	65.0
36521	60.0	15.0	65.0
36557	60.0	10.0	55.0
36593	65.0	25.0	40.0
36629	40.0	40.0	45.0
36665	35.0	25.0	55.0
36701	30.0	45.0	40.0
36737	25.0	40.0	35.0
36773	50.0	30.0	55.0
36809	55.0	20.0	45.0
36845	50.0	10.0	65.0
36881	60.0	15.0	60.0
36917	40.0	20.0	65.0
36953	30.0	40.0	60.0
36989	45.0	40.0	55.0
37025	50.0	15.0	55.0
37061	25.0	20.0	55.0
37097	25.0	20.0	85.0
37133	35.0	25.0	75.0
37169	35.0	25.0	50.0
37205	40.0	25.0	65.0
37241	40.0	25.0	65.0
37277	35.0	35.0	50.0
37313	35.0	25.0	50.0
37349	40.0	25.0	50.0
37385	45.0	30.0	45.0
37421	50.0	20.0	50.0
37457	55.0	10.0	50.0
37493	50.0	10.0	55.0
37529	45.0	10.0	85.0
37565	35.0	10.0	60.0
37601	40.0	25.0	55.0
37637	45.0	25.0	60.0
37673	50.0	20.0	60.0
37709	50.0	20.0	65.0
37745	60.0	20.0	50.0
37781	45.0	25.0	60.0
37817	25.0	20.0	65.0
37853	30.0	5.0	60.0
37889	30.0	30.0	45.0
37925	30.0	40.0	50.0
37961	20.0	30.0	55.0
37997	10.0	35.0	45.0
38033	20.0	30.0	40.0
38069	20.0	15.0	60.0
38105	30.0	5.0	55.0
38141	40.0	15.0	50.0
38177	20.0	20.0	60.0
38213	25.0	30.0	50.0
38249	15.0	40.0	45.0
38285	20.0	30.0	45.0
38321	20.0	35.0	30.0
38357	20.0	35.0	60.0
38393	35.0	25.0	60.0
38429	25.0	35.0	25.0
38465	30.0	15.0	40.0
38501	30.0	10.0	50.0
38537	25.0	30.0	40.0
38573	15.0	30.0	60.0
38609	20.0	20.0	50.0
38645	25.0	15.0	55.0
38681	25.0	20.0	55.0
38717	30.0	25.0	50.0
38753	40.0	25.0	45.0
38789	30.0	15.0	50.0
38825	25.0	20.0	55.0
38861	15.0	30.0	45.0
38897	40.0	25.0	50.0
38933	45.0	15.0	65.0
38969	25.0	15.0	65.0
39005	25.0	30.0	45.0
39041	15.0	30.0	45.0
39077	30.0	20.0	55.0
39113	35.0	20.0	50.0
39149	35.0	30.0	45.0
39185	50.0	15.0	40.0
39221	70.0	5.0	45.0
39257	60.0	0.0	70.0
39293	35.0	15.0	60.0
39329	40.0	20.0	55.0
39365	40.0	30.0	45.0
39401	45.0	25.0	35.0
39437	30.0	25.0	55.0
39473	15.0	40.0	50.0
39509	20.0	30.0	35.0
39545	35.0	15.0	55.0
39581	25.0	35.0	55.0
39617	20.0	20.0	40.0
39653	25.0	10.0	50.0
39689	30.0	0.0	70.0
39725	20.0	30.0	45.0
39761	45.0	25.0	40.0
39797	45.0	20.0	45.0
39833	45.0	15.0	45.0
39869	45.0	20.0	30.0
39905	40.0	35.0	30.0
39941	25.0	50.0	35.0
39977	50.0	15.0	50.0
40013	40.0	30.0	50.0
40049	30.0	35.0	35.0
40085	35.0	25.0	25.0
40121	30.0	10.0	55.0
40157	25.0	5.0	55.0
40193	25.0	20.0	45.0
40229	35.0	35.0	35.0
40265	30.0	25.0	55.0
40301	50.0	20.0	50.0
40337	40.0	20.0	60.0
40373	40.0	10.0	65.0
40409	35.0	25.0	45.0
40445	15.0	30.0	40.0
40481	30.0	45.0	40.0
40517	35.0	30.0	30.0
40553	30.0	20.0	35.0
40589	35.0	15.0	55.0
40625	45.0	20.0	65.0
40661	65.0	15.0	55.0
40697	50.0	10.0	40.0
40733	45.0	20.0	40.0
40769	40.0	35.0	45.0
40805	30.0	40.0	50.0
40841	45.0	45.0	55.0
40877	40.0	30.0	50.0
40913	45.0	15.0	50.0
40949	25.0	25.0	35.0
40985	25.0	30.0	60.0
41021	30.0	30.0	50.0
41057	15.0	30.0	60.0
41093	35.0	20.0	45.0
41129	40.0	20.0	50.0
41165	25.0	20.0	45.0
41201	20.0	25.0	40.0
41237	35.0	25.0	50.0
41273	35.0	30.0	40.0
41309	40.0	15.0	45.0
41345	45.0	25.0	40.0
41381	40.0	45.0	25.0
41417	40.0	35.0	45.0
41453	40.0	30.0	40.0
41489	30.0	20.0	35.0
41525	20.0	30.0	50.0
41561	30.0	35.0	55.0
41597	30.0	35.0	25.0
41633	35.0	30.0	25.0
41669	30.0	35.0	30.0
41705	30.0	45.0	30.0
41741	35.0	30.0	30.0
41777	30.0	25.0	40.0
41813	25.0	35.0	45.0
41849	30.0	25.0	50.0
41885	45.0	20.0	50.0
41921	45.0	25.0	25.0
41957	35.0	25.0	35.0
41993	30.0	35.0	40.0
42029	40.0	25.0	45.0
42065	35.0	25.0	50.0
42101	35.0	15.0	50.0
42137	40.0	10.0	60.0
42173	35.0	10.0	45.0
42209	35.0	30.0	40.0
42245	30.0	40.0	50.0
42281	35.0	20.0	55.0
42317	40.0	20.0	40.0
42353	40.0	25.0	50.0
42389	45.0	10.0	60.0
42425	10.0	15.0	70.0
42461	25.0	10.0	55.0
42497	30.0	20.0	40.0
42533	35.0	25.0	50.0
42569	45.0	25.0	55.0
42605	55.0	15.0	45.0
42641	45.0	5.0	50.0
42677	40.0	20.0	60.0
42713	30.0	25.0	55.0
42749	30.0	15.0	55.0
42785	35.0	30.0	55.0
42821	35.0	35.0	30.0
42857	30.0	45.0	20.0
42893	45.0	30.0	30.0
42929	35.0	25.0	25.0
42965	30.0	35.0	45.0
43001	30.0	45.0	45.0
43037	45.0	35.0	40.0
43073	35.0	35.0	45.0
43109	45.0	35.0	40.0
43145	40.0	15.0	20.0
43181	35.0	30.0	25.0
43217	50.0	35.0	15.0
43253	40.0	20.0	30.0
43289	50.0	15.0	40.0
43325	45.0	15.0	35.0
43361	45.0	20.0	35.0
43397	35.0	30.0	20.0
43433	45.0	15.0	45.0
43469	55.0	20.0	55.0
43505	45.0	20.0	45.0
43541	35.0	40.0	35.0
43577	55.0	20.0	55.0
43613	65.0	20.0	45.0
43649	45.0	30.0	45.0
43685	45.0	35.0	35.0
43721	45.0	30.0	35.0
43757	40.0	20.0	45.0
43793	35.0	30.0	40.0
43829	20.0	50.0	50.0
43865	40.0	25.0	45.0
43901	45.0	15.0	45.0
43937	30.0	15.0	40.0
43973	50.0	25.0	35.0
44009	40.0	35.0	30.0
44045	50.0	35.0	30.0
44081	50.0	25.0	40.0
44117	45.0	35.0	40.0
44153	35.0	30.0	45.0
44189	20.0	45.0	45.0
44225	40.0	50.0	25.0
44261	50.0	30.0	15.0
44297	45.0	30.0	40.0
44333	50.0	20.0	45.0
44369	30.0	35.0	35.0
44405	30.0	40.0	40.0
44441	40.0	30.0	35.0
44477	25.0	40.0	30.0
44513	35.0	30.0	30.0
44549	45.0	30.0	35.0
44585	40.0	45.0	25.0
44621	35.0	35.0	40.0
44657	55.0	25.0	35.0
44693	60.0	30.0	40.0
44729	60.0	30.0	20.0
44765	55.0	30.0	25.0
44801	45.0	15.0	55.0
44837	35.0	35.0	35.0
44873	45.0	40.0	20.0
44909	55.0	30.0	40.0
44945	40.0	35.0	30.0
44981	50.0	40.0	45.0
45017	40.0	30.0	35.0
45053	50.0	20.0	30.0
45089	50.0	15.0	25.0
45125	35.0	40.0	35.0
45161	35.0	30.0	35.0
45197	45.0	40.0	35.0
45233	45.0	40.0	30.0
45269	50.0	35.0	30.0
45305	35.0	40.0	30.0
45341	40.0	30.0	35.0
45377	40.0	30.0	40.0
45413	60.0	30.0	35.0
45449	50.0	35.0	30.0
45485	40.0	55.0	25.0
45521	45.0	40.0	30.0
45557	50.0	30.0	35.0
45593	55.0	20.0	25.0
45629	60.0	25.0	30.0
45665	55.0	35.0	20.0
45701	45.0	35.0	25.0
45737	60.0	20.0	35.0
45773	50.0	30.0	40.0
45809	50.0	40.0	45.0
45845	35.0	50.0	40.0
45881	45.0	40.0	50.0
45917	45.0	30.0	45.0
45953	50.0	25.0	25.0
45989	50.0	35.0	20.0
46025	45.0	35.0	30.0
46061	30.0	40.0	30.0
46097	25.0	45.0	10.0
46133	30.0	35.0	35.0
46169	40.0	25.0	45.0
46205	60.0	40.0	35.0
46241	55.0	35.0	35.0
46277	50.0	30.0	35.0
46313	35.0	25.0	30.0
46349	40.0	40.0	40.0
46385	55.0	25.0	40.0
46421	50.0	20.0	45.0
46457	45.0	30.0	25.0
46493	40.0	30.0	25.0
46529	55.0	25.0	30.0
46565	60.0	15.0	40.0
46601	50.0	10.0	50.0
46637	55.0	20.0	50.0
46673	65.0	20.0	50.0
46709	55.0	30.0	45.0
46745	25.0	30.0	35.0
46781	30.0	35.0	25.0
46817	30.0	35.0	35.0
46853	50.0	35.0	30.0
46889	50.0	30.0	30.0
46925	35.0	35.0	10.0
46961	40.0	35.0	25.0
46997	55.0	40.0	10.0
47033	30.0	40.0	25.0
47069	45.0	35.0	35.0
47105	35.0	30.0	40.0
47141	25.0	35.0	45.0
47177	45.0	50.0	50.0
47213	45.0	45.0	30.0
47249	30.0	25.0	35.0
47285	20.0	35.0	30.0
47321	20.0	35.0	35.0
47357	10.0	40.0	55.0
47393	30.0	40.0	70.0
47429	30.0	35.0	45.0
47465	35.0	20.0	50.0
47501	15.0	25.0	45.0
47537	35.0	25.0	30.0
47573	35.0	20.0	40.0
47609	40.0	25.0	45.0
47645	25.0	35.0	65.0
47681	10.0	45.0	40.0
47717	25.0	45.0	35.0
47753	40.0	45.0	40.0
47789	30.0	30.0	30.0
47825	20.0	35.0	45.0
47861	20.0	45.0	55.0
47897	45.0	10.0	50.0
47933	55.0	20.0	45.0
47969	40.0	40.0	50.0
48005	20.0	55.0	50.0
48041	25.0	45.0	25.0
48077	25.0	40.0	40.0
48113	25.0	45.0	45.0
48149	30.0	40.0	40.0
48185	20.0	25.0	45.0
48221	25.0	30.0	40.0
48257	20.0	25.0	45.0
48293	40.0	35.0	20.0
48329	40.0	45.0	45.0
48365	40.0	35.0	40.0
48401	50.0	25.0	15.0
48437	45.0	30.0	20.0
48473	35.0	45.0	45.0
48509	30.0	35.0	40.0
48545	40.0	30.0	40.0
48581	35.0	35.0	40.0
48617	40.0	35.0	35.0
48653	30.0	40.0	45.0
48689	20.0	30.0	55.0
48725	40.0	20.0	50.0
48761	15.0	65.0	60.0
48797	20.0	60.0	65.0
48833	30.0	45.0	50.0
48869	45.0	30.0	40.0
48905	50.0	30.0	50.0
48941	50.0	15.0	55.0
48977	35.0	20.0	45.0
49013	50.0	20.0	40.0
49049	50.0	25.0	40.0
49085	35.0	40.0	35.0
49121	25.0	30.0	35.0
49157	30.0	35.0	40.0
49193	35.0	45.0	40.0
49229	35.0	30.0	60.0
49265	35.0	35.0	45.0
49301	45.0	35.0	40.0
49337	25.0	40.0	50.0
49373	25.0	35.0	55.0
49409	30.0	40.0	50.0
49445	25.0	40.0	60.0
49481	40.0	25.0	60.0
49517	55.0	15.0	40.0
49553	35.0	25.0	40.0
49589	25.0	35.0	50.0
49625	40.0	35.0	35.0
49661	45.0	45.0	45.0
49697	45.0	35.0	40.0
49733	35.0	30.0	50.0
49769	40.0	25.0	45.0
49805	35.0	25.0	40.0
49841	30.0	30.0	35.0
49877	35.0	40.0	50.0
49913	35.0	40.0	45.0
49949	25.0	30.0	55.0
49985	20.0	30.0	45.0
50021	45.0	25.0	25.0
50057	40.0	30.0	40.0
50093	30.0	50.0	55.0
50129	25.0	40.0	45.0
50165	30.0	40.0	40.0
50201	35.0	20.0	40.0
50237	35.0	25.0	45.0
50273	30.0	25.0	40.0
50309	30.0	15.0	45.0
50345	20.0	25.0	60.0
50381	30.0	40.0	50.0
50417	35.0	35.0	20.0
50453	25.0	30.0	45.0
50489	25.0	35.0	40.0
50525	25.0	40.0	40.0
50561	45.0	25.0	55.0
50597	40.0	20.0	55.0
50633	35.0	25.0	40.0
50669	35.0	25.0	40.0
50705	25.0	35.0	50.0
50741	20.0	35.0	55.0
50777	15.0	35.0	70.0
50813	25.0	25.0	60.0
50849	35.0	30.0	55.0
50885	40.0	25.0	40.0
50921	25.0	35.0	40.0
50957	30.0	25.0	55.0
50993	30.0	30.0	55.0
51029	25.0	35.0	60.0
51065	50.0	25.0	55.0
51101	25.0	35.0	60.0
51137	50.0	30.0	35.0
51173	50.0	30.0	35.0
51209	50.0	30.0	45.0
51245	30.0	45.0	40.0
51281	30.0	45.0	50.0
51317	45.0	25.0	45.0
51353	40.0	25.0	45.0
51389	20.0	30.0	60.0
51425	30.0	30.0	50.0
51461	35.0	45.0	35.0
51497	45.0	30.0	55.0
51533	45.0	25.0	35.0
51569	30.0	45.0	35.0
51605	35.0	45.0	20.0
51641	30.0	25.0	35.0
51677	35.0	35.0	40.0
51713	35.0	40.0	35.0
51749	20.0	40.0	40.0
51785	35.0	30.0	35.0
51821	40.0	50.0	35.0
51857	20.0	55.0	35.0
51893	20.0	40.0	55.0
51929	30.0	35.0	50.0
51965	20.0	40.0	60.0
52001	25.0	40.0	55.0
52037	45.0	35.0	50.0
52073	40.0	30.0	50.0
52109	25.0	35.0	50.0
52145	20.0	35.0	40.0
52181	20.0	30.0	40.0
52217	15.0	25.0	55.0
52253	25.0	15.0	65.0
52289	30.0	10.0	55.0
52325	35.0	25.0	35.0
52361	25.0	40.0	40.0
52397	10.0	45.0	45.0
52433	25.0	35.0	50.0
52469	40.0	25.0	45.0
52505	45.0	20.0	50.0
52541	40.0	25.0	55.0
52577	40.0	30.0	45.0
52613	25.0	30.0	45.0
52649	25.0	20.0	45.0
52685	35.0	20.0	45.0
52721	35.0	35.0	40.0
52757	25.0	35.0	55.0
52793	20.0	40.0	45.0
52829	25.0	40.0	45.0
52865	20.0	40.0	55.0
52901	35.0	20.0	45.0
52937	20.0	35.0	55.0
52973	15.0	35.0	55.0
53009	25.0	20.0	40.0
53045	45.0	15.0	45.0
53081	30.0	25.0	50.0
53117	40.0	35.0	45.0
53153	30.0	20.0	50.0
53189	30.0	20.0	50.0
53225	35.0	25.0	55.0
53261	35.0	30.0	45.0
53297	50.0	30.0	40.0
53333	65.0	20.0	30.0
53369	45.0	15.0	55.0
53405	50.0	35.0	50.0
53441	40.0	35.0	45.0
53477	30.0	30.0	55.0
53513	15.0	25.0	65.0
53549	30.0	25.0	55.0
53585	35.0	25.0	55.0
53621	30.0	40.0	45.0
53657	45.0	30.0	50.0
53693	25.0	35.0	70.0
53729	20.0	40.0	55.0
53765	30.0	40.0	45.0
53801	35.0	40.0	55.0
53837	25.0	25.0	40.0
53873	25.0	30.0	40.0
53909	35.0	30.0	35.0
53945	40.0	25.0	35.0
53981	35.0	25.0	30.0
54017	35.0	40.0	30.0
54053	40.0	15.0	45.0
54089	15.0	25.0	75.0
54125	15.0	35.0	65.0
54161	25.0	30.0	50.0
54197	35.0	50.0	35.0
54233	25.0	40.0	50.0
54269	20.0	50.0	60.0
54305	20.0	35.0	50.0
54341	25.0	40.0	50.0
54377	40.0	35.0	40.0
54413	40.0	20.0	55.0
54449	20.0	40.0	50.0
54485	25.0	45.0	20.0
54521	30.0	25.0	5.0
54557	20.0	20.0	30.0
54593	15.0	35.0	35.0
54629	25.0	40.0	45.0
54665	25.0	25.0	50.0
54701	30.0	25.0	35.0
54737	15.0	25.0	35.0
54773	30.0	30.0	40.0
54809	40.0	20.0	45.0
54845	35.0	15.0	55.0
54881	35.0	30.0	50.0
54917	35.0	35.0	55.0
54953	40.0	35.0	60.0
54989	55.0	20.0	45.0
55025	45.0	40.0	40.0
55061	25.0	35.0	45.0
55097	30.0	15.0	55.0
55133	25.0	35.0	55.0
55169	20.0	40.0	35.0
55205	30.0	20.0	40.0
55241	25.0	20.0	45.0
55277	20.0	35.0	10.0
55313	20.0	50.0	5.0
55349	25.0	50.0	20.0
55385	65.0	40.0	15.0
55421	55.0	45.0	15.0
55457	45.0	40.0	25.0
55493	35.0	35.0	40.0
55529	35.0	35.0	35.0
55565	40.0	45.0	25.0
55601	40.0	50.0	40.0
55637	45.0	60.0	20.0
55673	45.0	40.0	45.0
55709	30.0	50.0	40.0
55745	30.0	50.0	35.0
55781	10.0	35.0	35.0
55817	30.0	50.0	25.0
55853	40.0	50.0	20.0
55889	30.0	45.0	35.0
55925	35.0	45.0	40.0
55961	40.0	40.0	30.0
55997	35.0	65.0	30.0
56033	25.0	45.0	20.0
56069	40.0	35.0	15.0
56105	55.0	45.0	15.0
56141	55.0	35.0	10.0
56177	55.0	25.0	30.0
56213	40.0	25.0	35.0
56249	45.0	30.0	40.0
56285	40.0	20.0	30.0
56321	45.0	20.0	15.0
56357	45.0	30.0	20.0
56393	70.0	25.0	40.0
56429	60.0	30.0	35.0
56465	40.0	40.0	35.0
56501	55.0	20.0	50.0
56537	40.0	15.0	50.0
56573	30.0	40.0	25.0
56609	40.0	35.0	30.0
56645	40.0	25.0	25.0
56681	45.0	25.0	30.0
56717	25.0	25.0	35.0
56753	30.0	25.0	40.0
56789	50.0	35.0	15.0
56825	50.0	40.0	30.0
56861	45.0	60.0	40.0
56897	30.0	35.0	25.0
56933	35.0	30.0	20.0
56969	40.0	30.0	30.0
57005	25.0	30.0	25.0
57041	30.0	40.0	25.0
57077	40.0	45.0	40.0
57113	30.0	25.0	55.0
57149	30.0	30.0	45.0
57185	40.0	25.0	40.0
57221	50.0	35.0	40.0
57257	45.0	25.0	25.0
57293	35.0	10.0	25.0
57329	55.0	5.0	40.0
57365	50.0	15.0	30.0
57401	25.0	20.0	35.0
57437	35.0	15.0	45.0
57473	40.0	25.0	45.0
57509	45.0	30.0	40.0
57545	40.0	15.0	50.0
57581	55.0	15.0	35.0
57617	55.0	30.0	25.0
57653	20.0	35.0	15.0
57689	10.0	40.0	20.0
57725	30.0	35.0	35.0
57761	30.0	35.0	20.0
57797	30.0	35.0	25.0
57833	30.0	55.0	30.0
57869	35.0	55.0	20.0
57905	35.0	45.0	10.0
57941	20.0	15.0	30.0
57977	30.0	10.0	50.0
58013	30.0	25.0	60.0
58049	15.0	25.0	65.0
58085	25.0	20.0	50.0
58121	25.0	45.0	65.0
58157	30.0	50.0	55.0
58193	30.0	10.0	25.0
58229	15.0	20.0	35.0
58265	20.0	30.0	45.0
58301	30.0	25.0	50.0
58337	30.0	30.0	55.0
58373	40.0	25.0	50.0
58409	45.0	45.0	40.0
58445	35.0	45.0	50.0
58481	20.0	60.0	45.0
58517	25.0	50.0	25.0
58553	30.0	35.0	35.0
58589	15.0	55.0	45.0
58625	35.0	55.0	20.0
58661	55.0	40.0	20.0
58697	40.0	40.0	30.0
58733	35.0	45.0	15.0
58769	40.0	40.0	25.0
58805	35.0	45.0	30.0
58841	45.0	20.0	35.0
58877	50.0	20.0	35.0
58913	35.0	15.0	25.0
58949	50.0	20.0	40.0
58985	50.0	20.0	35.0
59021	25.0	25.0	35.0
59057	45.0	35.0	30.0
59093	55.0	20.0	45.0
59129	65.0	35.0	40.0
59165	70.0	30.0	45.0
59201	60.0	20.0	45.0
59237	55.0	20.0	30.0
59273	35.0	45.0	30.0
59309	15.0	60.0	35.0
59345	15.0	45.0	45.0
59381	15.0	35.0	35.0
59417	20.0	40.0	25.0
59453	40.0	50.0	25.0
59489	30.0	35.0	35.0
59525	45.0	25.0	30.0
59561	40.0	45.0	20.0
59597	50.0	40.0	15.0
59633	50.0	35.0	10.0
59669	15.0	20.0	40.0
59705	35.0	40.0	35.0
59741	45.0	40.0	25.0
59777	50.0	35.0	25.0
59813	40.0	45.0	30.0
59849	35.0	45.0	40.0
59885	20.0	35.0	45.0
59921	20.0	55.0	45.0
59957	15.0	50.0	40.0
59993	35.0	15.0	30.0
60029	55.0	15.0	25.0
60065	60.0	20.0	35.0
60101	50.0	20.0	50.0
60137	40.0	15.0	50.0
60173	50.0	30.0	20.0
60209	50.0	45.0	40.0
60245	60.0	15.0	40.0
60281	50.0	35.0	25.0
60317	40.0	40.0	25.0
60353	70.0	35.0	40.0
60389	65.0	10.0	45.0
60425	25.0	30.0	25.0
60461	15.0	40.0	35.0
60497	30.0	40.0	50.0
60533	40.0	15.0	45.0
60569	30.0	5.0	50.0
60605	20.0	10.0	40.0
60641	25.0	15.0	35.0
60677	25.0	25.0	35.0
60713	35.0	20.0	35.0
60749	45.0	25.0	45.0
60785	50.0	30.0	45.0
60821	35.0	45.0	50.0
60857	15.0	55.0	35.0
60893	25.0	40.0	25.0
60929	35.0	40.0	25.0
60965	45.0	30.0	30.0
61001	45.0	35.0	25.0
61037	55.0	40.0	35.0
61073	45.0	45.0	35.0
61109	35.0	50.0	25.0
61145	40.0	30.0	30.0
61181	40.0	15.0	30.0
61217	55.0	20.0	20.0
61253	30.0	30.0	30.0
61289	30.0	30.0	30.0
61325	50.0	15.0	40.0
61361	35.0	15.0	30.0
61397	35.0	25.0	35.0
61433	30.0	45.0	30.0
61469	25.0	30.0	35.0
61505	45.0	35.0	40.0
61541	45.0	15.0	50.0
61577	30.0	20.0	60.0
61613	25.0	25.0	45.0
61649	65.0	20.0	40.0
61685	50.0	30.0	40.0
61721	55.0	35.0	25.0
61757	65.0	20.0	30.0
61793	55.0	20.0	15.0
61829	50.0	25.0	15.0
61865	50.0	25.0	45.0
61901	40.0	30.0	35.0
61937	45.0	25.0	25.0
61973	60.0	30.0	35.0
62009	50.0	40.0	40.0
62045	55.0	35.0	25.0
62081	45.0	25.0	20.0
62117	45.0	35.0	30.0
62153	40.0	55.0	30.0
62189	50.0	30.0	20.0
62225	40.0	25.0	25.0
62261	35.0	40.0	25.0
62297	25.0	45.0	25.0
62333	30.0	40.0	45.0
62369	40.0	25.0	35.0
62405	45.0	30.0	25.0
62441	50.0	25.0	35.0
62477	60.0	25.0	40.0
62513	55.0	35.0	35.0
62549	50.0	35.0	40.0
62585	30.0	40.0	50.0
62621	45.0	40.0	55.0
62657	45.0	30.0	25.0
62693	45.0	25.0	50.0
62729	45.0	25.0	50.0
62765	45.0	30.0	30.0
62801	45.0	35.0	30.0
62837	45.0	25.0	30.0
62873	60.0	15.0	40.0
62909	55.0	20.0	35.0
62945	50.0	25.0	25.0
62981	30.0	40.0	35.0
63017	40.0	45.0	30.0
63053	50.0	45.0	35.0
63089	50.0	30.0	45.0
63125	60.0	20.0	50.0
63161	55.0	40.0	45.0
63197	60.0	35.0	35.0
63233	60.0	25.0	45.0
63269	50.0	30.0	20.0
63305	35.0	50.0	15.0
63341	40.0	30.0	30.0
63377	35.0	35.0	30.0
63413	50.0	50.0	25.0
63449	55.0	30.0	20.0
63485	65.0	20.0	40.0
63521	60.0	30.0	40.0
63557	65.0	20.0	50.0
63593	50.0	45.0	45.0
63629	50.0	40.0	15.0
63665	40.0	40.0	10.0
63701	30.0	40.0	20.0
63737	45.0	20.0	25.0
63773	55.0	40.0	20.0
63809	45.0	45.0	30.0
63845	50.0	50.0	30.0
63881	45.0	40.0	35.0
63917	50.0	20.0	20.0
63953	40.0	10.0	40.0
63989	25.0	30.0	65.0
64025	20.0	30.0	60.0
64061	20.0	25.0	70.0
64097	35.0	30.0	50.0
64133	50.0	40.0	15.0
64169	40.0	50.0	25.0
64205	35.0	40.0	55.0
64241	35.0	20.0	40.0
64277	25.0	35.0	20.0
64313	25.0	40.0	40.0
64349	30.0	40.0	35.0
64385	15.0	60.0	35.0
64421	20.0	50.0	35.0
64457	35.0	45.0	40.0
64493	45.0	55.0	25.0
64529	45.0	50.0	30.0
64565	45.0	45.0	35.0
64601	25.0	50.0	45.0
64637	30.0	45.0	40.0
64673	30.0	30.0	35.0
64709	35.0	50.0	25.0
64745	25.0	50.0	40.0
64781	25.0	20.0	40.0
64817	40.0	10.0	60.0
64853	60.0	20.0	50.0
64889	40.0	15.0	50.0
64925	55.0	15.0	55.0
64961	45.0	10.0	45.0
64997	55.0	15.0	30.0
65033	45.0	30.0	45.0
65069	35.0	25.0	70.0
65105	40.0	30.0	55.0
65141	50.0	40.0	20.0
65177	45.0	40.0	25.0
65213	40.0	20.0	50.0
65249	30.0	5.0	20.0
65285	40.0	30.0	15.0
65321	55.0	55.0	25.0
65357	45.0	50.0	35.0
65393	45.0	30.0	25.0
65429	35.0	25.0	35.0
65465	30.0	30.0	30.0
65501	35.0	40.0	15.0
65537	15.0	60.0	20.0
65573	25.0	30.0	30.0
65609	35.0	35.0	30.0
65645	45.0	40.0	25.0
65681	20.0	45.0	40.0
65717	20.0	50.0	15.0
65753	45.0	60.0	15.0
65789	45.0	55.0	25.0
65825	45.0	45.0	35.0
65861	30.0	45.0	40.0
65897	35.0	45.0	30.0
65933	35.0	45.0	25.0
65969	30.0	60.0	35.0
66005	50.0	50.0	30.0
66041	40.0	45.0	40.0
66077	30.0	25.0	35.0
66113	35.0	30.0	35.0
66149	20.0	55.0	20.0
66185	35.0	45.0	25.0
66221	40.0	35.0	40.0
66257	60.0	45.0	15.0
66293	70.0	30.0	20.0
66329	40.0	20.0	50.0
66365	35.0	35.0	45.0
66401	45.0	40.0	35.0
66437	45.0	45.0	20.0
66473	15.0	50.0	30.0
66509	15.0	50.0	35.0
66545	40.0	55.0	30.0
66581	60.0	60.0	5.0
66617	45.0	40.0	25.0
66653	20.0	45.0	30.0
66689	15.0	60.0	25.0
66725	20.0	50.0	40.0
66761	20.0	55.0	35.0
66797	35.0	30.0	35.0
66833	45.0	40.0	20.0
66869	45.0	55.0	25.0
66905	30.0	50.0	35.0
66941	45.0	50.0	35.0
66977	45.0	40.0	25.0
67013	20.0	45.0	10.0
67049	30.0	55.0	0.0
67085	40.0	55.0	15.0
67121	30.0	45.0	10.0
67157	30.0	45.0	10.0
67193	15.0	45.0	20.0
67229	35.0	40.0	35.0
67265	20.0	35.0	35.0
67301	45.0	45.0	20.0
67337	45.0	50.0	20.0
67373	55.0	40.0	15.0
67409	55.0	45.0	15.0
67445	50.0	55.0	15.0
67481	45.0	40.0	30.0
67517	40.0	35.0	30.0
67553	55.0	45.0	10.0
67589	50.0	40.0	30.0
67625	15.0	40.0	30.0
67661	35.0	40.0	25.0
67697	40.0	30.0	30.0
67733	45.0	50.0	20.0
67769	55.0	50.0	30.0
67805	45.0	45.0	25.0
67841	30.0	35.0	20.0
67877	35.0	25.0	15.0
67913	35.0	25.0	20.0
67949	30.0	30.0	30.0
67985	40.0	35.0	30.0
68021	40.0	35.0	45.0
68057	35.0	30.0	30.0
68093	45.0	45.0	20.0
68129	40.0	30.0	30.0
68165	55.0	40.0	30.0
68201	40.0	40.0	25.0
68237	45.0	30.0	10.0
68273	50.0	35.0	30.0
68309	40.0	45.0	30.0
68345	35.0	50.0	30.0
68381	35.0	40.0	30.0
68417	50.0	30.0	30.0
68453	45.0	30.0	35.0
68489	25.0	45.0	35.0
68525	40.0	25.0	55.0
68561	60.0	20.0	40.0
68597	35.0	30.0	40.0
68633	30.0	35.0	30.0
68669	60.0	20.0	40.0
68705	65.0	20.0	45.0
68741	60.0	15.0	40.0
68777	35.0	25.0	50.0
68813	35.0	35.0	45.0
68849	45.0	35.0	30.0
68885	15.0	50.0	35.0
68921	20.0	65.0	35.0
68957	20.0	50.0	45.0
68993	20.0	45.0	40.0
69029	30.0	35.0	40.0
69065	30.0	40.0	45.0
69101	35.0	40.0	30.0
69137	35.0	25.0	45.0
69173	20.0	10.0	45.0
69209	25.0	5.0	40.0
69245	30.0	15.0	35.0
69281	35.0	25.0	35.0
69317	30.0	15.0	45.0
69353	40.0	20.0	30.0
69389	25.0	30.0	30.0
69425	20.0	55.0	40.0
69461	25.0	45.0	45.0
69497	50.0	25.0	55.0
69533	55.0	20.0	30.0
69569	40.0	35.0	40.0
69605	35.0	35.0	20.0
69641	50.0	35.0	35.0
69677	30.0	50.0	25.0
69713	25.0	60.0	25.0
69749	35.0	45.0	25.0
69785	55.0	40.0	15.0
69821	55.0	25.0	35.0
69857	50.0	20.0	30.0
69893	55.0	35.0	25.0
69929	75.0	30.0	25.0
69965	65.0	30.0	25.0
70001	45.0	30.0	25.0
70037	40.0	25.0	40.0
70073	50.0	40.0	30.0
70109	30.0	30.0	15.0
70145	20.0	30.0	35.0
70181	20.0	30.0	45.0
70217	30.0	45.0	55.0
70253	35.0	30.0	45.0
70289	25.0	30.0	35.0
70325	30.0	35.0	55.0
70361	50.0	40.0	30.0
70397	45.0	45.0	25.0
70433	25.0	35.0	45.0
70469	35.0	35.0	40.0
70505	30.0	30.0	35.0
70541	30.0	35.0	40.0
70577	40.0	40.0	50.0
70613	30.0	30.0	70.0
70649	30.0	20.0	40.0
70685	15.0	35.0	40.0
70721	25.0	25.0	45.0
70757	25.0	25.0	50.0
70793	30.0	40.0	40.0
70829	15.0	55.0	35.0
70865	35.0	45.0	30.0
70901	50.0	45.0	20.0
70937	30.0	55.0	20.0
70973	35.0	35.0	25.0
71009	35.0	35.0	20.0
71045	25.0	45.0	35.0
71081	30.0	45.0	45.0
71117	30.0	40.0	40.0
71153	30.0	45.0	45.0
71189	10.0	50.0	30.0
71225	30.0	45.0	20.0
71261	35.0	30.0	30.0
71297	45.0	30.0	35.0
71333	50.0	40.0	15.0
71369	30.0	35.0	40.0
71405	25.0	30.0	55.0
71441	30.0	50.0	25.0
71477	25.0	45.0	15.0
71513	20.0	45.0	15.0
71549	30.0	50.0	30.0
71585	30.0	40.0	15.0
71621	30.0	25.0	30.0
71657	45.0	15.0	40.0
71693	45.0	30.0	25.0
71729	35.0	45.0	30.0
71765	40.0	35.0	40.0
71801	40.0	25.0	50.0
71837	50.0	20.0	35.0
71873	50.0	20.0	35.0
71909	50.0	30.0	30.0
71945	45.0	40.0	30.0
71981	40.0	30.0	35.0
72017	45.0	15.0	40.0
72053	45.0	30.0	25.0
72089	55.0	35.0	40.0
72125	60.0	20.0	35.0
72161	55.0	15.0	30.0
72197	55.0	10.0	50.0
72233	45.0	15.0	55.0
72269	20.0	30.0	65.0
72305	50.0	10.0	60.0
72341	70.0	15.0	45.0
72377	85.0	5.0	40.0
72413	70.0	20.0	30.0
72449	55.0	25.0	35.0
72485	50.0	20.0	40.0
72521	60.0	15.0	35.0
72557	70.0	25.0	25.0
72593	40.0	30.0	30.0
72629	40.0	10.0	55.0
72665	60.0	20.0	55.0
72701	65.0	10.0	50.0
72737	35.0	15.0	25.0
72773	25.0	25.0	20.0
72809	25.0	25.0	50.0
72845	25.0	30.0	65.0
72881	25.0	30.0	45.0
72917	20.0	20.0	45.0
72953	25.0	35.0	35.0
72989	30.0	45.0	35.0
73025	20.0	40.0	35.0
73061	20.0	35.0	45.0
73097	25.0	25.0	65.0
73133	40.0	25.0	70.0
73169	25.0	30.0	60.0
73205	25.0	35.0	50.0
73241	40.0	40.0	45.0
73277	45.0	45.0	45.0
73313	30.0	30.0	45.0
73349	45.0	20.0	35.0
73385	35.0	20.0	45.0
73421	25.0	10.0	50.0
73457	25.0	30.0	60.0
73493	25.0	45.0	45.0
73529	30.0	45.0	40.0
73565	30.0	40.0	45.0
73601	20.0	45.0	50.0
73637	20.0	55.0	40.0
73673	35.0	25.0	45.0
73709	30.0	30.0	55.0
73745	25.0	45.0	40.0
73781	35.0	45.0	35.0
73817	30.0	30.0	45.0
73853	45.0	35.0	45.0
73889	40.0	25.0	40.0
73925	45.0	15.0	55.0
73961	50.0	10.0	65.0
73997	30.0	15.0	45.0
74033	25.0	25.0	35.0
74069	50.0	35.0	35.0
74105	40.0	35.0	45.0
74141	35.0	30.0	45.0
74177	40.0	25.0	40.0
74213	40.0	30.0	35.0
74249	40.0	20.0	30.0
74285	20.0	20.0	25.0
74321	25.0	35.0	30.0
74357	30.0	40.0	40.0
74393	25.0	50.0	20.0
74429	45.0	40.0	30.0
74465	45.0	30.0	45.0
74501	55.0	35.0	35.0
74537	70.0	20.0	40.0
74573	60.0	30.0	30.0
74609	50.0	20.0	35.0
74645	40.0	0.0	70.0
74681	35.0	25.0	65.0
74717	40.0	30.0	35.0
74753	40.0	35.0	30.0
74789	35.0	45.0	40.0
74825	40.0	50.0	15.0
74861	35.0	20.0	20.0
74897	25.0	25.0	20.0
74933	25.0	35.0	25.0
74969	50.0	15.0	35.0
75005	60.0	25.0	35.0
75041	50.0	30.0	20.0
75077	40.0	35.0	55.0
75113	40.0	30.0	45.0
75149	60.0	35.0	25.0
75185	55.0	45.0	25.0
75221	50.0	25.0	15.0
75257	50.0	30.0	25.0
75293	35.0	45.0	50.0
75329	35.0	30.0	50.0
75365	45.0	35.0	30.0
75401	30.0	40.0	45.0
75437	50.0	20.0	55.0
75473	40.0	30.0	65.0
75509	35.0	40.0	70.0
75545	35.0	25.0	65.0
75581	35.0	25.0	65.0
75617	50.0	30.0	60.0
75653	40.0	30.0	30.0
75689	40.0	40.0	50.0
75725	50.0	45.0	40.0
75761	35.0	35.0	50.0
75797	45.0	30.0	45.0
75833	25.0	40.0	55.0
75869	20.0	35.0	55.0
75905	20.0	45.0	55.0
75941	25.0	45.0	50.0
75977	40.0	20.0	25.0
76013	15.0	20.0	25.0
76049	25.0	30.0	25.0
76085	50.0	30.0	30.0
76121	55.0	30.0	35.0
76157	50.0	30.0	45.0
76193	55.0	30.0	15.0
76229	40.0	30.0	25.0
76265	65.0	15.0	45.0
76301	55.0	20.0	50.0
76337	35.0	30.0	45.0
76373	35.0	25.0	40.0
76409	25.0	45.0	40.0
76445	35.0	35.0	20.0
76481	50.0	10.0	30.0
76517	40.0	20.0	30.0
76553	25.0	35.0	25.0
76589	35.0	55.0	35.0
76625	40.0	40.0	40.0
76661	30.0	45.0	35.0
76697	30.0	35.0	45.0
76733	35.0	40.0	40.0
76769	50.0	45.0	30.0
76805	40.0	30.0	45.0
76841	45.0	30.0	40.0
76877	45.0	25.0	45.0
76913	45.0	20.0	45.0
76949	45.0	30.0	25.0
76985	35.0	15.0	30.0
77021	15.0	15.0	50.0
77057	5.0	60.0	50.0
77093	15.0	75.0	60.0
77129	15.0	55.0	60.0
77165	25.0	50.0	60.0
77201	30.0	55.0	55.0
77237	25.0	45.0	40.0
77273	25.0	40.0	45.0
77309	10.0	50.0	55.0
77345	10.0	35.0	70.0
77381	30.0	20.0	70.0
77417	45.0	40.0	55.0
77453	45.0	30.0	35.0
77489	40.0	25.0	50.0
77525	35.0	45.0	55.0
77561	30.0	50.0	45.0
77597	30.0	50.0	45.0
77633	25.0	45.0	45.0
77669	30.0	30.0	35.0
77705	45.0	30.0	40.0
77741	40.0	35.0	55.0
77777	25.0	25.0	65.0
77813	25.0	35.0	60.0
77849	20.0	45.0	55.0
77885	30.0	30.0	45.0
77921	35.0	30.0	40.0
77957	40.0	10.0	25.0
77993	30.0	15.0	45.0
78029	20.0	40.0	75.0
78065	20.0	50.0	90.0
78101	10.0	50.0	85.0
78137	15.0	55.0	75.0
78173	30.0	50.0	55.0
78209	40.0	45.0	45.0
78245	40.0	15.0	55.0
78281	50.0	30.0	40.0
78317	40.0	45.0	25.0
78353	30.0	20.0	20.0
78389	35.0	25.0	15.0
78425	20.0	35.0	35.0
78461	20.0	35.0	45.0
78497	25.0	35.0	35.0
78533	30.0	25.0	25.0
78569	25.0	40.0	40.0
78605	35.0	60.0	45.0
78641	40.0	30.0	60.0
78677	30.0	25.0	65.0
78713	20.0	40.0	60.0
78749	30.0	35.0	45.0
78785	20.0	30.0	35.0
78821	25.0	25.0	50.0
78857	25.0	40.0	25.0
78893	30.0	25.0	40.0
78929	40.0	20.0	50.0
78965	35.0	25.0	50.0
79001	45.0	45.0	45.0
79037	40.0	20.0	40.0
79073	35.0	35.0	40.0
79109	30.0	35.0	55.0
79145	20.0	30.0	50.0
79181	25.0	45.0	45.0
79217	25.0	50.0	35.0
79253	30.0	35.0	45.0
79289	25.0	50.0	45.0
79325	25.0	50.0	20.0
79361	20.0	40.0	20.0
79397	20.0	55.0	30.0
79433	15.0	45.0	45.0
79469	30.0	35.0	40.0
79505	60.0	35.0	30.0
79541	50.0	35.0	40.0
79577	60.0	20.0	45.0
79613	45.0	30.0	25.0
79649	35.0	30.0	25.0
79685	50.0	20.0	35.0
79721	50.0	25.0	45.0
79757	35.0	40.0	35.0
79793	55.0	50.0	20.0
79829	60.0	45.0	30.0
79865	30.0	55.0	20.0
79901	25.0	50.0	25.0
79937	40.0	35.0	10.0
79973	65.0	30.0	10.0
80009	55.0	50.0	15.0
80045	25.0	55.0	30.0
80081	25.0	35.0	50.0
80117	30.0	40.0	30.0
80153	35.0	35.0	25.0
80189	55.0	15.0	45.0
80225	40.0	20.0	60.0
80261	30.0	35.0	25.0
80297	40.0	40.0	15.0
80333	50.0	45.0	20.0
80369	65.0	40.0	20.0
80405	45.0	20.0	25.0
80441	40.0	40.0	40.0
80477	35.0	40.0	45.0
80513	30.0	40.0	35.0
80549	50.0	50.0	30.0
80585	35.0	25.0	35.0
80621	35.0	25.0	45.0
80657	55.0	35.0	30.0
80693	45.0	30.0	25.0
80729	30.0	40.0	25.0
80765	50.0	30.0	35.0
80801	30.0	45.0	20.0
80837	20.0	50.0	30.0
80873	30.0	35.0	30.0
80909	55.0	15.0	30.0
80945	50.0	35.0	30.0
80981	40.0	25.0	30.0
81017	50.0	15.0	45.0
81053	45.0	20.0	35.0
81089	50.0	25.0	25.0
81125	55.0	30.0	25.0
81161	40.0	45.0	35.0
81197	15.0	60.0	40.0
81233	25.0	75.0	30.0
81269	30.0	55.0	40.0
81305	35.0	40.0	25.0
81341	60.0	50.0	15.0
81377	45.0	50.0	30.0
81413	45.0	45.0	25.0
81449	35.0	45.0	20.0
81485	35.0	40.0	40.0
81521	25.0	60.0	55.0
81557	25.0	40.0	35.0
81593	30.0	10.0	20.0
81629	40.0	35.0	15.0
81665	50.0	50.0	25.0
81701	40.0	40.0	40.0
81737	35.0	50.0	35.0
81773	40.0	35.0	30.0
81809	40.0	25.0	35.0
81845	40.0	45.0	15.0
81881	30.0	45.0	20.0
81917	30.0	45.0	35.0
81953	40.0	50.0	35.0
81989	40.0	45.0	25.0
82025	40.0	35.0	30.0
82061	35.0	20.0	40.0
82097	30.0	45.0	35.0
82133	40.0	40.0	20.0
82169	30.0	25.0	35.0
82205	30.0	30.0	35.0
82241	50.0	20.0	25.0
82277	70.0	20.0	30.0
82313	55.0	50.0	25.0
82349	50.0	40.0	25.0
82385	50.0	35.0	40.0
82421	40.0	25.0	40.0
82457	50.0	25.0	30.0
82493	65.0	30.0	15.0
82529	50.0	25.0	25.0
82565	35.0	35.0	35.0
82601	30.0	45.0	25.0
82637	35.0	30.0	35.0
82673	35.0	25.0	45.0
82709	20.0	25.0	45.0
82745	35.0	30.0	30.0
82781	25.0	45.0	25.0
82817	35.0	55.0	35.0
82853	50.0	40.0	30.0
82889	50.0	40.0	20.0
82925	45.0	45.0	20.0
82961	30.0	50.0	15.0
82997	35.0	35.0	20.0
83033	20.0	35.0	40.0
83069	5.0	35.0	15.0
83105	15.0	50.0	5.0
83141	35.0	45.0	15.0
83177	40.0	40.0	10.0
83213	45.0	25.0	30.0
83249	40.0	35.0	20.0
83285	15.0	35.0	30.0
83321	10.0	30.0	40.0
83357	30.0	30.0	35.0
83393	40.0	20.0	50.0
83429	50.0	20.0	40.0
83465	40.0	10.0	25.0
83501	50.0	30.0	35.0
83537	30.0	30.0	45.0
83573	25.0	10.0	45.0
83609	25.0	25.0	70.0
83645	50.0	20.0	60.0
83681	40.0	10.0	60.0
83717	25.0	15.0	45.0
83753	30.0	15.0	30.0
83789	30.0	45.0	20.0
83825	55.0	60.0	20.0
83861	30.0	70.0	10.0
83897	5.0	45.0	10.0
83933	30.0	30.0	25.0
83969	45.0	15.0	30.0
84005	40.0	25.0	25.0
84041	60.0	25.0	20.0
84077	45.0	30.0	35.0
84113	35.0	45.0	35.0
84149	25.0	55.0	25.0
84185	35.0	45.0	25.0
84221	30.0	25.0	40.0
84257	35.0	20.0	35.0
84293	45.0	20.0	25.0
84329	40.0	40.0	25.0
84365	30.0	30.0	40.0
84401	70.0	10.0	30.0
84437	45.0	25.0	30.0
84473	25.0	40.0	60.0
84509	30.0	30.0	65.0
84545	30.0	40.0	35.0
84581	30.0	20.0	30.0
84617	50.0	10.0	30.0
84653	55.0	20.0	30.0
84689	40.0	30.0	30.0
84725	35.0	35.0	25.0
84761	40.0	40.0	40.0
84797	25.0	35.0	35.0
84833	35.0	20.0	35.0
84869	30.0	15.0	55.0
84905	25.0	20.0	55.0
84941	30.0	15.0	45.0
84977	40.0	20.0	35.0
85013	25.0	25.0	25.0
85049	20.0	30.0	50.0
85085	40.0	55.0	30.0
85121	45.0	45.0	15.0
85157	45.0	65.0	20.0
85193	55.0	65.0	20.0
85229	60.0	65.0	25.0
85265	45.0	75.0	10.0
85301	20.0	75.0	20.0
85337	25.0	75.0	35.0
85373	40.0	65.0	35.0
85409	45.0	60.0	20.0
85445	40.0	35.0	20.0
85481	40.0	45.0	20.0
85517	35.0	55.0	10.0
85553	40.0	45.0	25.0
85589	50.0	50.0	25.0
85625	50.0	70.0	20.0
85661	30.0	50.0	35.0
85697	25.0	30.0	40.0
85733	40.0	40.0	35.0
85769	60.0	40.0	20.0
85805	40.0	40.0	20.0
85841	35.0	45.0	35.0
85877	30.0	45.0	40.0
85913	40.0	50.0	20.0
85949	60.0	55.0	10.0
85985	50.0	65.0	5.0
86021	40.0	35.0	20.0
86057	60.0	45.0	40.0
86093	45.0	55.0	25.0
86129	40.0	50.0	40.0
86165	40.0	70.0	30.0
86201	25.0	50.0	25.0
86237	25.0	30.0	25.0
86273	30.0	20.0	35.0
86309	50.0	30.0	35.0
86345	40.0	35.0	20.0
86381	35.0	25.0	35.0
86417	15.0	25.0	60.0
86453	25.0	30.0	30.0
86489	35.0	40.0	25.0
86525	45.0	30.0	35.0
86561	20.0	40.0	45.0
86597	15.0	50.0	55.0
86633	25.0	35.0	40.0
86669	25.0	30.0	40.0
86705	35.0	20.0	35.0
86741	25.0	30.0	30.0
86777	15.0	30.0	30.0
86813	15.0	25.0	30.0
86849	30.0	30.0	45.0
86885	50.0	35.0	65.0
86921	35.0	30.0	55.0
86957	30.0	35.0	45.0
86993	25.0	40.0	55.0
87029	30.0	45.0	45.0
87065	35.0	35.0	50.0
87101	25.0	30.0	50.0
87137	40.0	30.0	65.0
87173	50.0	35.0	55.0
87209	50.0	20.0	40.0
87245	65.0	30.0	45.0
87281	65.0	25.0	45.0
87317	55.0	35.0	20.0
87353	55.0	40.0	25.0
87389	40.0	30.0	30.0
87425	45.0	45.0	15.0
87461	60.0	25.0	30.0
87497	60.0	25.0	25.0
87533	55.0	20.0	25.0
87569	40.0	35.0	35.0
87605	25.0	15.0	25.0
87641	20.0	25.0	40.0
87677	20.0	25.0	45.0
87713	30.0	35.0	35.0
87749	40.0	30.0	25.0
87785	20.0	25.0	20.0
87821	15.0	45.0	45.0
87857	25.0	40.0	50.0
87893	20.0	20.0	45.0
87929	40.0	30.0	60.0
87965	40.0	20.0	50.0
88001	55.0	25.0	40.0
88037	50.0	30.0	30.0
88073	40.0	50.0	25.0
88109	30.0	45.0	35.0
88145	25.0	35.0	40.0
88181	30.0	40.0	25.0
88217	40.0	30.0	25.0
88253	50.0	30.0	30.0
88289	50.0	40.0	25.0
88325	40.0	50.0	30.0
88361	45.0	30.0	30.0
88397	25.0	25.0	30.0
88433	35.0	35.0	50.0
88469	40.0	30.0	50.0
88505	20.0	30.0	60.0
88541	20.0	50.0	60.0
88577	35.0	60.0	45.0
88613	45.0	50.0	45.0
88649	30.0	35.0	50.0
88685	25.0	40.0	60.0
88721	45.0	30.0	40.0
88757	30.0	45.0	45.0
88793	30.0	50.0	45.0
88829	25.0	40.0	40.0
88865	25.0	30.0	40.0
88901	30.0	45.0	30.0
88937	45.0	35.0	40.0
88973	40.0	35.0	45.0
89009	25.0	40.0	35.0
89045	30.0	25.0	45.0
89081	35.0	25.0	35.0
89117	35.0	25.0	30.0
89153	10.0	30.0	35.0
89189	5.0	45.0	40.0
89225	20.0	40.0	25.0
89261	25.0	45.0	10.0
89297	20.0	35.0	20.0
89333	30.0	40.0	35.0
89369	30.0	25.0	35.0
89405	20.0	15.0	50.0
89441	25.0	20.0	60.0
89477	25.0	30.0	55.0
89513	20.0	35.0	40.0
89549	25.0	35.0	35.0
89585	30.0	35.0	35.0
89621	25.0	40.0	50.0
89657	25.0	50.0	40.0
89693	20.0	45.0	50.0
89729	25.0	30.0	25.0
89765	25.0	15.0	10.0
89801	35.0	10.0	35.0
89837	40.0	20.0	50.0
89873	55.0	25.0	35.0
89909	60.0	20.0	45.0
89945	55.0	15.0	15.0
89981	35.0	20.0	5.0
90017	30.0	30.0	25.0
90053	30.0	40.0	30.0
90089	20.0	55.0	45.0
90125	35.0	60.0	45.0
90161	35.0	40.0	30.0
90197	20.0	30.0	25.0
90233	20.0	50.0	35.0
90269	40.0	30.0	25.0
90305	35.0	45.0	30.0
90341	35.0	30.0	30.0
90377	45.0	30.0	30.0
90413	40.0	25.0	55.0
90449	25.0	30.0	55.0
90485	25.0	45.0	35.0
90521	15.0	50.0	40.0
90557	40.0	35.0	35.0
90593	25.0	15.0	30.0
90629	30.0	25.0	35.0
90665	30.0	35.0	40.0
90701	40.0	45.0	25.0
90737	45.0	40.0	10.0
90773	40.0	25.0	25.0
90809	30.0	25.0	40.0
90845	35.0	40.0	40.0
90881	40.0	35.0	30.0
90917	35.0	40.0	25.0
90953	35.0	35.0	25.0
90989	50.0	25.0	20.0
91025	45.0	35.0	25.0
91061	30.0	40.0	35.0
91097	25.0	30.0	30.0
91133	15.0	45.0	40.0
91169	20.0	40.0	35.0
91205	30.0	20.0	25.0
91241	30.0	40.0	45.0
91277	55.0	40.0	60.0
91313	65.0	25.0	50.0
91349	65.0	25.0	50.0
91385	60.0	30.0	50.0
91421	35.0	50.0	25.0
91457	65.0	20.0	20.0
91493	50.0	35.0	25.0
91529	15.0	35.0	10.0
91565	25.0	55.0	35.0
91601	35.0	75.0	50.0
91637	10.0	35.0	15.0
91673	25.0	20.0	5.0
91709	25.0	25.0	15.0
91745	30.0	25.0	30.0
91781	50.0	20.0	20.0
91817	30.0	45.0	25.0
91853	40.0	40.0	25.0
91889	60.0	25.0	15.0
91925	50.0	25.0	20.0
91961	45.0	45.0	10.0
91997	35.0	35.0	20.0
92033	45.0	15.0	20.0
92069	30.0	25.0	20.0
92105	45.0	30.0	25.0
92141	50.0	40.0	35.0
92177	50.0	40.0	30.0
92213	45.0	25.0	35.0
92249	50.0	30.0	55.0
92285	40.0	30.0	35.0
92321	30.0	15.0	30.0
92357	15.0	25.0	40.0
92393	15.0	25.0	45.0
92429	45.0	25.0	25.0
92465	50.0	30.0	10.0
92501	45.0	30.0	15.0
92537	30.0	40.0	20.0
92573	30.0	45.0	25.0
92609	30.0	35.0	25.0
92645	35.0	35.0	30.0
92681	40.0	20.0	30.0
92717	45.0	10.0	50.0
92753	35.0	25.0	60.0
92789	30.0	40.0	45.0
92825	25.0	30.0	40.0
92861	35.0	30.0	20.0
92897	30.0	35.0	35.0
92933	25.0	30.0	45.0
92969	15.0	20.0	35.0
93005	20.0	25.0	35.0
93041	35.0	25.0	20.0
93077	30.0	30.0	35.0
93113	15.0	45.0	55.0
93149	25.0	40.0	50.0
93185	60.0	35.0	20.0
93221	55.0	15.0	30.0
93257	40.0	30.0	20.0
93293	45.0	45.0	30.0
93329	55.0	35.0	40.0
93365	45.0	50.0	45.0
93401	50.0	40.0	40.0
93437	45.0	30.0	25.0
93473	25.0	45.0	15.0
93509	45.0	35.0	30.0
93545	50.0	45.0	40.0
93581	30.0	55.0	30.0
93617	45.0	35.0	60.0
93653	40.0	30.0	55.0
93689	60.0	35.0	45.0
93725	55.0	35.0	35.0
93761	30.0	45.0	35.0
93797	15.0	45.0	50.0
93833	15.0	40.0	60.0
93869	10.0	30.0	45.0
93905	20.0	25.0	35.0
93941	25.0	40.0	35.0
93977	30.0	60.0	35.0
94013	35.0	65.0	40.0
94049	40.0	35.0	55.0
94085	20.0	30.0	60.0
94121	20.0	40.0	60.0
94157	50.0	40.0	65.0
94193	60.0	20.0	45.0
94229	65.0	30.0	30.0
94265	60.0	40.0	20.0
94301	30.0	45.0	20.0
94337	40.0	50.0	45.0
94373	45.0	35.0	35.0
94409	35.0	35.0	45.0
94445	45.0	60.0	35.0
94481	40.0	60.0	45.0
94517	25.0	45.0	35.0
94553	25.0	30.0	35.0
94589	20.0	40.0	55.0
94625	15.0	25.0	45.0
94661	25.0	20.0	55.0
94697	25.0	35.0	45.0
94733	20.0	35.0	25.0
94769	25.0	20.0	35.0
94805	25.0	15.0	45.0
94841	35.0	15.0	30.0
94877	20.0	45.0	40.0
94913	20.0	60.0	35.0
94949	40.0	50.0	25.0
94985	60.0	35.0	25.0
95021	35.0	50.0	25.0
95057	25.0	45.0	50.0
95093	25.0	35.0	50.0
95129	35.0	45.0	50.0
95165	35.0	65.0	35.0
95201	25.0	60.0	35.0
95237	45.0	35.0	50.0
95273	40.0	45.0	60.0
95309	45.0	50.0	30.0
95345	35.0	40.0	45.0
95381	35.0	35.0	45.0
95417	60.0	30.0	35.0
95453	35.0	45.0	50.0
95489	20.0	50.0	45.0
95525	45.0	30.0	30.0
95561	60.0	25.0	45.0
95597	40.0	45.0	60.0
95633	45.0	30.0	50.0
95669	35.0	15.0	35.0
95705	10.0	20.0	35.0
95741	10.0	50.0	35.0
95777	15.0	35.0	35.0
95813	25.0	15.0	45.0
95849	35.0	25.0	60.0
95885	45.0	35.0	60.0
95921	50.0	20.0	50.0
95957	25.0	5.0	25.0
95993	25.0	20.0	20.0
96029	50.0	25.0	20.0
96065	55.0	30.0	20.0
96101	50.0	20.0	30.0
96137	50.0	30.0	35.0
96173	55.0	40.0	25.0
96209	70.0	20.0	15.0
96245	70.0	35.0	15.0
96281	50.0	50.0	10.0
96317	30.0	40.0	20.0
96353	35.0	20.0	35.0
96389	40.0	45.0	25.0
96425	35.0	30.0	30.0
96461	35.0	30.0	40.0
96497	50.0	50.0	40.0
96533	50.0	30.0	60.0
96569	50.0	30.0	45.0
96605	40.0	35.0	45.0
96641	40.0	35.0	60.0
96677	40.0	40.0	45.0
96713	40.0	30.0	30.0
96749	40.0	5.0	30.0
96785	45.0	15.0	35.0
96821	50.0	15.0	40.0
96857	30.0	25.0	50.0
96893	25.0	25.0	35.0
96929	30.0	25.0	35.0
96965	40.0	15.0	45.0
97001	15.0	20.0	60.0
97037	35.0	20.0	40.0
97073	25.0	30.0	45.0
97109	35.0	25.0	45.0
97145	30.0	30.0	55.0
97181	50.0	35.0	45.0
97217	50.0	40.0	45.0
97253	50.0	40.0	50.0
97289	20.0	60.0	35.0
97325	35.0	35.0	25.0
97361	30.0	20.0	50.0
97397	25.0	15.0	60.0
97433	15.0	30.0	35.0
97469	25.0	35.0	20.0
97505	40.0	40.0	20.0
97541	25.0	40.0	40.0
97577	25.0	40.0	50.0
97613	30.0	40.0	50.0
97649	45.0	25.0	40.0
97685	30.0	40.0	30.0
97721	20.0	30.0	50.0
97757	30.0	10.0	40.0
97793	40.0	25.0	35.0
97829	45.0	25.0	60.0
97865	35.0	30.0	55.0
97901	40.0	20.0	35.0
97937	40.0	40.0	25.0
97973	35.0	60.0	30.0
98009	35.0	55.0	30.0
98045	50.0	40.0	20.0
98081	45.0	40.0	20.0
98117	40.0	20.0	50.0
98153	35.0	40.0	45.0
98189	35.0	65.0	30.0
98225	20.0	70.0	30.0
98261	30.0	45.0	35.0
98297	30.0	30.0	35.0
98333	35.0	30.0	25.0
98369	35.0	40.0	25.0
98405	35.0	45.0	15.0
98441	35.0	40.0	15.0
98477	35.0	50.0	30.0
98513	40.0	35.0	20.0
98549	40.0	25.0	30.0
98585	45.0	35.0	30.0
98621	40.0	20.0	25.0
98657	55.0	30.0	25.0
98693	55.0	35.0	35.0
98729	30.0	35.0	50.0
98765	45.0	25.0	55.0
98801	25.0	35.0	45.0
98837	25.0	45.0	25.0
98873	30.0	25.0	20.0
98909	40.0	30.0	15.0
98945	40.0	30.0	30.0
98981	20.0	45.0	60.0
99017	10.0	60.0	50.0
99053	20.0	65.0	35.0
99089	15.0	55.0	25.0
99125	30.0	60.0	30.0
99161	30.0	55.0	15.0
99197	45.0	60.0	10.0
99233	30.0	60.0	10.0
99269	15.0	60.0	25.0
99305	20.0	55.0	40.0
99341	25.0	45.0	25.0
99377	40.0	35.0	15.0
99413	40.0	35.0	25.0
99449	40.0	45.0	30.0
99485	40.0	40.0	40.0
99521	45.0	25.0	45.0
99557	60.0	25.0	45.0
99593	55.0	35.0	25.0
99629	50.0	35.0	20.0
99665	40.0	30.0	35.0
99701	35.0	20.0	35.0
99737	45.0	20.0	20.0
99773	50.0	30.0	20.0
99809	55.0	25.0	30.0
99845	55.0	25.0	20.0
99881	25.0	10.0	35.0
99917	25.0	25.0	45.0
99953	30.0	30.0	40.0
99989	25.0	25.0	45.0
100025	40.0	35.0	40.0