# BASE VAL1 VAL2
# color 0:255:0 0:0:255 100:100:100
71	30.0	45.0	40.0
215	65.0	25.0	30.0
359	55.0	25.0	25.0
503	45.0	40.0	25.0
647	55.0	45.0	25.0
791	45.0	30.0	20.0
935	45.0	30.0	30.0
1079	40.0	35.0	30.0
1223	40.0	25.0	10.0
1367	50.0	35.0	25.0
1511	60.0	30.0	30.0
1655	50.0	40.0	25.0
1799	50.0	40.0	30.0
1943	35.0	35.0	35.0
2087	50.0	25.0	25.0
2231	50.0	25.0	50.0
2375	50.0	35.0	20.0
2519	50.0	30.0	35.0
2663	30.0	60.0	25.0
2807	35.0	50.0	25.0
2951	35.0	45.0	25.0
3095	25.0	60.0	30.0
3239	15.0	35.0	25.0
3383	20.0	50.0	40.0
3527	40.0	50.0	30.0
3671	40.0	25.0	25.0
3815	15.0	30.0	30.0
3959	25.0	50.0	50.0
4103	35.0	50.0	35.0
4247	40.0	40.0	40.0
4391	20.0	55.0	25.0
4535	30.0	60.0	25.0
4679	20.0	45.0	30.0
4823	30.0	45.0	20.0
4967	35.0	40.0	25.0
5111	55.0	50.0	5.0
5255	40.0	25.0	20.0
5399	20.0	65.0	35.0
5543	5.0	45.0	45.0
5687	25.0	55.0	25.0
5831	25.0	45.0	35.0
5975	10.0	50.0	45.0
6119	30.0	40.0	40.0
6263	20.0	40.0	55.0
6407	0.0	55.0	45.0
6551	10.0	40.0	40.0
6695	20.0	35.0	45.0
6839	20.0	45.0	30.0
6983	5.0	45.0	40.0
7127	5.0	35.0	50.0
7271	15.0	45.0	40.0
7415	20.0	40.0	50.0
7559	30.0	25.0	25.0
7703	45.0	35.0	35.0
7847	20.0	45.0	40.0
7991	25.0	45.0	35.0
8135	30.0	55.0	30.0
8279	55.0	50.0	10.0
8423	35.0	50.0	10.0
8567	50.0	30.0	25.0
8711	40.0	35.0	30.0
8855	50.0	40.0	0.0
8999	35.0	25.0	20.0
9143	40.0	45.0	20.0
9287	55.0	40.0	5.0
9431	60.0	45.0	15.0
9575	50.0	55.0	5.0
9719	45.0	25.0	5.0
9863	50.0	50.0	15.0
10007	40.0	40.0	0.0
10151	35.0	45.0	5.0
10295	35.0	50.0	5.0
10439	30.0	40.0	10.0
10583	30.0	40.0	15.0
10727	45.0	35.0	0.0
10871	35.0	30.0	10.0
11015	35.0	45.0	10.0
11159	45.0	50.0	0.0
11303	30.0	30.0	10.0
11447	45.0	40.0	10.0
11591	45.0	30.0	10.0
11735	30.0	25.0	5.0
11879	25.0	35.0	15.0
12023	45.0	55.0	0.0
12167	25.0	45.0	0.0
12311	45.0	15.0	0.0
12455	35.0	50.0	0.0
12599	25.0	40.0	25.0
12743	50.0	80.0	10.0
12887	35.0	65.0	10.0
13031	45.0	45.0	0.0
13175	45.0	60.0	5.0
13319	30.0	35.0	5.0
13463	20.0	40.0	10.0
13607	45.0	50.0	15.0
13751	40.0	55.0	0.0
13895	50.0	40.0	10.0
14039	30.0	45.0	0.0
14183	45.0	40.0	5.0
14327	35.0	50.0	0.0
14471	25.0	25.0	35.0
14615	15.0	40.0	45.0
14759	55.0	30.0	10.0
14903	45.0	45.0	30.0
15047	45.0	35.0	25.0
15191	30.0	55.0	10.0
15335	45.0	40.0	25.0
15479	30.0	20.0	25.0
15623	20.0	65.0	35.0
15767	15.0	40.0	65.0
15911	35.0	15.0	50.0
16055	35.0	40.0	30.0
16199	30.0	25.0	55.0
16343	45.0	30.0	35.0
16487	20.0	30.0	25.0
16631	15.0	70.0	30.0
16775	20.0	65.0	35.0
16919	25.0	55.0	35.0
17063	30.0	55.0	25.0
17207	25.0	50.0	35.0
17351	30.0	50.0	30.0
17495	35.0	40.0	15.0
17639	5.0	45.0	60.0
17783	30.0	40.0	45.0
17927	40.0	30.0	40.0
18071	50.0	20.0	65.0
18215	40.0	15.0	65.0
18359	50.0	45.0	30.0
18503	20.0	35.0	55.0
18647	40.0	35.0	40.0
18791	45.0	30.0	50.0
18935	30.0	30.0	60.0
19079	30.0	50.0	35.0
19223	50.0	30.0	40.0
19367	35.0	50.0	15.0
19511	25.0	50.0	35.0
19655	30.0	50.0	30.0
19799	35.0	40.0	15.0
19943	50.0	35.0	30.0
20087	35.0	45.0	15.0
20231	25.0	50.0	45.0
20375	15.0	25.0	40.0
20519	35.0	5.0	40.0
20663	30.0	25.0	55.0
20807	35.0	20.0	30.0
20951	35.0	25.0	40.0
21095	15.0	30.0	40.0
21239	30.0	30.0	30.0
21383	45.0	40.0	40.0
21527	30.0	45.0	20.0
21671	5.0	65.0	40.0
21815	30.0	15.0	50.0
21959	35.0	20.0	45.0
22103	25.0	50.0	35.0
22247	45.0	25.0	45.0
22391	40.0	30.0	55.0
22535	40.0	45.0	50.0
22679	35.0	25.0	45.0
22823	20.0	30.0	30.0
22967	15.0	40.0	35.0
23111	20.0	35.0	20.0
23255	35.0	35.0	40.0
23399	25.0	40.0	30.0
23543	15.0	35.0	35.0
23687	30.0	20.0	55.0
23831	35.0	25.0	35.0
23975	15.0	25.0	45.0
24119	35.0	55.0	10.0
24263	40.0	10.0	45.0
24407	30.0	30.0	35.0
24551	25.0	25.0	20.0
24695	35.0	40.0	25.0
24839	20.0	35.0	55.0
24983	20.0	35.0	35.0
25127	25.0	60.0	40.0
25271	25.0	45.0	25.0
25415	35.0	25.0	30.0
25559	45.0	35.0	20.0
25703	30.0	20.0	35.0
25847	20.0	30.0	25.0
25991	35.0	30.0	15.0
26135	25.0	55.0	35.0
26279	15.0	35.0	25.0
26423	10.0	55.0	40.0
26567	15.0	30.0	50.0
26711	25.0	25.0	45.0
26855	45.0	35.0	55.0
26999	25.0	40.0	35.0
27143	30.0	25.0	45.0
27287	35.0	20.0	45.0
27431	55.0	35.0	15.0
27575	35.0	35.0	25.0
27719	45.0	25.0	15.0
27863	20.0	40.0	10.0
28007	40.0	55.0	0.0
28151	40.0	35.0	25.0
28295	40.0	20.0	10.0
28439	40.0	35.0	30.0
28583	45.0	35.0	10.0
28727	35.0	55.0	30.0
28871	40.0	45.0	10.0
29015	25.0	40.0	10.0
29159	30.0	55.0	10.0
29303	45.0	50.0	20.0
29447	50.0	60.0	25.0
29591	30.0	35.0	30.0
29735	40.0	35.0	10.0
29879	50.0	50.0	20.0
30023	30.0	40.0	20.0
30167	40.0	25.0	5.0
30311	15.0	35.0	10.0
30455	40.0	25.0	25.0
30599	20.0	50.0	25.0
30743	45.0	35.0	35.0
30887	35.0	35.0	40.0
31031	45.0	30.0	20.0
31175	60.0	45.0	5.0
31319	30.0	35.0	30.0
31463	15.0	30.0	20.0
31607	40.0	20.0	55.0
31751	20.0	25.0	45.0
31895	30.0	20.0	45.0
32039	30.0	20.0	20.0
32183	45.0	50.0	45.0
32327	25.0	55.0	45.0
32471	5.0	65.0	75.0
32615	25.0	45.0	35.0
32759	20.0	45.0	30.0
32903	30.0	40.0	45.0
33047	15.0	50.0	45.0
33191	15.0	75.0	40.0
33335	30.0	25.0	65.0
33479	15.0	70.0	35.0
33623	10.0	50.0	60.0
33767	20.0	55.0	50.0
33911	15.0	40.0	60.0
34055	25.0	50.0	50.0
34199	20.0	55.0	40.0
34343	15.0	40.0	55.0
34487	20.0	55.0	40.0
34631	50.0	25.0	35.0
34775	40.0	35.0	60.0
34919	30.0	30.0	35.0
35063	50.0	15.0	55.0
35207	25.0	40.0	50.0
35351	35.0	35.0	50.0
35495	45.0	20.0	55.0
35639	45.0	10.0	55.0
35783	30.0	35.0	50.0
35927	30.0	25.0	45.0
36071	40.0	10.0	55.0
36215	35.0	25.0	30.0
36359	15.0	25.0	60.0
36503	45.0	50.0	35.0
36647	65.0	25.0	40.0
36791	25.0	40.0	35.0
36935	60.0	15.0	60.0
37079	50.0	15.0	55.0
37223	35.0	25.0	50.0
37367	35.0	25.0	50.0
37511	55.0	10.0	50.0
37655	40.0	25.0	55.0
37799	60.0	20.0	50.0
37943	30.0	30.0	45.0
38087	20.0	30.0	40.0
38231	20.0	20.0	60.0
38375	20.0	35.0	30.0
38519	30.0	15.0	40.0
38663	20.0	20.0	50.0
38807	40.0	25.0	45.0
38951	40.0	25.0	50.0
39095	15.0	30.0	45.0
39239	50.0	15.0	40.0
39383	40.0	20.0	55.0
39527	15.0	40.0	50.0
39671	20.0	20.0	40.0
39815	45.0	25.0	40.0
39959	40.0	35.0	30.0
40103	30.0	35.0	35.0
40247	25.0	20.0	45.0
40391	40.0	20.0	60.0
40535	30.0	45.0	40.0
40679	45.0	20.0	65.0
40823	40.0	35.0	45.0
40967	45.0	15.0	50.0
41111	15.0	30.0	60.0
41255	20.0	25.0	40.0
41399	45.0	25.0	40.0
41543	30.0	20.0	35.0
41687	35.0	30.0	25.0
41831	30.0	25.0	40.0
41975	45.0	25.0	25.0
42119	35.0	25.0	50.0
42263	35.0	30.0	40.0
42407	40.0	25.0	50.0
42551	30.0	20.0	40.0
42695	45.0	5.0	50.0
42839	35.0	30.0	55.0
42983	35.0	25.0	25.0
43127	35.0	35.0	45.0
43271	50.0	35.0	15.0
43415	45.0	20.0	35.0
43559	45.0	20.0	45.0
43703	45.0	30.0	45.0
43847	35.0	30.0	40.0
43991	30.0	15.0	40.0
44135	50.0	25.0	40.0
44279	40.0	50.0	25.0
44423	30.0	35.0	35.0
44567	35.0	30.0	30.0
44711	55.0	25.0	35.0
44855	45.0	15.0	55.0
44999	40.0	35.0	30.0
45143	50.0	15.0	25.0
45287	45.0	40.0	30.0
45431	40.0	30.0	40.0
45575	45.0	40.0	30.0
45719	55.0	35.0	20.0
45863	50.0	40.0	45.0
46007	50.0	25.0	25.0
46151	25.0	45.0	10.0
46295	55.0	35.0	35.0
46439	55.0	25.0	40.0
46583	55.0	25.0	30.0
46727	65.0	20.0	50.0
46871	30.0	35.0	35.0
47015	40.0	35.0	25.0
47159	35.0	30.0	40.0
47303	30.0	25.0	35.0
47447	30.0	40.0	70.0
47591	35.0	25.0	30.0
47735	10.0	45.0	40.0
47879	20.0	35.0	45.0
48023	40.0	40.0	50.0
48167	25.0	45.0	45.0
48311	20.0	25.0	45.0
48455	50.0	25.0	15.0
48599	40.0	30.0	40.0
48743	20.0	30.0	55.0
48887	30.0	45.0	50.0
49031	35.0	20.0	45.0
49175	25.0	30.0	35.0
49319	35.0	35.0	45.0
49463	30.0	40.0	50.0
49607	35.0	25.0	40.0
49751	45.0	35.0	40.0
49895	30.0	30.0	35.0
50039	20.0	30.0	45.0
50183	25.0	40.0	45.0
50327	30.0	25.0	40.0
50471	35.0	35.0	20.0
50615	45.0	25.0	55.0
50759	25.0	35.0	50.0
50903	35.0	30.0	55.0
51047	30.0	30.0	55.0
51191	50.0	30.0	35.0
51335	30.0	45.0	50.0
51479	30.0	30.0	50.0
51623	30.0	45.0	35.0
51767	35.0	40.0	35.0
51911	20.0	55.0	35.0
52055	25.0	40.0	55.0
52199	20.0	35.0	40.0
52343	30.0	10.0	55.0
52487	25.0	35.0	50.0
52631	40.0	30.0	45.0
52775	35.0	35.0	40.0
52919	20.0	40.0	55.0
53063	25.0	20.0	40.0
53207	30.0	20.0	50.0
53351	50.0	30.0	40.0
53495	40.0	35.0	45.0
53639	35.0	25.0	55.0
53783	20.0	40.0	55.0
53927	25.0	30.0	40.0
54071	35.0	40.0	30.0
54215	25.0	30.0	50.0
54359	20.0	35.0	50.0
54503	20.0	40.0	50.0
54647	15.0	35.0	35.0
54791	15.0	25.0	35.0
54935	35.0	30.0	50.0
55079	45.0	40.0	40.0
55223	20.0	40.0	35.0
55367	20.0	50.0	5.0
55511	45.0	40.0	25.0
55655	40.0	50.0	40.0
55799	30.0	50.0	35.0
55943	30.0	45.0	35.0
56087	25.0	45.0	20.0
56231	55.0	25.0	30.0
56375	45.0	20.0	15.0
56519	40.0	40.0	35.0
56663	40.0	35.0	30.0
56807	30.0	25.0	40.0
56951	30.0	35.0	25.0
57095	30.0	40.0	25.0
57239	40.0	25.0	40.0
57383	55.0	5.0	40.0
57527	40.0	25.0	45.0
57671	55.0	30.0	25.0
57815	30.0	35.0	20.0
57959	35.0	45.0	10.0
58103	15.0	25.0	65.0
58247	30.0	10.0	25.0
58391	30.0	30.0	55.0
58535	20.0	60.0	45.0
58679	35.0	55.0	20.0
58823	40.0	40.0	25.0
58967	35.0	15.0	25.0
59111	45.0	35.0	30.0
59255	60.0	20.0	45.0
59399	15.0	45.0	45.0
59543	30.0	35.0	35.0
59687	50.0	35.0	10.0
59831	50.0	35.0	25.0
59975	20.0	55.0	45.0
60119	60.0	20.0	35.0
60263	50.0	45.0	40.0
60407	70.0	35.0	40.0
60551	30.0	40.0	50.0
60695	25.0	15.0	35.0
60839	50.0	30.0	45.0
60983	35.0	40.0	25.0
61127	45.0	45.0	35.0
61271	55.0	20.0	20.0
61415	35.0	15.0	30.0
61559	45.0	35.0	40.0
61703	65.0	20.0	40.0
61847	55.0	20.0	15.0
61991	45.0	25.0	25.0
62135	45.0	25.0	20.0
62279	40.0	25.0	25.0
62423	40.0	25.0	35.0
62567	55.0	35.0	35.0
62711	45.0	30.0	25.0
62855	45.0	35.0	30.0
62999	50.0	25.0	25.0
63143	50.0	30.0	45.0
63287	60.0	25.0	45.0
63431	35.0	35.0	30.0
63575	60.0	30.0	40.0
63719	40.0	40.0	10.0
63863	45.0	45.0	30.0
64007	40.0	10.0	40.0
64151	35.0	30.0	50.0
64295	35.0	20.0	40.0
64439	15.0	60.0	35.0
64583	45.0	50.0	30.0
64727	30.0	30.0	35.0
64871	40.0	10.0	60.0
65015	45.0	10.0	45.0
65159	40.0	30.0	55.0
65303	30.0	5.0	20.0
65447	45.0	30.0	25.0
65591	15.0	60.0	20.0
65735	20.0	45.0	40.0
65879	45.0	45.0	35.0
66023	30.0	60.0	35.0
66167	35.0	30.0	35.0
66311	60.0	45.0	15.0
66455	45.0	40.0	35.0
66599	40.0	55.0	30.0
66743	15.0	60.0	25.0
66887	45.0	40.0	20.0
67031	45.0	40.0	25.0
67175	30.0	45.0	10.0
67319	20.0	35.0	35.0
67463	55.0	45.0	15.0
67607	55.0	45.0	10.0
67751	40.0	30.0	30.0
67895	30.0	35.0	20.0
68039	40.0	35.0	30.0
68183	40.0	30.0	30.0
68327	50.0	35.0	30.0
68471	50.0	30.0	30.0
68615	60.0	20.0	40.0
68759	65.0	20.0	45.0
68903	45.0	35.0	30.0
69047	20.0	45.0	40.0
69191	35.0	25.0	45.0
69335	35.0	25.0	35.0
69479	20.0	55.0	40.0
69623	40.0	35.0	40.0
69767	25.0	60.0	25.0
69911	50.0	20.0	30.0
70055	45.0	30.0	25.0
70199	20.0	30.0	35.0
70343	25.0	30.0	35.0
70487	25.0	35.0	45.0
70631	40.0	40.0	50.0
70775	25.0	25.0	45.0
70919	35.0	45.0	30.0
71063	35.0	35.0	20.0
71207	30.0	45.0	45.0
71351	45.0	30.0	35.0
71495	30.0	50.0	25.0
71639	30.0	40.0	15.0
71783	35.0	45.0	30.0
71927	50.0	20.0	35.0
72071	45.0	15.0	40.0
72215	55.0	15.0	30.0
72359	50.0	10.0	60.0
72503	55.0	25.0	35.0
72647	40.0	30.0	30.0
72791	35.0	15.0	25.0
72935	25.0	30.0	45.0
73079	20.0	40.0	35.0
73223	25.0	30.0	60.0
73367	30.0	30.0	45.0
73511	25.0	30.0	60.0
73655	20.0	45.0	50.0
73799	25.0	45.0	40.0
73943	40.0	25.0	40.0
74087	25.0	25.0	35.0
74231	40.0	25.0	40.0
74375	25.0	35.0	30.0
74519	45.0	30.0	45.0
74663	50.0	20.0	35.0
74807	40.0	35.0	30.0
74951	25.0	25.0	20.0
75095	50.0	30.0	20.0
75239	55.0	45.0	25.0
75383	35.0	30.0	50.0
75527	40.0	30.0	65.0
75671	50.0	30.0	60.0
75815	35.0	35.0	50.0
75959	20.0	45.0	55.0
76103	25.0	30.0	25.0
76247	55.0	30.0	15.0
76391	35.0	30.0	45.0
76535	50.0	10.0	30.0
76679	40.0	40.0	40.0
76823	50.0	45.0	30.0
76967	45.0	20.0	45.0
77111	5.0	60.0	50.0
77255	30.0	55.0	55.0
77399	10.0	35.0	70.0
77543	40.0	25.0	50.0
77687	25.0	45.0	45.0
77831	25.0	25.0	65.0
77975	35.0	30.0	40.0
78119	20.0	50.0	90.0
78263	40.0	45.0	45.0
78407	30.0	20.0	20.0
78551	25.0	35.0	35.0
78695	40.0	30.0	60.0
78839	20.0	30.0	35.0
78983	40.0	20.0	50.0
79127	35.0	35.0	40.0
79271	25.0	50.0	35.0
79415	20.0	40.0	20.0
79559	60.0	35.0	30.0
79703	35.0	30.0	25.0
79847	55.0	50.0	20.0
79991	40.0	35.0	10.0
80135	25.0	35.0	50.0
80279	40.0	20.0	60.0
80423	65.0	40.0	20.0
80567	30.0	40.0	35.0
80711	55.0	35.0	30.0
80855	30.0	45.0	20.0
80999	50.0	35.0	30.0
81143	50.0	25.0	25.0
81287	25.0	75.0	30.0
81431	45.0	50.0	30.0
81575	25.0	60.0	55.0
81719	50.0	50.0	25.0
81863	40.0	25.0	35.0
82007	40.0	50.0	35.0
82151	30.0	45.0	35.0
82295	50.0	20.0	25.0
82439	50.0	35.0	40.0
82583	50.0	25.0	25.0
82727	35.0	25.0	45.0
82871	35.0	55.0	35.0
83015	30.0	50.0	15.0
83159	15.0	50.0	5.0
83303	40.0	35.0	20.0
83447	40.0	20.0	50.0
83591	30.0	30.0	45.0
83735	40.0	10.0	60.0
83879	55.0	60.0	20.0
84023	45.0	15.0	30.0
84167	35.0	45.0	35.0
84311	35.0	20.0	35.0
84455	70.0	10.0	30.0
84599	30.0	40.0	35.0
84743	40.0	30.0	30.0
84887	35.0	20.0	35.0
85031	40.0	20.0	35.0
85175	45.0	45.0	15.0
85319	45.0	75.0	10.0
85463	45.0	60.0	20.0
85607	40.0	45.0	25.0
85751	25.0	30.0	40.0
85895	35.0	45.0	35.0
86039	50.0	65.0	5.0
86183	40.0	50.0	40.0
86327	30.0	20.0	35.0
86471	15.0	25.0	60.0
86615	20.0	40.0	45.0
86759	35.0	20.0	35.0
86903	30.0	30.0	45.0
87047	25.0	40.0	55.0
87191	40.0	30.0	65.0
87335	65.0	25.0	45.0
87479	45.0	45.0	15.0
87623	40.0	35.0	35.0
87767	30.0	35.0	35.0
87911	25.0	40.0	50.0
88055	55.0	25.0	40.0
88199	25.0	35.0	40.0
88343	50.0	40.0	25.0
88487	35.0	35.0	50.0
88631	35.0	60.0	45.0
88775	45.0	30.0	40.0
88919	25.0	30.0	40.0
89063	25.0	40.0	35.0
89207	10.0	30.0	35.0
89351	20.0	35.0	20.0
89495	25.0	20.0	60.0
89639	30.0	35.0	35.0
89783	25.0	30.0	25.0
89927	55.0	25.0	35.0
90071	30.0	30.0	25.0
90215	35.0	40.0	30.0
90359	35.0	45.0	30.0
90503	25.0	30.0	55.0
90647	25.0	15.0	30.0
90791	45.0	40.0	10.0
90935	40.0	35.0	30.0
91079	45.0	35.0	25.0
91223	20.0	40.0	35.0
91367	65.0	25.0	50.0
91511	65.0	20.0	20.0
91655	35.0	75.0	50.0
91799	30.0	25.0	30.0
91943	60.0	25.0	15.0
92087	45.0	15.0	20.0
92231	50.0	40.0	30.0
92375	30.0	15.0	30.0
92519	50.0	30.0	10.0
92663	30.0	35.0	25.0
92807	35.0	25.0	60.0
92951	30.0	35.0	35.0
93095	35.0	25.0	20.0
93239	60.0	35.0	20.0
93383	55.0	35.0	40.0
93527	25.0	45.0	15.0
93671	45.0	35.0	60.0
93815	30.0	45.0	35.0
93959	20.0	25.0	35.0
94103	40.0	35.0	55.0
94247	60.0	20.0	45.0
94391	40.0	50.0	45.0
94535	40.0	60.0	45.0
94679	15.0	25.0	45.0
94823	25.0	20.0	35.0
94967	20.0	60.0	35.0
95111	25.0	45.0	50.0
95255	25.0	60.0	35.0
95399	35.0	40.0	45.0
95543	20.0	50.0	45.0
95687	45.0	30.0	50.0
95831	15.0	35.0	35.0
95975	50.0	20.0	50.0
96119	55.0	30.0	20.0
96263	70.0	20.0	15.0
96407	35.0	20.0	35.0
96551	50.0	50.0	40.0
96695	40.0	35.0	60.0
96839	45.0	15.0	35.0
96983	30.0	25.0	35.0
97127	25.0	30.0	45.0
97271	50.0	40.0	45.0
97415	30.0	20.0	50.0
97559	40.0	40.0	20.0
97703	45.0	25.0	40.0
97847	40.0	25.0	35.0
97991	40.0	40.0	25.0
98135	45.0	40.0	20.0
98279	20.0	70.0	30.0
98423	35.0	40.0	25.0
98567	40.0	35.0	20.0
98711	55.0	30.0	25.0
98855	25.0	35.0	45.0
98999	40.0	30.0	30.0
99143	15.0	55.0	25.0
99287	30.0	60.0	10.0
99431	40.0	35.0	15.0
99575	45.0	25.0	45.0
99719	40.0	30.0	35.0
99863	55.0	25.0	30.0
100007	30.0	30.0	40.0