# BASE VAL1 VAL2
# color 0:255:0 0:0:255 100:100:100
71	43.4375	35.3125	30.3125
215	44.0625	36.25	30.9375
359	42.5	37.1875	29.6875
503	43.75	37.1875	27.1875
647	45.9375	36.875	26.5625
791	46.25	36.5625	27.1875
935	47.5	36.875	27.1875
1079	44.6875	36.5625	27.1875
1223	45.3125	34.6875	26.5625
1367	46.25	34.0625	28.75
1511	44.6875	33.4375	27.8125
1655	44.0625	32.1875	28.75
1799	41.25	32.8125	28.75
1943	40.0	35.0	27.8125
2087	39.6875	35.0	26.25
2231	37.8125	38.125	26.875
2375	35.3125	41.875	25.9375
2519	32.8125	44.0625	26.875
2663	30.3125	47.5	27.1875
2807	30.9375	45.3125	28.4375
2951	30.9375	44.375	30.0
3095	30.3125	45.0	33.4375
3239	29.375	45.3125	34.0625
3383	30.3125	43.75	35.625
3527	30.0	45.3125	34.6875
3671	29.375	45.0	35.0
3815	26.5625	49.375	33.75
3959	25.9375	49.6875	33.125
4103	26.875	49.0625	30.9375
4247	30.625	49.0625	26.875
4391	31.5625	47.8125	25.0
4535	31.875	49.375	24.375
4679	30.3125	45.625	26.5625
4823	31.5625	45.0	27.8125
4967	32.8125	45.3125	28.125
5111	29.375	43.4375	29.375
5255	23.75	41.5625	31.875
5399	20.9375	42.5	33.75
5543	18.4375	41.875	34.6875
5687	17.8125	41.5625	35.3125
5831	16.875	39.6875	38.4375
5975	16.5625	39.6875	39.0625
6119	15.9375	41.25	40.3125
6263	14.0625	40.3125	41.5625
6407	13.75	41.25	43.125
6551	15.3125	37.1875	41.5625
6695	18.4375	35.625	40.0
6839	17.8125	37.5	40.9375
6983	17.1875	36.875	43.125
7127	20.3125	35.3125	41.5625
7271	24.6875	36.25	38.75
7415	28.125	36.875	35.625
7559	30.625	36.5625	31.25
7703	32.8125	37.5	30.0
7847	34.6875	35.9375	24.6875
7991	39.375	35.9375	20.3125
8135	38.125	35.625	17.8125
8279	39.6875	35.3125	14.6875
8423	39.0625	35.9375	13.125
8567	41.875	37.8125	11.25
8711	39.6875	38.75	10.0
8855	40.625	38.75	9.375
8999	40.625	40.0	9.6875
9143	40.0	40.9375	9.375
9287	39.6875	39.375	8.75
9431	39.375	40.9375	10.0
9575	39.6875	41.5625	8.4375
9719	39.375	40.3125	9.6875
9863	39.375	40.9375	8.75
10007	39.6875	40.3125	8.75
10151	38.4375	42.5	8.4375
10295	37.5	41.5625	8.125
10439	35.625	39.375	8.4375
10583	35.625	39.6875	8.125
10727	36.25	39.6875	7.1875
10871	35.3125	39.6875	6.5625
11015	33.4375	39.6875	7.5
11159	34.375	40.3125	6.875
11303	33.75	39.6875	6.25
11447	35.625	39.0625	5.9375
11591	35.625	39.0625	5.625
11735	33.125	38.75	7.5
11879	35.625	42.8125	7.5
12023	38.125	44.6875	6.875
12167	36.875	43.4375	7.1875
12311	37.5	45.0	7.1875
12455	34.6875	45.9375	7.8125
12599	33.75	45.3125	7.1875
12743	35.625	47.1875	6.5625
12887	34.0625	45.625	6.25
13031	35.3125	45.625	5.625
13175	35.625	47.1875	5.625
13319	36.875	47.8125	5.3125
13463	35.9375	48.75	5.9375
13607	35.0	45.9375	9.0625
13751	34.0625	44.6875	10.9375
13895	32.5	44.0625	12.8125
14039	30.0	44.6875	17.5
14183	30.0	43.125	21.25
14327	27.8125	41.25	24.0625
14471	32.1875	37.8125	26.875
14615	32.1875	40.3125	28.75
14759	31.875	40.3125	29.0625
14903	29.375	40.3125	32.8125
15047	28.4375	37.5	35.0
15191	29.375	38.75	37.8125
15335	29.0625	37.5	41.5625
15479	28.4375	36.875	43.125
15623	30.0	34.375	42.8125
15767	31.5625	36.25	40.625
15911	32.5	36.875	38.75
16055	32.1875	41.25	35.625
16199	30.0	44.0625	33.4375
16343	30.3125	46.875	31.875
16487	27.1875	50.3125	31.25
16631	27.5	51.5625	31.25
16775	27.1875	49.6875	33.4375
16919	26.5625	48.125	33.125
17063	29.0625	44.375	34.375
17207	29.6875	40.625	39.375
17351	31.25	35.9375	44.0625
17495	33.4375	33.4375	45.9375
17639	33.75	32.1875	49.6875
17783	35.625	30.625	50.625
17927	36.875	27.5	49.6875
18071	35.9375	28.4375	50.9375
18215	36.25	30.9375	47.5
18359	36.875	33.125	45.0
18503	35.9375	34.6875	42.8125
18647	35.0	36.25	41.5625
18791	33.75	38.4375	40.625
18935	33.125	41.25	36.25
19079	33.75	43.75	32.8125
19223	31.875	45.3125	30.3125
19367	29.375	48.125	30.3125
19511	28.4375	45.625	32.5
19655	30.0	40.3125	33.4375
19799	30.9375	37.5	36.25
19943	31.875	33.75	38.4375
20087	33.125	30.3125	40.625
20231	32.8125	26.875	43.4375
20375	33.75	25.0	42.8125
20519	35.625	28.75	40.625
20663	33.75	32.5	38.75
20807	29.6875	37.5	37.8125
20951	28.125	37.8125	38.75
21095	28.4375	39.375	37.8125
21239	30.625	37.8125	40.3125
21383	32.5	35.9375	41.25
21527	33.4375	32.8125	43.4375
21671	36.25	31.25	46.25
21815	40.625	28.125	49.0625
21959	38.75	27.8125	46.25
22103	35.0	30.0	44.0625
22247	32.1875	29.375	43.75
22391	29.375	30.9375	41.5625
22535	25.9375	32.8125	38.4375
22679	23.125	32.1875	38.125
22823	20.625	32.1875	39.375
22967	23.125	31.875	39.6875
23111	25.3125	30.625	40.0
23255	28.75	29.375	39.375
23399	31.25	28.125	38.125
23543	32.8125	28.75	36.5625
23687	35.9375	26.875	32.1875
23831	35.9375	30.0	27.5
23975	32.8125	32.1875	28.125
24119	34.0625	34.375	26.875
24263	31.875	37.5	28.75
24407	29.6875	40.0	29.375
24551	29.6875	38.75	30.3125
24695	32.8125	39.6875	31.25
24839	33.4375	36.5625	32.8125
24983	33.4375	35.625	30.625
25127	32.8125	35.0	30.9375
25271	34.375	31.875	30.0
25415	33.125	30.9375	31.875
25559	28.4375	34.0625	33.4375
25703	25.625	34.0625	36.25
25847	24.375	35.0	37.8125
25991	27.1875	35.0	39.375
26135	26.25	33.4375	43.125
26279	26.5625	30.625	43.125
26423	29.375	29.0625	44.0625
26567	34.375	28.4375	41.5625
26711	35.3125	28.75	37.1875
26855	37.1875	29.0625	32.8125
26999	38.125	31.875	27.1875
27143	39.6875	33.4375	21.875
27287	40.9375	35.3125	19.375
27431	40.0	34.375	16.5625
27575	38.75	35.0	15.625
27719	38.75	36.5625	14.0625
27863	38.4375	38.125	17.1875
28007	40.0	38.75	16.5625
28151	37.8125	37.8125	17.5
28295	39.0625	38.4375	17.8125
28439	39.375	41.25	18.75
28583	41.25	43.125	18.125
28727	40.0	41.25	18.75
28871	40.3125	39.375	16.875
29015	38.75	40.3125	18.125
29159	40.625	39.375	18.125
29303	40.625	37.5	17.5
29447	37.5	35.9375	16.5625
29591	36.25	35.3125	18.125
29735	35.9375	37.1875	17.1875
29879	36.25	36.5625	20.0
30023	34.0625	34.375	22.1875
30167	35.3125	34.0625	24.375
30311	36.25	35.9375	25.3125
30455	37.1875	35.625	27.5
30599	34.0625	34.375	27.1875
30743	35.3125	31.5625	30.625
30887	33.75	30.625	31.25
31031	31.875	27.8125	31.875
31175	30.625	25.0	31.5625
31319	30.3125	25.625	35.625
31463	29.0625	29.0625	38.75
31607	26.5625	34.375	44.6875
31751	24.6875	37.8125	44.6875
31895	25.0	41.875	44.0625
32039	22.5	46.875	45.625
32183	20.0	50.625	48.75
32327	20.0	50.3125	45.625
32471	19.6875	49.375	47.8125
32615	20.625	49.0625	42.1875
32759	20.0	50.0	43.125
32903	20.0	52.1875	44.0625
33047	18.75	51.875	43.75
33191	20.0	52.1875	44.375
33335	20.3125	51.875	45.0
33479	19.6875	51.875	44.6875
33623	19.6875	49.6875	46.875
33767	22.8125	45.9375	46.5625
33911	24.375	41.25	47.8125
34055	28.75	37.5	46.875
34199	30.625	33.4375	48.125
34343	32.8125	30.625	49.6875
34487	35.625	28.125	49.375
34631	37.8125	25.625	50.3125
34775	37.5	24.375	51.25
34919	35.0	24.375	49.375
35063	35.3125	25.3125	48.75
35207	32.5	25.3125	49.375
35351	30.9375	25.625	46.875
35495	31.5625	24.375	48.4375
35639	33.125	25.9375	49.0625
35783	36.25	25.9375	49.0625
35927	36.875	27.1875	49.375
36071	39.375	25.3125	50.9375
36215	41.5625	25.625	52.5
36359	40.9375	25.9375	56.25
36503	41.875	26.5625	54.6875
36647	42.1875	24.0625	54.6875
36791	40.9375	22.8125	56.25
36935	42.1875	21.875	58.125
37079	39.6875	21.875	57.5
37223	37.1875	22.5	55.3125
37367	36.5625	21.875	54.375
37511	32.8125	23.125	55.3125
37655	30.3125	24.6875	51.875
37799	27.1875	24.375	51.875
37943	25.9375	24.6875	50.3125
38087	26.875	23.75	50.9375
38231	26.25	24.0625	51.25
38375	31.25	22.8125	49.0625
38519	33.75	21.25	51.25
38663	34.0625	21.875	51.25
38807	33.75	21.875	51.5625
38951	35.3125	21.25	50.9375
39095	35.625	23.125	48.125
39239	37.1875	22.8125	46.875
39383	32.8125	24.6875	45.9375
39527	33.125	23.4375	47.5
39671	34.0625	23.4375	45.3125
39815	37.8125	24.375	45.625
39959	36.5625	25.9375	46.25
40103	35.9375	25.625	46.875
40247	35.625	26.25	48.75
40391	35.3125	26.5625	48.125
40535	36.875	28.125	45.3125
40679	37.1875	27.1875	46.875
40823	34.0625	30.0	44.0625
40967	33.125	28.125	41.875
41111	33.125	27.8125	40.9375
41255	34.6875	27.5	40.0
41399	34.6875	26.875	41.25
41543	34.6875	24.6875	42.8125
41687	34.375	23.4375	44.375
41831	36.5625	20.3125	48.4375
41975	37.1875	20.625	48.75
42119	35.9375	21.875	49.0625
42263	36.875	25.0	47.8125
42407	37.5	25.0	45.0
42551	39.6875	25.625	40.0
42695	40.625	26.25	39.6875
42839	42.8125	28.4375	37.5
42983	42.5	28.125	38.4375
43127	43.4375	26.25	38.4375
43271	44.6875	26.875	38.125
43415	43.75	28.125	39.0625
43559	42.1875	29.6875	39.375
43703	40.3125	30.625	37.5
43847	40.625	31.5625	36.875
43991	42.5	30.625	35.3125
44135	43.4375	32.1875	35.0
44279	43.4375	32.5	32.8125
44423	43.75	32.1875	32.8125
44567	45.9375	31.875	32.8125
44711	46.875	32.8125	32.1875
44855	45.625	33.75	31.875
44999	45.3125	34.6875	32.1875
45143	46.5625	34.0625	31.5625
45287	44.0625	35.3125	31.25
45431	45.625	33.75	32.5
45575	45.3125	32.1875	33.4375
45719	46.25	30.9375	33.75
45863	47.1875	30.0	37.1875
46007	45.9375	28.125	35.3125
46151	45.9375	29.0625	33.75
46295	44.6875	28.4375	35.3125
46439	43.4375	29.375	34.375
46583	40.0	30.625	37.5
46727	36.5625	31.875	37.8125
46871	33.125	33.4375	38.4375
47015	31.25	34.375	40.9375
47159	30.625	34.375	44.0625
47303	28.125	34.375	44.375
47447	29.0625	34.375	44.375
47591	30.625	34.6875	40.625
47735	30.625	36.5625	40.3125
47879	32.1875	34.375	41.875
48023	32.1875	37.5	42.1875
48167	35.3125	34.0625	42.8125
48311	35.9375	33.4375	42.1875
48455	36.875	34.0625	42.5
48599	34.6875	33.75	46.25
48743	34.375	32.8125	47.5
48887	37.1875	31.875	45.3125
49031	35.9375	32.1875	44.375
49175	34.375	32.1875	44.6875
49319	34.375	33.125	45.3125
49463	35.0	31.5625	45.0
49607	33.4375	32.5	43.4375
49751	32.5	31.5625	44.6875
49895	30.9375	31.5625	45.625
50039	30.9375	30.3125	46.875
50183	29.6875	30.3125	49.0625
50327	31.25	29.6875	48.75
50471	33.125	30.9375	47.1875
50615	33.125	31.25	49.375
50759	32.8125	32.5	47.8125
50903	35.0	31.875	45.3125
51047	35.0	33.75	43.4375
51191	34.375	34.375	43.125
51335	30.625	35.0	43.75
51479	30.0	32.5	45.0
51623	29.0625	33.125	45.3125
51767	29.0625	31.875	47.1875
51911	28.4375	31.25	47.8125
52055	29.375	30.0	47.1875
52199	28.75	29.375	46.875
52343	31.25	28.75	46.25
52487	33.75	28.75	45.9375
52631	34.0625	28.75	47.1875
52775	33.125	30.0	47.8125
52919	33.75	29.6875	49.6875
53063	34.375	29.0625	48.4375
53207	34.375	29.0625	48.125
53351	32.8125	31.875	48.125
53495	29.0625	33.75	49.6875
53639	29.6875	34.375	47.5
53783	27.5	34.0625	44.375
53927	27.1875	32.8125	42.1875
54071	27.1875	32.5	45.3125
54215	29.6875	32.1875	44.375
54359	29.375	30.3125	43.75
54503	28.4375	31.25	39.375
54647	32.1875	32.8125	39.375
54791	34.375	35.3125	37.5
54935	34.0625	38.125	36.5625
55079	34.0625	40.3125	32.1875
55223	35.0	42.5	27.8125
55367	39.0625	42.1875	25.625
55511	39.375	39.0625	28.125
55655	41.875	36.875	30.3125
55799	41.5625	34.6875	29.375
55943	42.8125	31.25	30.3125
56087	42.5	31.25	30.3125
56231	40.9375	30.625	32.8125
56375	39.375	31.25	33.4375
56519	38.75	29.6875	33.125
56663	37.8125	28.75	32.8125
56807	38.125	28.75	32.1875
56951	36.875	28.4375	31.25
57095	35.9375	28.75	30.9375
57239	35.0	26.875	33.75
57383	32.1875	28.4375	35.9375
57527	31.25	30.625	37.8125
57671	29.0625	34.375	37.8125
57815	29.375	36.25	39.0625
57959	29.375	36.875	39.375
58103	32.5	35.9375	39.375
58247	35.625	33.75	35.0
58391	40.625	34.6875	35.3125
58535	37.5	35.9375	34.0625
58679	40.0	34.375	32.5
58823	39.375	32.1875	32.8125
58967	39.6875	34.0625	32.5
59111	36.5625	37.8125	33.75
59255	35.9375	36.25	33.4375
59399	37.8125	35.0	32.8125
59543	43.125	32.8125	33.125
59687	42.1875	31.875	34.6875
59831	40.0	28.4375	37.5
59975	40.0	27.1875	39.6875
60119	40.3125	27.5	38.75
60263	39.0625	31.5625	37.8125
60407	37.5	30.3125	36.875
60551	36.25	29.0625	36.25
60695	36.875	30.625	34.6875
60839	38.4375	32.1875	35.625
60983	41.875	30.3125	32.1875
61127	43.4375	28.4375	33.75
61271	44.375	27.5	33.75
61415	43.125	30.0	33.4375
61559	43.75	30.9375	33.4375
61703	47.1875	31.25	31.5625
61847	45.0	31.5625	33.75
61991	44.0625	32.1875	33.4375
62135	43.4375	31.875	32.8125
62279	45.0	30.9375	35.3125
62423	48.4375	30.625	36.25
62567	47.5	32.5	35.0
62711	50.0	30.625	34.375
62855	49.0625	33.125	31.5625
62999	48.4375	34.6875	30.9375
63143	48.4375	32.1875	33.125
63287	44.375	33.125	33.75
63431	41.875	33.75	34.375
63575	38.125	35.625	36.5625
63719	36.25	38.125	35.3125
63863	35.0	40.3125	37.5
64007	33.75	37.5	39.6875
64151	36.875	36.5625	37.1875
64295	37.8125	34.375	39.0625
64439	40.0	33.125	38.125
64583	41.5625	31.5625	37.8125
64727	39.6875	30.3125	35.625
64871	39.6875	31.25	35.0
65015	38.4375	36.25	32.5
65159	37.8125	40.625	30.0
65303	35.9375	41.5625	28.75
65447	38.125	42.1875	29.375
65591	38.125	43.4375	31.5625
65735	39.0625	45.3125	30.9375
65879	37.8125	44.375	32.8125
66023	37.1875	44.6875	32.1875
66167	36.875	44.375	30.0
66311	36.5625	47.1875	26.25
66455	34.0625	48.4375	25.3125
66599	36.5625	48.75	23.125
66743	36.875	47.5	23.125
66887	39.0625	46.25	21.875
67031	39.0625	45.0	21.5625
67175	38.75	41.875	24.6875
67319	41.25	40.3125	25.625
67463	41.875	39.375	25.9375
67607	40.625	37.8125	26.875
67751	40.625	35.3125	29.6875
67895	41.5625	31.875	30.625
68039	40.9375	33.4375	33.4375
68183	39.0625	35.0	35.0
68327	36.5625	33.75	37.5
68471	35.625	30.3125	39.0625
68615	33.75	31.25	39.375
68759	33.4375	31.875	39.0625
68903	31.875	35.3125	35.9375
69047	35.625	31.875	34.6875
69191	39.6875	30.3125	33.125
69335	40.0	33.4375	31.25
69479	39.375	35.625	33.125
69623	39.6875	35.3125	31.875
69767	37.8125	35.3125	34.6875
69911	35.9375	32.1875	38.4375
70055	31.875	34.6875	38.125
70199	30.0	36.25	37.8125
70343	29.375	38.125	37.1875
70487	30.625	38.75	35.9375
70631	30.0	39.6875	35.0
70775	29.6875	40.625	31.25
70919	32.8125	40.3125	29.6875
71063	34.6875	37.5	31.875
71207	36.5625	35.0	31.875
71351	40.9375	31.5625	33.4375
71495	43.4375	29.0625	35.625
71639	48.4375	25.0	37.1875
71783	50.9375	23.125	40.0
71927	52.1875	21.5625	38.75
72071	48.125	20.625	41.5625
72215	44.6875	22.1875	41.875
72359	41.25	23.75	45.3125
72503	37.5	26.875	44.6875
72647	32.8125	28.125	46.25
72791	28.75	31.5625	45.9375
72935	29.375	33.4375	46.875
73079	31.25	32.1875	47.8125
73223	33.75	30.9375	45.3125
73367	33.4375	30.0	43.75
73511	32.5	30.9375	42.1875
73655	35.625	31.25	40.0
73799	39.375	28.4375	39.6875
73943	40.3125	28.75	38.4375
74087	38.4375	31.25	34.6875
74231	40.3125	30.9375	34.6875
74375	42.5	31.875	32.5
74519	43.75	31.25	34.6875
74663	41.25	31.25	37.8125
74807	40.9375	32.1875	38.4375
74951	41.875	32.1875	41.25
75095	39.6875	34.6875	44.6875
75239	38.4375	33.125	43.75
75383	38.4375	31.5625	44.6875
75527	39.0625	30.3125	45.0
75671	39.0625	30.625	39.6875
75815	36.875	32.1875	38.125
75959	37.5	31.5625	37.1875
76103	39.6875	30.3125	36.5625
76247	36.875	33.4375	38.75
76391	33.125	36.875	41.5625
76535	31.25	36.875	45.0
76679	31.875	37.8125	47.1875
76823	31.25	38.125	46.875
76967	29.6875	37.8125	49.6875
77111	28.4375	38.75	50.0
77255	28.4375	37.1875	53.125
77399	29.375	35.625	54.375
77543	30.625	35.625	49.375
77687	29.0625	34.375	47.1875
77831	28.4375	34.6875	48.4375
77975	28.4375	34.6875	46.5625
78119	29.0625	35.3125	46.5625
78263	31.5625	32.8125	40.9375
78407	29.0625	33.75	40.9375
78551	28.75	36.25	41.25
78695	30.9375	35.3125	41.875
78839	33.75	34.0625	37.8125
78983	37.1875	35.3125	38.125
79127	36.875	37.5	33.75
79271	37.5	39.6875	31.5625
79415	39.375	36.875	30.9375
79559	44.0625	35.625	29.6875
79703	41.25	38.125	29.6875
79847	41.5625	38.4375	28.75
79991	40.625	36.875	29.6875
80135	40.3125	34.6875	31.875
80279	43.125	33.4375	31.875
80423	40.9375	36.5625	32.5
80567	40.625	38.4375	30.625
80711	39.375	40.0	30.3125
80855	38.75	40.625	29.6875
80999	39.375	40.9375	29.6875
81143	37.5	43.75	29.0625
81287	36.875	44.375	29.0625
81431	39.375	39.0625	29.6875
81575	39.375	37.5	30.3125
81719	42.1875	36.5625	29.0625
81863	40.0	34.0625	30.625
82007	40.625	34.6875	31.25
82151	40.3125	35.3125	29.0625
82295	38.75	36.5625	27.1875
82439	35.3125	36.25	27.5
82583	33.75	35.3125	27.8125
82727	32.8125	33.4375	29.375
82871	32.8125	31.875	32.8125
83015	31.5625	33.125	31.5625
83159	32.5	30.625	31.875
83303	34.0625	30.625	33.4375
83447	36.5625	29.6875	34.375
83591	36.5625	30.625	34.0625
83735	37.1875	31.25	33.125
83879	39.0625	31.875	30.625
84023	39.0625	27.8125	35.625
84167	36.875	27.8125	37.1875
84311	38.125	29.375	36.875
84455	38.75	35.9375	35.625
84599	37.8125	40.3125	32.5
84743	38.4375	45.0	30.3125
84887	38.125	45.9375	29.6875
85031	38.4375	49.375	27.5
85175	40.9375	52.1875	23.4375
85319	39.6875	52.1875	25.625
85463	39.6875	45.9375	25.9375
85607	37.5	42.1875	28.4375
85751	35.625	40.625	31.875
85895	34.0625	39.375	32.5
86039	33.4375	36.875	35.0
86183	30.625	34.6875	38.4375
86327	30.625	31.5625	41.875
86471	34.375	31.5625	42.8125
86615	37.1875	32.8125	40.9375
86759	40.0	30.625	38.4375
86903	40.3125	30.9375	38.75
87047	38.4375	31.25	37.5
87191	40.9375	30.3125	35.9375
87335	39.0625	32.8125	33.125
87479	37.1875	33.4375	32.1875
87623	35.0	32.5	34.375
87767	36.25	34.6875	36.5625
87911	37.1875	36.875	39.6875
88055	36.5625	37.8125	37.5
88199	34.6875	37.1875	39.6875
88343	32.5	36.875	40.3125
88487	29.0625	37.5	39.6875
88631	26.875	36.25	38.75
88775	25.9375	34.375	37.8125
88919	24.375	32.8125	35.9375
89063	26.875	30.0	36.25
89207	27.1875	29.6875	34.375
89351	29.0625	31.25	35.0
89495	30.625	32.1875	35.0
89639	32.5	32.8125	33.75
89783	33.125	31.25	32.8125
89927	35.0	33.4375	31.875
90071	31.875	36.25	32.8125
90215	33.75	35.0	31.5625
90359	34.375	33.125	31.875
90503	36.25	33.4375	34.6875
90647	39.375	33.4375	32.1875
90791	37.8125	36.5625	31.5625
90935	37.1875	35.625	30.625
91079	38.4375	35.625	30.0
91223	38.75	35.0	27.8125
91367	41.875	34.0625	27.5
91511	38.125	32.5	25.9375
91655	38.125	31.875	26.25
91799	39.0625	31.5625	26.5625
91943	38.75	30.0	29.375
92087	36.25	30.0	32.1875
92231	33.75	30.0	33.125
92375	33.125	30.0	33.125
92519	35.625	33.4375	32.8125
92663	35.3125	32.8125	34.6875
92807	35.625	34.6875	36.875
92951	36.875	36.875	35.9375
93095	36.875	37.8125	36.875
93239	37.8125	40.3125	38.4375
93383	38.125	40.625	41.25
93527	37.5	40.9375	39.6875
93671	37.1875	41.875	41.875
93815	33.125	40.9375	41.5625
93959	33.125	37.8125	40.9375
94103	34.0625	36.875	39.6875
94247	34.0625	37.5	36.875
94391	30.9375	40.625	39.0625
94535	30.625	40.0	40.0
94679	32.5	38.75	40.0
94823	36.25	38.75	40.0
94967	35.0	40.3125	40.3125
95111	35.3125	36.25	42.8125
95255	38.125	32.1875	39.6875
95399	41.25	29.375	36.875
95543	40.3125	30.3125	34.375
95687	40.0	30.0	35.3125
95831	41.875	30.625	36.25
95975	44.6875	28.75	34.375
96119	43.75	30.0	35.0
96263	40.625	29.375	38.125
96407	38.4375	30.3125	42.1875
96551	37.1875	30.0	43.4375
96695	34.0625	30.0	40.9375
96839	32.8125	31.25	40.625
96983	32.5	31.25	42.8125
97127	32.5	33.75	40.625
97271	34.0625	35.0	38.75
97415	33.4375	36.875	37.8125
97559	35.0	39.375	34.6875
97703	36.875	38.125	33.125
97847	39.375	38.75	30.9375
97991	37.5	40.0	30.0
98135	36.5625	38.125	31.25
98279	33.4375	40.9375	30.9375
98423	33.125	42.1875	29.375
98567	32.1875	41.5625	30.0
98711	32.8125	40.9375	32.5
98855	32.1875	41.5625	30.3125
98999	35.625	41.25	29.375
99143	35.0	38.125	29.375