# BASE VAL1 VAL2
# color 0:255:0 0:0:255 100:100:100
71	44.375	34.375	31.25
215	43.75	36.25	33.75
359	41.875	38.125	30.625
503	41.25	36.875	29.375
647	44.375	37.5	28.125
791	43.125	35.625	26.875
935	44.375	36.25	25.0
1079	46.25	38.125	25.625
1223	48.125	34.375	25.0
1367	50.625	37.5	28.75
1511	46.875	35.625	28.75
1655	42.5	36.25	27.5
1799	41.25	31.25	30.0
1943	43.125	31.25	30.0
2087	43.75	28.125	28.75
2231	44.375	31.875	28.125
2375	39.375	36.875	27.5
2519	36.875	40.625	25.625
2663	30.0	48.125	24.375
2807	31.875	45.0	24.375
2951	30.625	47.5	26.875
3095	29.375	46.875	31.25
3239	28.75	46.25	30.625
3383	30.0	42.5	33.125
3527	31.875	42.5	34.375
3671	31.25	40.625	33.75
3815	28.125	46.25	36.875
3959	27.5	48.125	35.625
4103	26.875	45.625	36.875
4247	28.75	50.625	31.25
4391	25.0	55.0	27.5
4535	24.375	51.875	25.625
4679	30.0	46.875	23.75
4823	38.75	43.125	22.5
4967	40.0	47.5	23.125
5111	34.375	43.125	27.5
5255	26.875	43.75	31.875
5399	25.0	47.5	34.375
5543	22.5	45.625	31.25
5687	22.5	40.0	31.25
5831	18.125	38.75	34.375
5975	14.375	36.875	36.875
6119	15.625	43.125	38.75
6263	13.125	43.125	43.75
6407	16.25	43.125	42.5
6551	16.875	38.125	39.375
6695	17.5	37.5	39.375
6839	11.875	41.25	40.625
6983	13.125	37.5	43.125
7127	16.25	33.75	43.125
7271	22.5	33.75	40.0
7415	21.25	37.5	43.125
7559	21.25	36.25	40.625
7703	27.5	39.375	37.5
7847	31.875	36.875	29.375
7991	40.0	39.375	24.375
8135	37.5	37.5	23.75
8279	40.625	35.625	20.0
8423	36.25	34.375	15.625
8567	40.625	34.375	14.375
8711	39.375	34.375	11.25
8855	41.875	37.5	10.0
8999	43.125	38.75	9.375
9143	41.875	42.5	10.0
9287	40.625	41.875	8.125
9431	40.0	41.25	10.625
9575	40.625	40.625	8.75
9719	39.375	36.875	9.375
9863	39.375	41.875	9.375
10007	39.375	40.625	8.125
10151	40.0	45.0	8.125
10295	38.125	38.75	8.125
10439	37.5	38.75	9.375
10583	36.875	38.75	9.375
10727	36.25	41.25	7.5
10871	35.0	40.0	8.125
11015	33.75	40.0	8.125
11159	36.25	40.0	6.875
11303	36.25	38.125	5.625
11447	34.375	40.0	6.875
11591	33.75	40.625	6.875
11735	30.625	38.75	7.5
11879	34.375	38.125	6.25
12023	38.125	40.0	3.125
12167	36.875	40.625	6.875
12311	37.5	45.0	7.5
12455	36.25	50.625	10.625
12599	35.625	45.625	10.625
12743	39.375	50.0	7.5
12887	33.125	40.625	5.625
13031	35.0	43.75	3.125
13175	33.125	43.75	5.625
13319	31.875	46.25	6.875
13463	34.375	47.5	7.5
13607	39.375	48.125	6.875
13751	41.875	48.125	3.75
13895	41.25	48.125	2.5
14039	31.25	45.625	7.5
14183	27.5	40.625	15.625
14327	25.0	38.75	21.25
14471	28.125	41.875	25.625
14615	31.25	44.375	29.375
14759	34.375	41.25	23.75
14903	35.0	37.5	27.5
15047	36.875	32.5	25.625
15191	31.875	39.375	30.0
15335	26.25	40.625	36.875
15479	20.625	42.5	40.0
15623	23.75	40.0	46.25
15767	30.625	34.375	48.75
15911	35.625	28.75	47.5
16055	36.875	29.375	40.0
16199	33.125	33.75	34.375
16343	29.375	44.375	28.75
16487	26.875	50.0	31.25
16631	25.0	57.5	32.5
16775	30.0	52.5	36.25
16919	28.75	52.5	30.625
17063	29.375	46.875	29.375
17207	25.0	46.25	30.625
17351	24.375	43.75	31.875
17495	29.375	43.75	36.25
17639	31.875	35.625	47.5
17783	36.25	30.0	53.75
17927	40.625	22.5	53.125
18071	36.875	25.625	55.0
18215	36.875	28.75	48.75
18359	34.375	35.625	44.375
18503	35.625	30.625	46.875
18647	35.0	32.5	46.875
18791	39.375	31.25	46.875
18935	35.625	36.25	42.5
19079	35.0	40.0	36.25
19223	31.25	43.75	36.875
19367	29.375	46.875	29.375
19511	31.25	46.25	31.25
19655	33.75	45.625	25.625
19799	30.625	48.75	26.875
19943	26.25	45.0	31.875
20087	26.875	38.75	37.5
20231	30.0	29.375	45.625
20375	33.125	22.5	45.625
20519	39.375	18.75	41.875
20663	36.25	23.125	42.5
20807	33.125	26.875	38.75
20951	33.125	33.75	40.0
21095	28.125	41.875	35.625
21239	26.875	45.625	35.625
21383	21.875	43.75	35.0
21527	26.25	37.5	37.5
21671	31.25	32.5	44.375
21815	38.75	29.375	46.875
21959	39.375	27.5	48.125
22103	40.0	30.0	48.125
22247	40.625	28.75	49.375
22391	40.0	29.375	46.875
22535	31.875	30.625	41.25
22679	26.875	27.5	37.5
22823	18.75	31.875	36.875
22967	20.0	35.625	36.875
23111	21.25	37.5	33.75
23255	21.875	33.125	41.875
23399	23.75	29.375	43.75
23543	28.75	26.875	45.0
23687	32.5	25.625	40.625
23831	35.625	26.875	35.0
23975	35.625	28.75	30.625
24119	38.125	33.125	22.5
24263	35.625	30.625	22.5
24407	31.875	34.375	25.0
24551	28.125	32.5	28.75
24695	28.75	41.25	35.0
24839	25.625	46.25	33.75
24983	30.625	45.0	30.0
25127	33.75	41.25	29.375
25271	40.0	29.375	29.375
25415	38.75	25.625	29.375
25559	35.0	27.5	31.875
25703	29.375	33.125	31.875
25847	28.125	35.625	33.125
25991	26.25	40.0	32.5
26135	21.25	38.75	38.125
26279	19.375	33.75	42.5
26423	25.625	32.5	45.625
26567	28.75	28.75	48.125
26711	31.25	26.875	45.0
26855	33.125	26.875	43.75
26999	35.625	30.625	36.25
27143	39.375	30.0	31.25
27287	42.5	28.75	25.625
27431	40.625	30.625	18.125
27575	38.125	36.25	15.0
27719	42.5	40.0	12.5
27863	38.75	39.375	15.0
28007	40.0	35.625	15.0
28151	36.25	32.5	16.25
28295	36.875	36.875	18.125
28439	38.75	43.125	19.375
28583	42.5	41.25	18.75
28727	40.0	43.125	17.5
28871	41.25	42.5	16.875
29015	38.75	44.375	18.75
29159	40.0	41.25	18.125
29303	41.25	38.75	18.75
29447	40.0	38.75	18.125
29591	40.0	37.5	20.0
29735	39.375	36.25	15.0
29879	37.5	35.0	16.875
30023	34.375	33.125	15.625
30167	32.5	35.625	18.75
30311	32.5	38.125	19.375
30455	33.75	35.0	28.125
30599	36.875	34.375	30.0
30743	41.875	32.5	30.0
30887	38.125	37.5	30.0
31031	34.375	35.0	24.375
31175	32.5	32.5	27.5
31319	28.125	26.25	33.125
31463	27.5	21.875	36.875
31607	30.0	19.375	40.0
31751	31.875	22.5	37.5
31895	31.25	35.0	38.75
32039	25.625	43.75	44.375
32183	19.375	53.75	51.875
32327	19.375	51.25	48.75
32471	18.125	50.0	48.125
32615	21.875	46.25	44.375
32759	18.75	50.0	43.125
32903	20.625	48.75	46.25
33047	20.0	50.625	43.125
33191	21.875	50.625	41.25
33335	19.375	52.5	44.375
33479	18.125	57.5	42.5
33623	13.75	53.75	50.625
33767	22.5	51.25	47.5
33911	21.875	45.625	47.5
34055	25.0	46.875	45.0
34199	22.5	43.125	43.75
34343	26.25	37.5	49.375
34487	32.5	31.875	47.5
34631	38.75	23.75	50.0
34775	40.0	25.0	49.375
34919	38.125	25.625	49.375
35063	39.375	25.625	50.0
35207	35.625	25.0	51.875
35351	32.5	25.0	51.25
35495	33.75	22.5	50.0
35639	33.125	24.375	48.125
35783	31.25	25.625	44.375
35927	29.375	25.0	46.875
36071	31.25	25.625	48.75
36215	41.875	25.0	51.875
36359	40.0	29.375	51.875
36503	48.125	26.875	50.0
36647	46.25	26.25	51.875
36791	40.625	24.375	56.25
36935	37.5	24.375	60.625
37079	38.75	21.875	57.5
37223	40.625	20.625	56.25
37367	46.25	20.0	53.75
37511	42.5	18.75	57.5
37655	35.625	26.25	54.375
37799	30.0	22.5	54.375
37943	23.75	26.875	50.625
38087	24.375	25.625	48.75
38231	22.5	27.5	49.375
38375	26.875	25.0	46.875
38519	28.125	21.875	49.375
38663	28.75	20.625	53.125
38807	33.125	23.125	51.25
38951	39.375	18.75	53.125
39095	38.75	23.125	51.25
39239	36.875	22.5	50.625
39383	30.625	23.75	50.0
39527	31.875	23.125	45.625
39671	36.25	23.125	44.375
39815	37.5	23.75	41.875
39959	33.75	26.25	45.0
40103	30.625	24.375	47.5
40247	33.125	25.625	48.125
40391	39.375	24.375	47.5
40535	40.0	29.375	46.25
40679	38.125	26.875	51.25
40823	31.875	30.625	48.125
40967	34.375	23.75	46.875
41111	35.0	26.25	43.75
41255	35.625	28.75	40.625
41399	34.375	28.75	38.125
41543	31.25	28.75	38.125
41687	34.375	28.125	38.125
41831	36.25	21.875	44.375
41975	37.5	23.125	44.375
42119	35.0	18.75	50.625
42263	37.5	19.375	51.25
42407	37.5	18.125	55.0
42551	38.125	23.125	45.625
42695	36.875	28.75	43.75
42839	36.875	32.5	37.5
42983	41.25	26.875	35.625
43127	43.75	23.75	36.25
43271	48.125	24.375	36.25
43415	46.25	25.625	40.0
43559	41.875	28.125	41.875
43703	41.875	28.75	40.0
43847	40.0	30.625	40.0
43991	41.875	30.0	36.25
44135	38.75	32.5	35.625
44279	38.75	35.0	32.5
44423	42.5	30.0	34.375
44567	45.625	31.875	31.875
44711	50.0	29.375	32.5
44855	44.375	31.25	33.75
44999	42.5	33.75	33.75
45143	45.0	35.0	31.25
45287	46.25	35.625	29.375
45431	49.375	32.5	31.25
45575	47.5	33.75	31.875
45719	44.375	35.625	30.0
45863	44.375	36.25	34.375
46007	43.75	30.625	33.75
46151	44.375	30.0	34.375
46295	50.625	24.375	38.75
46439	48.125	23.75	38.125
46583	46.875	26.875	35.625
46727	41.875	31.25	31.875
46871	39.375	35.0	31.25
47015	34.375	35.0	37.5
47159	31.25	33.75	43.125
47303	27.5	30.625	46.25
47447	29.375	32.5	46.875
47591	31.25	31.875	43.75
47735	28.125	38.125	42.5
47879	26.25	36.25	45.0
48023	29.375	37.5	40.0
48167	33.125	35.625	40.0
48311	35.0	33.75	38.75
48455	34.375	36.875	41.25
48599	36.25	33.125	45.625
48743	35.625	33.125	46.25
48887	37.5	32.5	42.5
49031	34.375	31.875	43.75
49175	33.125	31.875	46.875
49319	36.25	33.125	47.5
49463	38.125	30.625	43.75
49607	33.75	33.125	43.125
49751	33.125	33.75	44.375
49895	31.875	33.75	44.375
50039	32.5	31.25	43.75
50183	30.0	31.875	45.625
50327	30.625	29.375	45.625
50471	30.0	30.625	46.875
50615	30.0	28.125	51.875
50759	28.75	31.25	53.75
50903	35.0	32.5	50.0
51047	36.25	32.5	47.5
51191	36.875	33.125	43.75
51335	35.0	32.5	41.25
51479	33.75	35.0	38.75
51623	30.0	36.25	41.25
51767	29.375	36.875	45.625
51911	25.625	32.5	49.375
52055	26.25	30.625	50.0
52199	28.125	30.0	48.125
52343	32.5	26.875	44.375
52487	31.25	31.25	45.625
52631	28.75	30.625	46.25
52775	30.0	31.875	46.875
52919	31.875	27.5	48.75
53063	37.5	26.25	47.5
53207	36.25	25.625	50.625
53351	36.875	30.625	51.25
53495	31.875	31.875	51.25
53639	32.5	33.125	46.25
53783	28.125	31.875	46.875
53927	27.5	33.75	46.875
54071	26.875	35.625	51.875
54215	26.875	35.0	41.875
54359	25.625	31.25	39.375
54503	26.875	30.0	38.125
54647	32.5	29.375	45.625
54791	32.5	29.375	47.5
54935	30.625	30.625	43.75
55079	33.125	35.625	33.125
55223	33.75	38.75	29.375
55367	38.75	45.0	26.875
55511	36.25	44.375	30.625
55655	35.625	45.625	30.0
55799	38.125	43.125	24.375
55943	42.5	33.75	26.25
56087	45.625	31.25	27.5
56231	45.625	26.875	35.625
56375	41.875	26.875	35.0
56519	39.375	31.875	34.375
56663	36.25	33.125	28.125
56807	35.0	34.375	33.125
56951	36.875	28.75	31.25
57095	39.375	24.375	36.25
57239	43.75	21.25	35.0
57383	38.75	25.0	32.5
57527	35.625	33.75	26.875
57671	30.0	31.875	31.875
57815	27.5	32.5	38.75
57959	26.25	29.375	45.625
58103	27.5	35.625	49.375
58247	28.125	38.125	39.375
58391	31.875	43.125	35.625
58535	33.125	40.0	30.625
58679	41.875	33.125	28.125
58823	46.25	27.5	35.0
58967	43.125	30.0	36.875
59111	38.75	36.25	36.25
59255	36.25	36.875	30.625
59399	32.5	37.5	29.375
59543	36.25	39.375	30.625
59687	37.5	36.875	32.5
59831	41.25	33.75	35.625
59975	46.875	30.0	36.25
60119	48.125	28.125	36.25
60263	40.625	26.25	40.0
60407	38.125	22.5	41.25
60551	30.625	27.5	42.5
60695	35.625	34.375	36.875
60839	40.625	37.5	32.5
60983	41.25	31.25	29.375
61127	39.375	30.0	31.25
61271	39.375	25.0	36.25
61415	40.625	27.5	36.25
61559	46.25	27.5	36.875
61703	51.875	28.125	31.875
61847	47.5	31.25	29.375
61991	41.25	34.375	30.0
62135	41.25	33.75	28.75
62279	42.5	31.875	33.75
62423	46.25	31.25	38.125
62567	48.125	30.0	36.25
62711	46.25	31.25	35.0
62855	50.625	31.25	36.875
62999	46.875	32.5	33.75
63143	52.5	31.25	33.125
63287	50.0	33.75	28.75
63431	49.375	34.375	28.125
63575	48.125	33.125	30.0
63719	38.75	31.875	37.5
63863	36.875	33.75	41.25
64007	29.375	35.625	41.875
64151	32.5	44.375	35.625
64295	33.125	42.5	36.25
64439	33.125	42.5	36.875
64583	40.0	33.125	39.375
64727	41.25	25.625	44.375
64871	45.0	21.25	43.75
65015	44.375	28.75	37.5
65159	38.125	35.0	30.0
65303	35.0	35.625	28.75
65447	34.375	42.5	26.875
65591	33.75	47.5	28.75
65735	36.875	45.625	31.875
65879	38.75	43.125	33.125
66023	40.0	40.0	36.25
66167	38.75	41.875	33.125
66311	39.375	45.0	30.625
66455	33.75	47.5	30.0
66599	37.5	48.75	29.375
66743	31.875	50.625	23.75
66887	33.125	48.75	20.625
67031	36.875	47.5	18.75
67175	40.0	45.625	20.0
67319	41.875	43.125	24.375
67463	44.375	44.375	24.375
67607	40.0	38.75	25.625
67751	39.375	36.25	27.5
67895	38.125	33.125	27.5
68039	40.0	36.25	27.5
68183	43.125	33.75	30.0
68327	44.375	31.875	33.75
68471	45.625	27.5	38.125
68615	38.125	35.625	38.75
68759	34.375	36.875	41.875
68903	27.5	34.375	38.75
69047	28.125	28.125	39.375
69191	32.5	26.25	38.125
69335	36.25	32.5	34.375
69479	38.75	38.75	31.25
69623	46.25	36.25	26.875
69767	44.375	36.875	26.25
69911	41.25	31.875	33.125
70055	34.375	33.125	35.625
70199	30.0	35.0	39.375
70343	31.25	33.125	41.875
70487	28.125	34.375	42.5
70631	31.25	36.875	36.25
70775	29.375	41.875	34.375
70919	30.625	43.125	31.25
71063	31.875	41.875	33.125
71207	30.0	41.875	29.375
71351	33.75	37.5	28.75
71495	35.625	34.375	30.0
71639	41.25	29.375	33.75
71783	45.625	28.125	36.25
71927	49.375	24.375	40.625
72071	55.0	19.375	40.625
72215	56.25	18.75	41.25
72359	58.125	18.125	40.625
72503	45.0	21.875	42.5
72647	35.0	25.0	40.625
72791	26.25	27.5	47.5
72935	26.875	33.125	49.375
73079	30.625	29.375	51.875
73223	31.25	33.125	47.5
73367	29.375	33.125	45.625
73511	30.0	35.0	45.0
73655	33.75	28.75	43.75
73799	36.875	28.125	42.5
73943	37.5	24.375	38.125
74087	35.0	33.125	35.625
74231	42.5	31.25	33.75
74375	41.875	31.875	37.5
74519	43.75	29.375	36.875
74663	40.0	29.375	33.75
74807	41.875	33.75	28.75
74951	42.5	30.625	31.25
75095	43.75	32.5	37.5
75239	42.5	31.25	48.125
75383	41.25	33.75	51.875
75527	38.125	33.75	53.75
75671	34.375	34.375	43.75
75815	35.625	31.25	38.75
75959	37.5	28.125	37.5
76103	41.25	26.875	35.0
76247	40.625	31.25	36.25
76391	36.25	36.25	36.875
76535	38.125	32.5	38.75
76679	35.625	33.125	39.375
76823	33.125	38.125	45.625
76967	25.625	40.625	49.375
77111	26.25	42.5	53.125
77255	28.75	41.25	50.625
77399	31.25	36.25	50.625
77543	30.625	36.875	49.375
77687	29.375	33.75	50.625
77831	25.625	36.25	58.75
77975	30.625	34.375	52.5
78119	27.5	37.5	50.0
78263	32.5	35.625	36.25
78407	26.25	35.0	38.125
78551	28.75	33.75	43.125
78695	32.5	30.625	45.0
78839	31.25	33.125	41.25
78983	31.25	35.0	41.25
79127	26.875	40.0	38.125
79271	33.75	38.125	35.0
79415	40.625	34.375	34.375
79559	45.0	35.0	31.25
79703	41.25	39.375	28.125
79847	40.0	40.0	27.5
79991	41.875	37.5	26.25
80135	38.125	35.0	34.375
80279	42.5	35.625	34.375
80423	43.125	35.625	31.875
80567	41.25	35.625	31.25
80711	43.75	31.25	29.375
80855	39.375	36.25	30.625
80999	40.0	40.625	31.25
81143	37.5	48.75	30.625
81287	36.875	48.125	28.75
81431	38.75	42.5	29.375
81575	36.25	40.625	31.25
81719	38.125	43.125	29.375
81863	37.5	36.25	29.375
82007	42.5	35.625	30.625
82151	44.375	31.25	29.375
82295	45.625	31.25	30.0
82439	38.75	33.125	33.125
82583	36.875	38.75	29.375
82727	31.875	40.0	26.25
82871	33.75	41.25	22.5
83015	28.125	35.0	23.75
83159	31.875	30.625	28.75
83303	34.375	23.125	40.625
83447	35.625	26.25	42.5
83591	31.875	31.25	38.125
83735	36.875	32.5	30.0
83879	37.5	36.875	25.625
84023	42.5	29.375	30.0
84167	38.75	31.875	36.25
84311	41.25	25.625	36.875
84455	38.75	26.25	40.0
84599	36.875	25.625	38.125
84743	35.0	30.625	38.75
84887	39.375	40.625	33.125
85031	39.375	53.125	27.5
85175	41.25	58.75	20.625
85319	37.5	54.375	24.375
85463	40.0	46.25	25.0
85607	39.375	46.875	25.625
85751	40.0	45.625	28.125
85895	38.125	47.5	26.875
86039	37.5	41.875	30.0
86183	33.125	35.625	33.75
86327	30.625	30.625	36.875
86471	26.875	30.625	38.75
86615	27.5	32.5	42.5
86759	29.375	31.25	45.625
86903	38.75	31.25	48.75
87047	43.125	35.0	40.0
87191	51.25	31.875	36.25
87335	45.0	31.25	31.875
87479	35.0	30.625	30.625
87623	30.625	29.375	37.5
87767	32.5	33.125	35.0
87911	38.75	35.0	35.625
88055	41.25	35.625	30.625
88199	37.5	35.625	37.5
88343	38.125	37.5	41.875
88487	32.5	38.75	46.25
88631	32.5	42.5	41.25
88775	30.625	33.75	38.125
88919	25.0	35.0	33.125
89063	21.25	31.875	33.75
89207	20.0	31.875	36.25
89351	24.375	33.75	39.375
89495	28.75	29.375	40.0
89639	35.0	26.25	32.5
89783	35.0	28.75	30.0
89927	34.375	35.625	29.375
90071	29.375	38.125	33.75
90215	30.625	35.625	34.375
90359	35.0	33.125	35.0
90503	32.5	32.5	34.375
90647	35.625	31.25	28.125
90791	36.25	35.0	27.5
90935	36.25	35.625	33.75
91079	42.5	34.375	36.875
91223	40.625	40.0	37.5
91367	38.125	36.875	31.875
91511	36.875	35.625	23.75
91655	36.875	34.375	21.875
91799	41.875	31.875	23.125
91943	43.75	29.375	25.625
92087	38.75	26.875	30.625
92231	38.125	31.25	30.625
92375	35.0	28.125	31.25
92519	37.5	33.125	30.0
92663	29.375	30.0	35.0
92807	28.75	31.875	37.5
92951	33.125	31.875	33.75
93095	39.375	35.0	33.125
93239	44.375	37.5	33.125
93383	43.75	40.625	36.875
93527	34.375	40.625	38.75
93671	33.75	42.5	43.75
93815	30.0	42.5	45.0
93959	38.125	40.625	41.25
94103	42.5	41.875	41.875
94247	39.375	39.375	36.25
94391	29.375	38.75	40.0
94535	25.0	33.75	40.0
94679	26.875	35.625	37.5
94823	29.375	41.875	36.25
94967	34.375	49.375	39.375
95111	35.0	45.0	44.375
95255	41.25	40.625	43.75
95399	36.875	33.125	41.25
95543	34.375	31.875	43.125
95687	34.375	26.25	37.5
95831	41.25	25.0	34.375
95975	47.5	26.25	28.125
96119	48.125	33.75	27.5
96263	44.375	35.0	36.25
96407	40.0	31.25	41.875
96551	40.0	30.625	41.25
96695	36.875	25.625	41.875
96839	36.875	26.25	41.25
96983	34.375	31.25	43.75
97127	32.5	33.125	39.375
97271	31.25	36.875	40.0
97415	29.375	31.25	41.25
97559	34.375	32.5	41.25
97703	37.5	33.75	36.875
97847	38.75	40.625	34.375
97991	36.25	45.0	28.75
98135	36.875	43.75	28.125
98279	36.875	41.25	25.625
98423	40.625	35.0	30.625
98567	38.125	31.875	30.625
98711	31.25	36.875	36.25
98855	28.125	46.875	29.375
98999	26.25	50.625	28.75
99143	30.0	46.875	26.875
99287	36.875	40.0	28.75
99431	42.5	32.5	29.375
99575	41.25	28.125	32.5