# BASE VAL1 VAL2
# color 0:255:0 0:0:255 100:100:100
71	45.0	31.25	31.25
215	47.5	33.75	31.25
359	38.75	33.75	35.0
503	41.25	40.0	27.5
647	46.25	40.0	25.0
791	45.0	33.75	28.75
935	46.25	35.0	28.75
1079	42.5	38.75	25.0
1223	45.0	33.75	21.25
1367	51.25	33.75	27.5
1511	51.25	36.25	27.5
1655	50.0	37.5	28.75
1799	36.25	32.5	31.25
1943	40.0	32.5	28.75
2087	47.5	26.25	30.0
2231	45.0	32.5	27.5
2375	45.0	30.0	27.5
2519	41.25	38.75	28.75
2663	31.25	50.0	25.0
2807	33.75	43.75	18.75
2951	32.5	43.75	25.0
3095	31.25	48.75	30.0
3239	22.5	47.5	28.75
3383	27.5	50.0	33.75
3527	32.5	45.0	32.5
3671	32.5	33.75	32.5
3815	26.25	45.0	38.75
3959	27.5	51.25	40.0
4103	30.0	42.5	38.75
4247	30.0	45.0	33.75
4391	26.25	53.75	33.75
4535	22.5	63.75	25.0
4679	20.0	46.25	30.0
4823	30.0	42.5	26.25
4967	45.0	51.25	18.75
5111	46.25	38.75	17.5
5255	30.0	43.75	28.75
5399	21.25	50.0	36.25
5543	21.25	48.75	36.25
5687	27.5	43.75	31.25
5831	21.25	38.75	32.5
5975	16.25	35.0	37.5
6119	17.5	40.0	36.25
6263	10.0	43.75	42.5
6407	11.25	48.75	42.5
6551	16.25	36.25	46.25
6695	25.0	36.25	36.25
6839	12.5	45.0	38.75
6983	7.5	38.75	41.25
7127	8.75	38.75	50.0
7271	18.75	35.0	42.5
7415	23.75	32.5	37.5
7559	27.5	35.0	38.75
7703	21.25	42.5	47.5
7847	25.0	33.75	32.5
7991	36.25	40.0	27.5
8135	40.0	41.25	23.75
8279	40.0	38.75	16.25
8423	33.75	35.0	21.25
8567	41.25	36.25	17.5
8711	41.25	33.75	11.25
8855	37.5	35.0	11.25
8999	41.25	35.0	10.0
9143	42.5	42.5	10.0
9287	45.0	45.0	8.75
9431	38.75	45.0	11.25
9575	40.0	38.75	7.5
9719	41.25	37.5	11.25
9863	38.75	42.5	8.75
10007	37.5	33.75	6.25
10151	41.25	46.25	8.75
10295	40.0	46.25	6.25
10439	36.25	42.5	11.25
10583	38.75	35.0	8.75
10727	42.5	41.25	8.75
10871	35.0	42.5	7.5
11015	33.75	43.75	7.5
11159	33.75	37.5	6.25
11303	33.75	38.75	6.25
11447	40.0	38.75	6.25
11591	36.25	37.5	5.0
11735	27.5	35.0	10.0
11879	32.5	42.5	10.0
12023	35.0	43.75	3.75
12167	37.5	33.75	2.5
12311	40.0	38.75	3.75
12455	28.75	41.25	12.5
12599	33.75	48.75	11.25
12743	46.25	57.5	8.75
12887	35.0	41.25	7.5
13031	38.75	46.25	1.25
13175	32.5	45.0	5.0
13319	28.75	43.75	5.0
13463	28.75	47.5	7.5
13607	37.5	52.5	8.75
13751	42.5	47.5	6.25
13895	40.0	46.25	3.75
14039	38.75	50.0	1.25
14183	35.0	51.25	6.25
14327	20.0	35.0	21.25
14471	25.0	32.5	27.5
14615	27.5	48.75	25.0
14759	35.0	46.25	27.5
14903	37.5	41.25	30.0
15047	32.5	40.0	21.25
15191	40.0	32.5	28.75
15335	37.5	36.25	32.5
15479	20.0	46.25	35.0
15623	15.0	50.0	45.0
15767	25.0	33.75	50.0
15911	38.75	31.25	46.25
16055	36.25	32.5	43.75
16199	36.25	30.0	42.5
16343	38.75	27.5	30.0
16487	25.0	47.5	27.5
16631	22.5	57.5	31.25
16775	31.25	52.5	37.5
16919	25.0	53.75	31.25
17063	33.75	45.0	32.5
17207	26.25	50.0	28.75
17351	28.75	43.75	28.75
17495	23.75	46.25	32.5
17639	23.75	45.0	42.5
17783	33.75	38.75	46.25
17927	40.0	22.5	55.0
18071	40.0	21.25	61.25
18215	38.75	23.75	52.5
18359	36.25	37.5	42.5
18503	32.5	36.25	43.75
18647	36.25	30.0	46.25
18791	36.25	26.25	52.5
18935	35.0	38.75	45.0
19079	41.25	33.75	42.5
19223	37.5	40.0	33.75
19367	28.75	50.0	27.5
19511	23.75	48.75	37.5
19655	35.0	42.5	23.75
19799	36.25	48.75	23.75
19943	30.0	48.75	26.25
20087	26.25	50.0	32.5
20231	25.0	41.25	41.25
20375	27.5	21.25	48.75
20519	37.5	17.5	46.25
20663	38.75	23.75	38.75
20807	40.0	22.5	41.25
20951	31.25	27.5	46.25
21095	27.5	35.0	35.0
21239	33.75	45.0	36.25
21383	31.25	43.75	36.25
21527	20.0	50.0	33.75
21671	21.25	36.25	40.0
21815	41.25	27.5	50.0
21959	38.75	27.5	50.0
22103	40.0	31.25	41.25
22247	41.25	23.75	52.5
22391	42.5	30.0	52.5
22535	38.75	32.5	46.25
22679	36.25	23.75	37.5
22823	18.75	31.25	37.5
22967	16.25	36.25	36.25
23111	21.25	37.5	31.25
23255	23.75	35.0	36.25
23399	18.75	36.25	38.75
23543	22.5	27.5	48.75
23687	35.0	22.5	45.0
23831	32.5	25.0	40.0
23975	31.25	27.5	31.25
24119	41.25	31.25	25.0
24263	37.5	31.25	27.5
24407	33.75	27.5	20.0
24551	32.5	30.0	18.75
24695	27.5	40.0	36.25
24839	27.5	33.75	40.0
24983	28.75	51.25	31.25
25127	25.0	52.5	35.0
25271	33.75	31.25	31.25
25415	42.5	27.5	26.25
25559	41.25	26.25	32.5
25703	27.5	25.0	33.75
25847	23.75	35.0	31.25
25991	31.25	41.25	26.25
26135	27.5	37.5	38.75
26279	12.5	40.0	36.25
26423	18.75	35.0	45.0
26567	25.0	27.5	48.75
26711	33.75	30.0	45.0
26855	31.25	30.0	46.25
26999	32.5	27.5	42.5
27143	36.25	26.25	40.0
27287	46.25	31.25	28.75
27431	41.25	28.75	25.0
27575	38.75	28.75	18.75
27719	40.0	40.0	10.0
27863	37.5	43.75	11.25
28007	42.5	42.5	13.75
28151	32.5	31.25	16.25
28295	37.5	28.75	16.25
28439	37.5	37.5	17.5
28583	42.5	42.5	21.25
28727	45.0	43.75	18.75
28871	40.0	40.0	13.75
29015	33.75	43.75	16.25
29159	40.0	42.5	17.5
29303	43.75	45.0	17.5
29447	33.75	38.75	20.0
29591	38.75	33.75	17.5
29735	38.75	38.75	17.5
29879	42.5	40.0	20.0
30023	37.5	33.75	15.0
30167	32.5	30.0	13.75
30311	27.5	36.25	18.75
30455	33.75	41.25	22.5
30599	35.0	37.5	26.25
30743	36.25	30.0	36.25
30887	40.0	33.75	32.5
31031	43.75	37.5	22.5
31175	37.5	38.75	25.0
31319	23.75	28.75	23.75
31463	31.25	23.75	33.75
31607	30.0	22.5	45.0
31751	26.25	16.25	42.5
31895	35.0	16.25	30.0
32039	33.75	36.25	38.75
32183	25.0	51.25	48.75
32327	18.75	55.0	53.75
32471	13.75	57.5	56.25
32615	23.75	41.25	38.75
32759	21.25	46.25	43.75
32903	18.75	52.5	51.25
33047	20.0	52.5	36.25
33191	25.0	45.0	47.5
33335	18.75	53.75	42.5
33479	17.5	57.5	37.5
33623	16.25	55.0	48.75
33767	17.5	52.5	50.0
33911	20.0	46.25	50.0
34055	28.75	48.75	42.5
34199	18.75	47.5	45.0
34343	20.0	45.0	46.25
34487	27.5	37.5	45.0
34631	35.0	28.75	50.0
34775	36.25	26.25	50.0
34919	40.0	20.0	51.25
35063	40.0	26.25	51.25
35207	33.75	27.5	52.5
35351	33.75	27.5	50.0
35495	35.0	20.0	53.75
35639	30.0	23.75	47.5
35783	33.75	26.25	43.75
35927	30.0	25.0	47.5
36071	25.0	26.25	42.5
36215	33.75	23.75	50.0
36359	37.5	28.75	57.5
36503	51.25	28.75	50.0
36647	45.0	31.25	47.5
36791	45.0	23.75	51.25
36935	42.5	22.5	58.75
37079	35.0	22.5	63.75
37223	35.0	26.25	55.0
37367	46.25	18.75	51.25
37511	45.0	16.25	58.75
37655	46.25	23.75	56.25
37799	37.5	23.75	56.25
37943	23.75	27.5	52.5
38087	26.25	21.25	52.5
38231	18.75	30.0	55.0
38375	26.25	26.25	41.25
38519	26.25	20.0	50.0
38663	30.0	18.75	51.25
38807	33.75	22.5	53.75
38951	31.25	20.0	53.75
39095	41.25	20.0	48.75
39239	47.5	17.5	52.5
39383	31.25	28.75	47.5
39527	22.5	25.0	50.0
39671	32.5	17.5	47.5
39815	41.25	27.5	37.5
39959	37.5	31.25	38.75
40103	28.75	23.75	42.5
40247	33.75	20.0	53.75
40391	33.75	26.25	46.25
40535	41.25	27.5	46.25
40679	45.0	23.75	51.25
40823	37.5	33.75	47.5
40967	33.75	25.0	50.0
41111	27.5	25.0	48.75
41255	38.75	27.5	38.75
41399	38.75	28.75	42.5
41543	30.0	30.0	38.75
41687	31.25	31.25	32.5
41831	35.0	23.75	41.25
41975	38.75	23.75	41.25
42119	35.0	21.25	48.75
42263	38.75	22.5	48.75
42407	32.5	18.75	55.0
42551	41.25	17.5	50.0
42695	37.5	20.0	50.0
42839	32.5	32.5	40.0
42983	38.75	32.5	41.25
43127	40.0	27.5	33.75
43271	45.0	23.75	27.5
43415	46.25	23.75	38.75
43559	50.0	28.75	41.25
43703	38.75	32.5	42.5
43847	37.5	28.75	41.25
43991	43.75	27.5	38.75
44135	42.5	32.5	36.25
44279	38.75	35.0	32.5
44423	35.0	32.5	33.75
44567	45.0	32.5	33.75
44711	51.25	27.5	33.75
44855	45.0	32.5	38.75
44999	43.75	31.25	33.75
45143	46.25	32.5	30.0
45287	45.0	35.0	33.75
45431	47.5	35.0	31.25
45575	48.75	33.75	26.25
45719	47.5	37.5	32.5
45863	47.5	37.5	35.0
46007	38.75	32.5	27.5
46151	42.5	33.75	33.75
46295	46.25	27.5	38.75
46439	51.25	22.5	33.75
46583	56.25	21.25	43.75
46727	45.0	30.0	37.5
46871	42.5	35.0	23.75
47015	37.5	33.75	31.25
47159	35.0	36.25	36.25
47303	25.0	32.5	46.25
47447	32.5	28.75	48.75
47591	28.75	31.25	41.25
47735	23.75	40.0	42.5
47879	30.0	35.0	48.75
48023	26.25	42.5	42.5
48167	26.25	35.0	41.25
48311	36.25	32.5	35.0
48455	40.0	35.0	32.5
48599	36.25	30.0	42.5
48743	30.0	40.0	51.25
48887	45.0	27.5	42.5
49031	36.25	30.0	40.0
49175	31.25	36.25	43.75
49319	30.0	35.0	51.25
49463	36.25	28.75	50.0
49607	37.5	33.75	43.75
49751	36.25	33.75	41.25
49895	32.5	31.25	42.5
50039	32.5	33.75	43.75
50183	31.25	31.25	45.0
50327	30.0	30.0	43.75
50471	32.5	28.75	42.5
50615	32.5	27.5	50.0
50759	26.25	31.25	53.75
50903	31.25	27.5	55.0
51047	38.75	30.0	48.75
51191	42.5	33.75	40.0
51335	32.5	36.25	45.0
51479	35.0	33.75	40.0
51623	33.75	35.0	36.25
51767	31.25	37.5	40.0
51911	27.5	38.75	48.75
52055	26.25	35.0	48.75
52199	23.75	26.25	48.75
52343	31.25	27.5	46.25
52487	33.75	28.75	47.5
52631	31.25	27.5	46.25
52775	28.75	33.75	45.0
52919	28.75	28.75	48.75
53063	32.5	23.75	47.5
53207	40.0	22.5	47.5
53351	43.75	28.75	47.5
53495	31.25	31.25	50.0
53639	33.75	35.0	52.5
53783	30.0	35.0	45.0
53927	32.5	30.0	38.75
54071	25.0	36.25	50.0
54215	25.0	40.0	51.25
54359	27.5	36.25	42.5
54503	23.75	33.75	32.5
54647	25.0	31.25	40.0
54791	30.0	28.75	48.75
54935	36.25	31.25	51.25
55079	28.75	30.0	46.25
55223	23.75	36.25	28.75
55367	40.0	42.5	20.0
55511	40.0	43.75	30.0
55655	32.5	47.5	33.75
55799	33.75	47.5	27.5
55943	37.5	42.5	25.0
56087	43.75	35.0	22.5
56231	43.75	26.25	30.0
56375	50.0	25.0	35.0
56519	41.25	28.75	36.25
56663	38.75	28.75	28.75
56807	38.75	36.25	28.75
56951	33.75	35.0	28.75
57095	35.0	33.75	37.5
57239	43.75	20.0	31.25
57383	41.25	18.75	38.75
57527	40.0	27.5	31.25
57671	33.75	33.75	23.75
57815	28.75	35.0	23.75
57959	25.0	25.0	43.75
58103	22.5	31.25	50.0
58247	30.0	25.0	41.25
58391	30.0	41.25	43.75
58535	31.25	47.5	33.75
58679	37.5	43.75	25.0
58823	42.5	27.5	31.25
58967	45.0	23.75	33.75
59111	55.0	28.75	37.5
59255	31.25	36.25	37.5
59399	27.5	40.0	32.5
59543	36.25	33.75	27.5
59687	40.0	37.5	27.5
59831	31.25	42.5	36.25
59975	37.5	31.25	38.75
60119	53.75	23.75	37.5
60263	56.25	28.75	36.25
60407	43.75	27.5	40.0
60551	28.75	18.75	45.0
60695	33.75	26.25	42.5
60839	35.0	38.75	37.5
60983	42.5	41.25	30.0
61127	41.25	32.5	28.75
61271	41.25	22.5	28.75
61415	35.0	26.25	37.5
61559	40.0	27.5	45.0
61703	53.75	28.75	27.5
61847	51.25	27.5	31.25
61991	47.5	31.25	31.25
62135	40.0	36.25	25.0
62279	36.25	32.5	28.75
62423	48.75	30.0	35.0
62567	46.25	32.5	43.75
62711	46.25	28.75	35.0
62855	46.25	30.0	31.25
62999	46.25	33.75	36.25
63143	56.25	30.0	38.75
63287	45.0	35.0	27.5
63431	55.0	30.0	33.75
63575	48.75	37.5	30.0
63719	43.75	38.75	22.5
63863	42.5	32.5	37.5
64007	31.25	31.25	47.5
64151	32.5	38.75	33.75
64295	26.25	38.75	36.25
64439	35.0	50.0	35.0
64583	37.5	47.5	33.75
64727	38.75	31.25	40.0
64871	48.75	16.25	45.0
65015	43.75	23.75	45.0
65159	42.5	27.5	33.75
65303	40.0	31.25	28.75
65447	30.0	36.25	26.25
65591	27.5	46.25	26.25
65735	33.75	50.0	28.75
65879	40.0	47.5	32.5
66023	33.75	45.0	33.75
66167	46.25	37.5	28.75
66311	47.5	38.75	32.5
66455	40.0	51.25	26.25
66599	33.75	50.0	30.0
66743	30.0	48.75	30.0
66887	37.5	45.0	23.75
67031	32.5	50.0	13.75
67175	30.0	45.0	21.25
67319	43.75	46.25	21.25
67463	48.75	43.75	22.5
67607	41.25	42.5	23.75
67751	41.25	38.75	26.25
67895	33.75	31.25	30.0
68039	41.25	35.0	28.75
68183	43.75	36.25	27.5
68327	43.75	36.25	28.75
68471	43.75	30.0	36.25
68615	51.25	23.75	36.25
68759	41.25	32.5	42.5
68903	27.5	46.25	37.5
69047	25.0	31.25	42.5
69191	30.0	16.25	40.0
69335	31.25	30.0	37.5
69479	35.0	37.5	35.0
69623	36.25	41.25	27.5
69767	43.75	40.0	23.75
69911	52.5	28.75	31.25
70055	35.0	32.5	31.25
70199	26.25	32.5	42.5
70343	33.75	35.0	35.0
70487	30.0	33.75	46.25
70631	28.75	31.25	48.75
70775	27.5	38.75	35.0
70919	33.75	45.0	26.25
71063	26.25	45.0	35.0
71207	33.75	40.0	30.0
71351	31.25	38.75	31.25
71495	27.5	41.25	25.0
71639	37.5	32.5	28.75
71783	43.75	30.0	37.5
71927	47.5	28.75	33.75
72071	51.25	21.25	38.75
72215	55.0	16.25	45.0
72359	61.25	16.25	41.25
72503	52.5	20.0	41.25
72647	45.0	20.0	36.25
72791	26.25	22.5	41.25
72935	23.75	32.5	42.5
73079	25.0	31.25	57.5
73223	35.0	32.5	47.5
73367	31.25	27.5	46.25
73511	26.25	40.0	46.25
73655	30.0	37.5	45.0
73799	36.25	30.0	42.5
73943	42.5	21.25	41.25
74087	35.0	31.25	38.75
74231	32.5	28.75	33.75
74375	38.75	37.5	33.75
74519	52.5	22.5	46.25
74663	41.25	28.75	41.25
74807	35.0	35.0	25.0
74951	38.75	28.75	32.5
75095	48.75	33.75	26.25
75239	43.75	36.25	32.5
75383	38.75	32.5	55.0
75527	40.0	28.75	58.75
75671	45.0	37.5	47.5
75815	28.75	38.75	50.0
75959	30.0	31.25	36.25
76103	42.5	26.25	30.0
76247	45.0	25.0	38.75
76391	36.25	28.75	35.0
76535	36.25	36.25	33.75
76679	38.75	36.25	40.0
76823	43.75	28.75	37.5
76967	28.75	37.5	42.5
77111	21.25	52.5	53.75
77255	23.75	41.25	57.5
77399	31.25	36.25	55.0
77543	31.25	40.0	43.75
77687	32.5	33.75	50.0
77831	30.0	27.5	47.5
77975	25.0	33.75	58.75
78119	26.25	41.25	70.0
78263	38.75	32.5	35.0
78407	25.0	31.25	28.75
78551	28.75	36.25	43.75
78695	28.75	32.5	50.0
78839	32.5	28.75	38.75
78983	36.25	27.5	46.25
79127	27.5	36.25	45.0
79271	25.0	46.25	35.0
79415	32.5	38.75	33.75
79559	50.0	27.5	33.75
79703	45.0	36.25	32.5
79847	43.75	45.0	18.75
79991	38.75	41.25	22.5
80135	33.75	32.5	36.25
80279	43.75	33.75	30.0
80423	45.0	38.75	32.5
80567	42.5	35.0	32.5
80711	40.0	37.5	27.5
80855	38.75	33.75	27.5
80999	48.75	26.25	32.5
81143	35.0	46.25	33.75
81287	37.5	53.75	27.5
81431	36.25	47.5	32.5
81575	36.25	41.25	32.5
81719	42.5	43.75	25.0
81863	37.5	40.0	27.5
82007	37.5	40.0	31.25
82151	42.5	30.0	30.0
82295	50.0	32.5	28.75
82439	46.25	30.0	31.25
82583	35.0	31.25	33.75
82727	36.25	37.5	33.75
82871	38.75	46.25	23.75
83015	26.25	42.5	18.75
83159	28.75	36.25	21.25
83303	32.5	26.25	32.5
83447	37.5	21.25	41.25
83591	31.25	20.0	53.75
83735	33.75	38.75	33.75
83879	36.25	41.25	21.25
84023	41.25	33.75	27.5
84167	37.5	33.75	31.25
84311	43.75	25.0	33.75
84455	41.25	25.0	42.5
84599	38.75	27.5	31.25
84743	33.75	28.75	42.5
84887	32.5	21.25	40.0
85031	37.5	40.0	30.0
85175	43.75	66.25	20.0
85319	37.5	60.0	23.75
85463	43.75	50.0	18.75
85607	38.75	45.0	28.75
85751	35.0	40.0	33.75
85895	41.25	47.5	22.5
86039	45.0	56.25	26.25
86183	36.25	41.25	30.0
86327	31.25	25.0	32.5
86471	27.5	33.75	43.75
86615	25.0	33.75	40.0
86759	30.0	27.5	41.25
86903	32.5	35.0	47.5
87047	33.75	35.0	50.0
87191	51.25	30.0	42.5
87335	55.0	35.0	30.0
87479	45.0	28.75	26.25
87623	28.75	27.5	32.5
87767	25.0	30.0	36.25
87911	38.75	31.25	42.5
88055	38.75	37.5	31.25
88199	38.75	38.75	30.0
88343	42.5	33.75	35.0
88487	36.25	38.75	48.75
88631	33.75	46.25	43.75
88775	31.25	40.0	37.5
88919	30.0	35.0	38.75
89063	21.25	32.5	36.25
89207	17.5	37.5	30.0
89351	22.5	28.75	40.0
89495	23.75	32.5	46.25
89639	26.25	33.75	33.75
89783	40.0	20.0	32.5
89927	42.5	26.25	26.25
90071	25.0	41.25	32.5
90215	30.0	38.75	28.75
90359	36.25	32.5	37.5
90503	28.75	30.0	40.0
90647	35.0	27.5	28.75
90791	37.5	36.25	26.25
90935	36.25	36.25	27.5
91079	30.0	33.75	30.0
91223	42.5	35.0	42.5
91367	55.0	33.75	36.25
91511	32.5	40.0	26.25
91655	30.0	36.25	25.0
91799	42.5	31.25	22.5
91943	42.5	28.75	16.25
92087	43.75	28.75	28.75
92231	38.75	27.5	37.5
92375	35.0	26.25	27.5
92519	38.75	38.75	21.25
92663	32.5	28.75	40.0
92807	31.25	31.25	41.25
92951	25.0	28.75	31.25
93095	37.5	28.75	36.25
93239	48.75	36.25	32.5
93383	45.0	37.5	33.75
93527	36.25	40.0	37.5
93671	41.25	40.0	46.25
93815	23.75	41.25	38.75
93959	27.5	42.5	45.0
94103	43.75	35.0	48.75
94247	52.5	35.0	32.5
94391	37.5	47.5	38.75
94535	26.25	37.5	45.0
94679	22.5	26.25	42.5
94823	30.0	32.5	33.75
94967	32.5	47.5	33.75
95111	32.5	48.75	43.75
95255	38.75	45.0	42.5
95399	41.25	33.75	41.25
95543	40.0	33.75	42.5
95687	26.25	28.75	40.0
95831	31.25	25.0	42.5
95975	45.0	18.75	30.0
96119	57.5	30.0	23.75
96263	50.0	35.0	22.5
96407	38.75	35.0	42.5
96551	43.75	37.5	48.75
96695	42.5	25.0	41.25
96839	37.5	21.25	37.5
96983	32.5	23.75	45.0
97127	37.5	35.0	45.0
97271	33.75	35.0	42.5
97415	27.5	31.25	38.75
97559	31.25	40.0	40.0
97703	36.25	26.25	46.25
97847	40.0	32.5	37.5
97991	40.0	40.0	30.0
98135	36.25	47.5	32.5
98279	31.25	48.75	25.0
98423	40.0	38.75	25.0
98567	43.75	33.75	28.75
98711	37.5	31.25	40.0
98855	28.75	33.75	35.0
98999	25.0	50.0	36.25
99143	23.75	58.75	22.5
99287	27.5	46.25	25.0
99431	40.0	32.5	32.5
99575	43.75	30.0	35.0
99719	46.25	28.75	27.5
99863	36.25	26.25	35.0