# BASE VAL1 VAL2
# color 0:255:0 0:0:255 100:100:100
35	32.5	30.0	27.5
107	55.0	22.5	25.0
179	55.0	35.0	32.5
251	50.0	40.0	22.5
323	40.0	32.5	37.5
395	40.0	42.5	40.0
467	37.5	35.0	30.0
539	42.5	37.5	35.0
611	45.0	47.5	25.0
683	42.5	42.5	25.0
755	37.5	35.0	27.5
827	32.5	35.0	37.5
899	52.5	35.0	27.5
971	45.0	37.5	27.5
1043	47.5	42.5	27.5
1115	40.0	40.0	20.0
1187	37.5	35.0	17.5
1259	40.0	32.5	25.0
1331	50.0	37.5	25.0
1403	55.0	40.0	32.5
1475	50.0	32.5	25.0
1547	50.0	35.0	30.0
1619	57.5	37.5	22.5
1691	50.0	40.0	27.5
1763	45.0	30.0	30.0
1835	35.0	32.5	30.0
1907	35.0	40.0	32.5
1979	37.5	40.0	22.5
2051	45.0	22.5	27.5
2123	40.0	25.0	35.0
2195	52.5	30.0	32.5
2267	47.5	35.0	27.5
2339	40.0	32.5	17.5
2411	40.0	30.0	27.5
2483	52.5	27.5	35.0
2555	45.0	37.5	20.0
2627	32.5	47.5	27.5
2699	32.5	42.5	30.0
2771	35.0	42.5	25.0
2843	30.0	45.0	20.0
2915	30.0	42.5	17.5
2987	25.0	52.5	25.0
3059	37.5	45.0	27.5
3131	32.5	42.5	30.0
3203	22.5	47.5	25.0
3275	30.0	55.0	30.0
3347	20.0	52.5	40.0
3419	30.0	42.5	35.0
3491	35.0	57.5	25.0
3563	32.5	47.5	32.5
3635	32.5	30.0	35.0
3707	30.0	35.0	27.5
3779	25.0	40.0	35.0
3851	30.0	47.5	40.0
3923	22.5	47.5	42.5
3995	32.5	45.0	25.0
4067	22.5	52.5	45.0
4139	25.0	50.0	40.0
4211	40.0	32.5	35.0
4283	22.5	52.5	30.0
4355	27.5	45.0	37.5
4427	22.5	37.5	37.5
4499	27.5	72.5	22.5
4571	25.0	62.5	22.5
4643	15.0	52.5	30.0
4715	25.0	52.5	20.0
4787	22.5	32.5	32.5
4859	25.0	30.0	30.0
4931	40.0	55.0	25.0
5003	52.5	52.5	15.0
5075	57.5	52.5	12.5
5147	47.5	40.0	22.5
5219	35.0	30.0	22.5
5291	25.0	60.0	32.5
5363	25.0	52.5	35.0
5435	20.0	40.0	37.5
5507	20.0	50.0	35.0
5579	30.0	47.5	32.5
5651	27.5	50.0	27.5
5723	27.5	47.5	32.5
5795	27.5	40.0	30.0
5867	17.5	47.5	22.5
5939	15.0	37.5	40.0
6011	22.5	27.5	32.5
6083	22.5	40.0	35.0
6155	10.0	42.5	42.5
6227	15.0	37.5	42.5
6299	7.5	37.5	32.5
6371	7.5	57.5	45.0
6443	20.0	45.0	40.0
6515	7.5	40.0	42.5
6587	15.0	37.5	45.0
6659	25.0	30.0	45.0
6731	27.5	37.5	35.0
6803	15.0	45.0	32.5
6875	12.5	40.0	35.0
6947	7.5	47.5	45.0
7019	12.5	35.0	37.5
7091	5.0	32.5	47.5
7163	12.5	42.5	47.5
7235	17.5	37.5	47.5
7307	25.0	32.5	42.5
7379	15.0	40.0	45.0
7451	22.5	27.5	37.5
7523	25.0	22.5	27.5
7595	25.0	30.0	37.5
7667	30.0	45.0	47.5
7739	12.5	47.5	50.0
7811	12.5	37.5	35.0
7883	15.0	35.0	35.0
7955	35.0	32.5	30.0
8027	40.0	40.0	27.5
8099	35.0	37.5	25.0
8171	42.5	37.5	25.0
8243	50.0	40.0	15.0
8315	37.5	42.5	22.5
8387	27.5	37.5	20.0
8459	32.5	27.5	30.0
8531	47.5	37.5	17.5
8603	45.0	32.5	15.0
8675	35.0	35.0	15.0
8747	35.0	30.0	0.0
8819	42.5	37.5	10.0
8891	30.0	32.5	22.5
8963	40.0	32.5	10.0
9035	45.0	40.0	7.5
9107	42.5	42.5	15.0
9179	47.5	42.5	7.5
9251	42.5	40.0	5.0
9323	45.0	40.0	10.0
9395	42.5	40.0	17.5
9467	32.5	40.0	10.0
9539	37.5	47.5	5.0
9611	37.5	35.0	7.5
9683	45.0	27.5	10.0
9755	40.0	37.5	15.0
9827	42.5	45.0	12.5
9899	37.5	40.0	7.5
9971	40.0	35.0	5.0
10043	37.5	35.0	7.5
10115	47.5	42.5	5.0
10187	50.0	47.5	10.0
10259	40.0	50.0	7.5
10331	40.0	40.0	10.0
10403	35.0	50.0	7.5
10475	35.0	42.5	10.0
10547	35.0	35.0	15.0
10619	37.5	22.5	5.0
10691	42.5	47.5	7.5
10763	37.5	40.0	12.5
10835	45.0	37.5	7.5
10907	35.0	47.5	7.5
10979	30.0	47.5	10.0
11051	32.5	37.5	7.5
11123	35.0	47.5	2.5
11195	32.5	35.0	12.5
11267	30.0	30.0	5.0
11339	35.0	37.5	7.5
11411	37.5	50.0	7.5
11483	40.0	42.5	7.5
11555	40.0	40.0	5.0
11627	40.0	42.5	2.5
11699	27.5	32.5	5.0
11771	22.5	40.0	12.5
11843	27.5	37.5	12.5
11915	35.0	47.5	7.5
11987	35.0	45.0	5.0
12059	32.5	35.0	7.5
12131	32.5	37.5	2.5
12203	45.0	22.5	2.5
12275	40.0	27.5	2.5
12347	40.0	50.0	0.0
12419	32.5	45.0	7.5
12491	30.0	45.0	20.0
12563	17.5	30.0	15.0
12635	42.5	57.5	5.0
12707	45.0	65.0	7.5
12779	42.5	52.5	12.5
12851	35.0	45.0	12.5
12923	30.0	27.5	10.0
12995	35.0	42.5	0.0
13067	35.0	52.5	2.5
13139	37.5	50.0	2.5
13211	22.5	27.5	5.0
13283	32.5	42.5	5.0
13355	37.5	45.0	2.5
13427	25.0	42.5	5.0
13499	35.0	45.0	7.5
13571	35.0	47.5	12.5
13643	32.5	50.0	7.5
13715	42.5	57.5	5.0
13787	47.5	42.5	7.5
13859	42.5	37.5	7.5
13931	40.0	45.0	2.5
14003	32.5	45.0	0.0
14075	45.0	42.5	2.5
14147	40.0	57.5	2.5
14219	37.5	52.5	0.0
14291	20.0	45.0	10.0
14363	12.5	27.5	27.5
14435	27.5	25.0	25.0
14507	25.0	32.5	22.5
14579	17.5	50.0	37.5
14651	32.5	47.5	20.0
14723	40.0	47.5	20.0
14795	27.5	57.5	30.0
14867	35.0	45.0	35.0
14939	42.5	32.5	37.5
15011	37.5	37.5	22.5
15083	30.0	35.0	15.0
15155	30.0	40.0	25.0
15227	37.5	27.5	32.5
15299	45.0	32.5	32.5
15371	37.5	27.5	30.0
15443	25.0	37.5	30.0
15515	20.0	55.0	32.5
15587	10.0	52.5	42.5
15659	12.5	32.5	52.5
15731	20.0	50.0	47.5
15803	27.5	37.5	40.0
15875	32.5	20.0	57.5
15947	37.5	35.0	47.5
16019	42.5	35.0	37.5
16091	32.5	27.5	55.0
16163	30.0	30.0	47.5
16235	37.5	27.5	42.5
16307	45.0	30.0	32.5
16379	35.0	25.0	27.5
16451	25.0	27.5	27.5
16523	25.0	50.0	27.5
16595	20.0	65.0	27.5
16667	17.5	60.0	22.5
16739	35.0	47.5	42.5
16811	37.5	47.5	40.0
16883	20.0	60.0	35.0
16955	25.0	57.5	30.0
17027	37.5	40.0	30.0
17099	37.5	42.5	37.5
17171	30.0	52.5	30.0
17243	30.0	57.5	20.0
17315	25.0	42.5	32.5
17387	22.5	42.5	27.5
17459	32.5	42.5	20.0
17531	17.5	45.0	37.5
17603	20.0	52.5	42.5
17675	27.5	35.0	32.5
17747	35.0	42.5	52.5
17819	37.5	42.5	50.0
17891	37.5	27.5	42.5
17963	47.5	15.0	60.0
18035	37.5	25.0	60.0
18107	35.0	22.5	57.5
18179	37.5	12.5	65.0
18251	45.0	22.5	42.5
18323	40.0	35.0	40.0
18395	25.0	35.0	52.5
18467	30.0	40.0	42.5
18539	45.0	32.5	40.0
18611	35.0	35.0	47.5
18683	30.0	27.5	57.5
18755	40.0	20.0	50.0
18827	37.5	22.5	52.5
18899	32.5	32.5	55.0
18971	35.0	42.5	35.0
19043	40.0	40.0	35.0
19115	47.5	27.5	45.0
19187	47.5	30.0	47.5
19259	30.0	37.5	32.5
19331	30.0	50.0	25.0
19403	27.5	47.5	30.0
19475	22.5	55.0	40.0
19547	25.0	47.5	45.0
19619	35.0	45.0	25.0
19691	37.5	32.5	20.0
19763	37.5	42.5	22.5
19835	35.0	52.5	32.5
19907	32.5	47.5	30.0
19979	27.5	50.0	27.5
20051	30.0	52.5	17.5
20123	25.0	52.5	32.5
20195	30.0	50.0	42.5
20267	22.5	32.5	32.5
20339	22.5	30.0	50.0
20411	27.5	20.0	52.5
20483	40.0	12.5	45.0
20555	42.5	20.0	52.5
20627	37.5	25.0	45.0
20699	37.5	25.0	35.0
20771	42.5	20.0	30.0
20843	47.5	15.0	40.0
20915	37.5	27.5	55.0
20987	30.0	25.0	50.0
21059	20.0	40.0	32.5
21131	27.5	35.0	30.0
21203	32.5	37.5	37.5
21275	32.5	42.5	40.0
21347	32.5	50.0	37.5
21419	20.0	50.0	35.0
21491	30.0	42.5	25.0
21563	15.0	55.0	40.0
21635	7.5	52.5	32.5
21707	12.5	25.0	32.5
21779	45.0	22.5	50.0
21851	40.0	30.0	50.0
21923	37.5	22.5	55.0
21995	40.0	27.5	50.0
22067	32.5	45.0	37.5
22139	37.5	32.5	35.0
22211	50.0	20.0	47.5
22283	40.0	25.0	50.0
22355	42.5	22.5	57.5
22427	45.0	27.5	57.5
22499	40.0	37.5	47.5
22571	32.5	37.5	42.5
22643	47.5	22.5	45.0
22715	40.0	27.5	35.0
22787	22.5	25.0	35.0
22859	17.5	32.5	42.5
22931	20.0	32.5	37.5
23003	20.0	27.5	30.0
23075	15.0	45.0	30.0
23147	22.5	35.0	40.0
23219	25.0	35.0	35.0
23291	20.0	35.0	40.0
23363	17.5	40.0	35.0
23435	22.5	40.0	37.5
23507	12.5	32.5	47.5
23579	20.0	30.0	55.0
23651	32.5	20.0	55.0
23723	30.0	22.5	45.0
23795	42.5	22.5	37.5
23867	37.5	25.0	42.5
23939	17.5	22.5	40.0
24011	27.5	35.0	27.5
24083	40.0	40.0	22.5
24155	37.5	22.5	35.0
24227	42.5	17.5	30.0
24299	40.0	32.5	25.0
24371	35.0	35.0	25.0
24443	35.0	30.0	15.0
24515	30.0	20.0	12.5
24587	30.0	35.0	17.5
24659	35.0	37.5	27.5
24731	25.0	42.5	40.0
24803	25.0	37.5	45.0
24875	22.5	30.0	35.0
24947	35.0	37.5	27.5
25019	30.0	52.5	35.0
25091	20.0	62.5	32.5
25163	17.5	60.0	25.0
25235	30.0	37.5	35.0
25307	37.5	30.0	32.5
25379	37.5	20.0	27.5
25451	45.0	30.0	22.5
25523	50.0	30.0	27.5
25595	42.5	22.5	37.5
25667	32.5	20.0	32.5
25739	37.5	25.0	25.0
25811	22.5	30.0	37.5
25883	32.5	30.0	32.5
25955	27.5	40.0	20.0
26027	32.5	50.0	30.0
26099	35.0	45.0	40.0
26171	35.0	30.0	40.0
26243	17.5	35.0	32.5
26315	15.0	47.5	37.5
26387	15.0	45.0	40.0
26459	20.0	27.5	37.5
26531	22.5	27.5	52.5
26603	25.0	27.5	52.5
26675	30.0	27.5	42.5
26747	37.5	35.0	47.5
26819	35.0	32.5	42.5
26891	22.5	30.0	47.5
26963	25.0	30.0	45.0
27035	35.0	20.0	47.5
27107	32.5	30.0	40.0
27179	37.5	27.5	37.5
27251	40.0	30.0	35.0
27323	42.5	40.0	17.5
27395	50.0	30.0	20.0
27467	35.0	27.5	30.0
27539	37.5	27.5	25.0
27611	45.0	20.0	20.0
27683	47.5	35.0	7.5
27755	37.5	37.5	5.0
27827	32.5	45.0	17.5
27899	37.5	45.0	12.5
27971	47.5	47.5	7.5
28043	52.5	37.5	20.0
28115	30.0	35.0	20.0
28187	35.0	32.5	15.0
28259	35.0	25.0	12.5
28331	40.0	32.5	22.5
28403	35.0	37.5	20.0
28475	40.0	37.5	12.5
28547	42.5	40.0	15.0
28619	35.0	55.0	27.5
28691	45.0	47.5	20.0
28763	42.5	47.5	15.0
28835	47.5	40.0	15.0
28907	42.5	27.5	20.0
28979	27.5	47.5	7.5
29051	32.5	52.5	17.5
29123	40.0	40.0	17.5
29195	52.5	47.5	17.5
29267	45.0	42.5	20.0
29339	47.5	45.0	25.0
29411	37.5	42.5	12.5
29483	30.0	30.0	17.5
29555	37.5	30.0	27.5
29627	45.0	37.5	12.5
29699	32.5	30.0	12.5
29771	47.5	45.0	20.0
29843	42.5	40.0	20.0
29915	42.5	40.0	22.5
29987	35.0	40.0	15.0
30059	40.0	30.0	7.5
30131	37.5	27.5	15.0
30203	27.5	27.5	15.0
30275	22.5	37.5	12.5
30347	40.0	32.5	20.0
30419	35.0	37.5	25.0
30491	30.0	45.0	22.5
30563	30.0	42.5	20.0
30635	40.0	32.5	20.0
30707	37.5	27.5	37.5
30779	25.0	25.0	42.5
30851	37.5	35.0	40.0
30923	45.0	35.0	32.5
30995	42.5	32.5	22.5
31067	52.5	37.5	17.5
31139	42.5	42.5	22.5
31211	25.0	47.5	32.5
31283	32.5	32.5	25.0
31355	20.0	25.0	22.5
31427	25.0	30.0	17.5
31499	42.5	22.5	37.5
31571	35.0	30.0	47.5
31643	22.5	25.0	50.0
31715	25.0	15.0	40.0
31787	22.5	15.0	37.5
31859	37.5	17.5	42.5
31931	37.5	15.0	27.5
32003	35.0	20.0	27.5
32075	37.5	42.5	45.0
32147	27.5	55.0	55.0
32219	12.5	57.5	47.5
32291	30.0	42.5	40.0
32363	22.5	45.0	57.5
32435	5.0	72.5	67.5
32507	15.0	55.0	47.5
32579	25.0	40.0	35.0
32651	22.5	45.0	40.0
32723	20.0	42.5	37.5
32795	20.0	40.0	45.0
32867	22.5	47.5	55.0
32939	17.5	57.5	55.0
33011	17.5	50.0	40.0
33083	15.0	57.5	35.0
33155	22.5	55.0	35.0
33227	30.0	32.5	50.0
33299	27.5	35.0	57.5
33371	15.0	62.5	42.5
33443	17.5	67.5	27.5
33515	22.5	45.0	35.0
33587	10.0	52.5	55.0
33659	15.0	55.0	50.0
33731	25.0	62.5	40.0
33803	20.0	60.0	47.5
33875	12.5	40.0	55.0
33947	10.0	50.0	50.0
34019	37.5	40.0	47.5
34091	32.5	50.0	47.5
34163	20.0	52.5	37.5
34235	22.5	40.0	45.0
34307	17.5	45.0	57.5
34379	22.5	50.0	40.0
34451	22.5	47.5	42.5
34523	32.5	27.5	42.5
34595	37.5	22.5	45.0
34667	32.5	27.5	60.0
34739	35.0	30.0	55.0
34811	42.5	20.0	47.5
34883	30.0	25.0	47.5
34955	40.0	15.0	55.0
35027	45.0	20.0	55.0
35099	40.0	32.5	42.5
35171	30.0	25.0	60.0
35243	40.0	27.5	52.5
35315	32.5	30.0	50.0
35387	37.5	22.5	47.5
35459	35.0	22.5	55.0
35531	35.0	15.0	55.0
35603	32.5	22.5	52.5
35675	25.0	30.0	52.5
35747	27.5	27.5	45.0
35819	40.0	20.0	47.5
35891	30.0	27.5	47.5
35963	35.0	22.5	52.5
36035	25.0	22.5	52.5
36107	25.0	27.5	40.0
36179	35.0	25.0	42.5
36251	32.5	17.5	60.0
36323	27.5	25.0	65.0
36395	42.5	30.0	55.0
36467	52.5	32.5	52.5
36539	62.5	17.5	55.0
36611	50.0	25.0	50.0
36683	30.0	37.5	42.5
36755	42.5	32.5	42.5
36827	55.0	15.0	52.5
36899	47.5	22.5	60.0
36971	45.0	27.5	60.0
37043	35.0	17.5	62.5
37115	30.0	22.5	70.0
37187	35.0	22.5	57.5
37259	32.5	27.5	57.5
37331	40.0	25.0	47.5
37403	50.0	20.0	50.0
37475	50.0	12.5	62.5
37547	40.0	15.0	70.0
37619	42.5	22.5	55.0
37691	55.0	20.0	52.5
37763	45.0	22.5	52.5
37835	25.0	20.0	60.0
37907	27.5	30.0	50.0
37979	20.0	35.0	52.5
38051	25.0	17.5	50.0
38123	27.5	12.5	55.0
38195	20.0	27.5	55.0
38267	17.5	35.0	40.0
38339	22.5	32.5	42.5
38411	30.0	25.0	42.5
38483	32.5	20.0	42.5
38555	20.0	27.5	47.5
38627	25.0	17.5	52.5
38699	32.5	22.5	52.5
38771	32.5	17.5	52.5
38843	27.5	22.5	50.0
38915	35.0	17.5	57.5
38987	25.0	17.5	57.5
39059	22.5	25.0	52.5
39131	45.0	22.5	47.5
39203	57.5	7.5	52.5
39275	47.5	12.5	60.0
39347	37.5	27.5	50.0
39419	32.5	35.0	45.0
39491	25.0	30.0	50.0
39563	25.0	25.0	47.5
39635	25.0	10.0	52.5
39707	37.5	15.0	52.5
39779	47.5	17.5	42.5
39851	42.5	22.5	35.0
39923	40.0	32.5	37.5
39995	40.0	27.5	47.5
40067	27.5	25.0	40.0
40139	30.0	10.0	52.5
40211	22.5	25.0	50.0
40283	32.5	22.5	52.5
40355	37.5	17.5	55.0
40427	27.5	32.5	45.0
40499	35.0	37.5	30.0
40571	35.0	25.0	47.5
40643	52.5	15.0	57.5
40715	47.5	20.0	42.5
40787	37.5	45.0	50.0
40859	42.5	35.0	52.5
40931	35.0	25.0	50.0
41003	25.0	27.5	57.5
41075	27.5	25.0	55.0
41147	30.0	27.5	40.0
41219	30.0	27.5	42.5
41291	45.0	20.0	42.5
41363	42.5	32.5	42.5
41435	37.5	27.5	42.5
41507	32.5	22.5	50.0
41579	32.5	32.5	45.0
41651	32.5	32.5	27.5
41723	32.5	27.5	37.5
41795	30.0	25.0	40.0
41867	37.5	27.5	42.5
41939	42.5	22.5	35.0
42011	32.5	30.0	47.5
42083	37.5	17.5	50.0
42155	40.0	15.0	52.5
42227	32.5	30.0	45.0
42299	40.0	22.5	52.5
42371	35.0	20.0	60.0
42443	22.5	15.0	57.5
42515	35.0	22.5	45.0
42587	50.0	17.5	50.0
42659	37.5	12.5	57.5
42731	35.0	25.0	55.0
42803	30.0	32.5	42.5
42875	35.0	32.5	27.5
42947	32.5	32.5	40.0
43019	37.5	42.5	42.5
43091	40.0	27.5	37.5
43163	40.0	27.5	25.0
43235	45.0	27.5	27.5
43307	47.5	15.0	35.0
43379	47.5	20.0	35.0
43451	50.0	17.5	47.5
43523	42.5	27.5	45.0
43595	55.0	25.0	47.5
43667	47.5	30.0	40.0
43739	40.0	30.0	40.0
43811	32.5	35.0	45.0
43883	35.0	25.0	40.0
43955	40.0	25.0	37.5
44027	47.5	32.5	32.5
44099	45.0	30.0	37.5
44171	35.0	37.5	40.0
44243	42.5	40.0	27.5
44315	40.0	30.0	35.0
44387	35.0	30.0	37.5
44459	32.5	30.0	35.0
44531	40.0	35.0	27.5
44603	42.5	37.5	30.0
44675	60.0	25.0	32.5
44747	55.0	22.5	32.5
44819	45.0	30.0	37.5
44891	40.0	40.0	27.5
44963	42.5	35.0	35.0
45035	47.5	27.5	30.0
45107	42.5	27.5	30.0
45179	40.0	35.0	30.0
45251	37.5	42.5	32.5
45323	35.0	37.5	35.0
45395	50.0	30.0	32.5
45467	45.0	40.0	27.5
45539	50.0	30.0	27.5
45611	55.0	25.0	22.5
45683	52.5	32.5	25.0
45755	57.5	27.5	37.5
45827	45.0	45.0	42.5
45899	50.0	35.0	37.5
45971	47.5	30.0	27.5
46043	35.0	40.0	22.5
46115	35.0	35.0	30.0
46187	50.0	32.5	42.5
46259	47.5	32.5	35.0
46331	42.5	22.5	37.5
46403	50.0	22.5	35.0
46475	45.0	27.5	27.5
46547	55.0	17.5	32.5
46619	57.5	17.5	50.0
46691	47.5	27.5	42.5
46763	30.0	30.0	35.0
46835	40.0	32.5	30.0
46907	42.5	32.5	27.5
46979	40.0	32.5	20.0
47051	35.0	32.5	30.0
47123	42.5	37.5	37.5
47195	42.5	40.0	40.0
47267	25.0	32.5	37.5
47339	25.0	35.0	55.0
47411	32.5	32.5	57.5
47483	32.5	25.0	42.5
47555	37.5	25.0	37.5
47627	27.5	30.0	47.5
47699	25.0	40.0	35.0
47771	30.0	37.5	45.0
47843	32.5	30.0	50.0
47915	40.0	22.5	50.0
47987	27.5	47.5	42.5
48059	25.0	42.5	37.5
48131	22.5	37.5	47.5
48203	20.0	30.0	45.0
48275	27.5	32.5	42.5
48347	42.5	35.0	35.0
48419	45.0	35.0	27.5
48491	40.0	40.0	42.5
48563	40.0	30.0	40.0
48635	32.5	35.0	40.0
48707	22.5	40.0	57.5
48779	22.5	52.5	52.5
48851	42.5	37.5	42.5
48923	45.0	22.5	42.5
48995	45.0	22.5	42.5
49067	40.0	30.0	35.0
49139	27.5	35.0	35.0
49211	32.5	42.5	45.0
49283	35.0	35.0	45.0
49355	27.5	32.5	47.5
49427	35.0	30.0	55.0
49499	40.0	22.5	50.0
49571	35.0	32.5	37.5
49643	40.0	42.5	42.5
49715	37.5	32.5	42.5
49787	35.0	30.0	37.5
49859	32.5	35.0	40.0
49931	25.0	35.0	50.0
50003	35.0	27.5	42.5
50075	32.5	35.0	47.5
50147	32.5	35.0	40.0
50219	32.5	30.0	42.5
50291	27.5	25.0	47.5
50363	27.5	32.5	45.0
50435	30.0	32.5	35.0
50507	27.5	30.0	47.5
50579	40.0	22.5	47.5
50651	30.0	30.0	45.0
50723	20.0	37.5	57.5
50795	22.5	32.5	60.0
50867	35.0	27.5	52.5
50939	27.5	27.5	50.0
51011	35.0	27.5	57.5
51083	42.5	30.0	50.0
51155	47.5	27.5	40.0
51227	37.5	42.5	45.0
51299	40.0	37.5	37.5
51371	30.0	30.0	47.5
51443	32.5	35.0	47.5
51515	35.0	32.5	45.0
51587	35.0	37.5	30.0
51659	37.5	27.5	37.5
51731	32.5	32.5	37.5
51803	32.5	40.0	32.5
51875	20.0	42.5	47.5
51947	27.5	32.5	50.0
52019	32.5	35.0	52.5
52091	32.5	35.0	45.0
52163	17.5	32.5	50.0
52235	25.0	15.0	52.5
52307	32.5	25.0	45.0
52379	25.0	35.0	45.0
52451	32.5	27.5	50.0
52523	40.0	32.5	47.5
52595	32.5	27.5	45.0
52667	30.0	22.5	40.0
52739	27.5	37.5	45.0
52811	22.5	37.5	50.0
52883	25.0	37.5	52.5
52955	22.5	30.0	52.5
53027	27.5	22.5	45.0
53099	32.5	27.5	52.5
53171	30.0	17.5	55.0
53243	37.5	25.0	47.5
53315	47.5	25.0	45.0
53387	42.5	30.0	50.0
53459	30.0	30.0	52.5
53531	25.0	27.5	57.5
53603	37.5	30.0	47.5
53675	35.0	37.5	57.5
53747	27.5	42.5	52.5
53819	32.5	32.5	47.5
53891	32.5	32.5	37.5
53963	35.0	30.0	32.5
54035	25.0	32.5	52.5
54107	20.0	25.0	60.0
54179	25.0	35.0	52.5
54251	25.0	40.0	52.5
54323	25.0	37.5	45.0
54395	32.5	32.5	52.5
54467	25.0	37.5	25.0
54539	25.0	27.5	20.0
54611	22.5	32.5	45.0
54683	25.0	22.5	45.0
54755	22.5	30.0	42.5
54827	37.5	25.0	50.0
54899	35.0	30.0	57.5
54971	42.5	30.0	52.5
55043	32.5	32.5	45.0
55115	25.0	25.0	47.5
55187	22.5	30.0	47.5
55259	25.0	32.5	22.5
55331	37.5	40.0	12.5
55403	55.0	40.0	20.0
55475	37.5	37.5	27.5
55547	35.0	37.5	40.0
55619	45.0	47.5	35.0
55691	37.5	47.5	37.5
55763	30.0	50.0	27.5
55835	35.0	47.5	25.0
55907	37.5	40.0	32.5
55979	40.0	40.0	25.0
56051	35.0	40.0	20.0
56123	50.0	37.5	20.0
56195	45.0	30.0	32.5
56267	42.5	20.0	35.0
56339	50.0	22.5	27.5
56411	55.0	32.5	35.0
56483	42.5	27.5	45.0
56555	40.0	27.5	42.5
56627	35.0	30.0	30.0
56699	35.0	27.5	35.0
56771	45.0	30.0	35.0
56843	40.0	40.0	30.0
56915	37.5	35.0	25.0
56987	32.5	32.5	22.5
57059	30.0	35.0	35.0
57131	32.5	30.0	47.5
57203	40.0	27.5	32.5
57275	47.5	15.0	27.5
57347	42.5	12.5	37.5
57419	35.0	22.5	40.0
57491	40.0	22.5	40.0
57563	50.0	20.0	37.5
57635	35.0	35.0	17.5
57707	25.0	35.0	25.0
57779	27.5	42.5	25.0
57851	32.5	47.5	20.0
57923	27.5	25.0	32.5
57995	22.5	17.5	62.5
58067	22.5	37.5	60.0
58139	27.5	35.0	50.0
58211	25.0	25.0	30.0
58283	27.5	30.0	52.5
58355	35.0	37.5	45.0
58427	32.5	50.0	47.5
58499	22.5	50.0	35.0
58571	27.5	47.5	32.5
58643	40.0	45.0	27.5
58715	37.5	40.0	25.0
58787	37.5	35.0	27.5
58859	40.0	20.0	32.5
58931	50.0	20.0	30.0
59003	47.5	27.5	35.0
59075	47.5	32.5	35.0
59147	60.0	27.5	42.5
59219	47.5	30.0	35.0
59291	22.5	45.0	37.5
59363	12.5	42.5	35.0
59435	27.5	42.5	27.5
59507	32.5	37.5	30.0
59579	50.0	37.5	17.5
59651	37.5	32.5	27.5
59723	35.0	37.5	30.0
59795	42.5	37.5	30.0
59867	30.0	47.5	40.0
59939	25.0	40.0	37.5
60011	47.5	22.5	35.0
60083	50.0	20.0	40.0
60155	47.5	27.5	40.0
60227	52.5	35.0	37.5
60299	60.0	30.0	32.5
60371	52.5	27.5	37.5
60443	30.0	32.5	32.5
60515	35.0	20.0	50.0
60587	22.5	10.0	50.0
60659	27.5	17.5	32.5
60731	42.5	25.0	37.5
60803	32.5	42.5	50.0
60875	22.5	47.5	30.0
60947	45.0	37.5	27.5
61019	47.5	40.0	32.5
61091	42.5	42.5	30.0
61163	47.5	25.0	22.5
61235	42.5	25.0	25.0
61307	35.0	22.5	30.0
61379	32.5	25.0	32.5
61451	35.0	37.5	37.5
61523	37.5	25.0	50.0
61595	42.5	22.5	50.0
61667	55.0	27.5	35.0
61739	52.5	32.5	22.5
61811	55.0	25.0	30.0
61883	47.5	27.5	37.5
61955	47.5	32.5	32.5
62027	50.0	30.0	32.5
62099	40.0	42.5	27.5
62171	42.5	40.0	25.0
62243	30.0	30.0	25.0
62315	30.0	37.5	32.5
62387	45.0	25.0	32.5
62459	50.0	32.5	32.5
62531	45.0	37.5	40.0
62603	40.0	35.0	42.5
62675	47.5	27.5	37.5
62747	45.0	32.5	40.0
62819	52.5	25.0	32.5
62891	55.0	25.0	30.0
62963	42.5	35.0	30.0
63035	40.0	42.5	40.0
63107	55.0	32.5	45.0
63179	57.5	30.0	42.5
63251	47.5	35.0	27.5
63323	35.0	35.0	22.5
63395	47.5	35.0	25.0
63467	60.0	27.5	30.0
63539	57.5	32.5	42.5
63611	47.5	42.5	25.0
63683	37.5	35.0	20.0
63755	47.5	32.5	25.0
63827	47.5	42.5	32.5
63899	45.0	25.0	30.0
63971	30.0	22.5	47.5
64043	22.5	32.5	62.5
64115	35.0	42.5	32.5
64187	35.0	37.5	32.5
64259	30.0	30.0	35.0
64331	22.5	47.5	37.5
64403	25.0	47.5	35.0
64475	40.0	52.5	37.5
64547	42.5	45.0	32.5
64619	30.0	40.0	45.0
64691	32.5	45.0	30.0
64763	30.0	27.5	45.0
64835	45.0	17.5	52.5
64907	45.0	15.0	45.0
64979	45.0	15.0	42.5
65051	40.0	25.0	57.5
65123	42.5	32.5	37.5
65195	42.5	27.5	30.0
65267	45.0	25.0	22.5
65339	47.5	47.5	30.0
65411	32.5	35.0	30.0
65483	25.0	42.5	22.5
65555	25.0	45.0	27.5
65627	32.5	37.5	37.5
65699	32.5	52.5	25.0
65771	45.0	55.0	22.5
65843	37.5	47.5	32.5
65915	32.5	47.5	32.5
65987	40.0	50.0	37.5
66059	37.5	35.0	40.0
66131	32.5	40.0	30.0
66203	40.0	45.0	27.5
66275	55.0	32.5	30.0
66347	37.5	30.0	47.5
66419	37.5	45.0	35.0
66491	25.0	52.5	30.0
66563	47.5	47.5	27.5
66635	30.0	45.0	30.0
66707	20.0	55.0	32.5
66779	30.0	40.0	32.5
66851	40.0	45.0	27.5
66923	42.5	50.0	32.5
66995	32.5	50.0	15.0
67067	27.5	55.0	7.5
67139	22.5	47.5	17.5
67211	22.5	47.5	25.0
67283	35.0	40.0	25.0
67355	57.5	50.0	17.5
67427	50.0	45.0	22.5
67499	50.0	42.5	22.5
67571	40.0	45.0	22.5
67643	25.0	35.0	32.5
67715	42.5	45.0	27.5
67787	47.5	47.5	27.5
67859	30.0	27.5	22.5
67931	37.5	30.0	27.5
68003	40.0	30.0	30.0
68075	37.5	32.5	27.5
68147	42.5	35.0	32.5
68219	45.0	32.5	25.0
68291	45.0	42.5	25.0
68363	37.5	37.5	27.5
68435	45.0	32.5	32.5
68507	40.0	30.0	35.0
68579	45.0	27.5	35.0
68651	45.0	30.0	37.5
68723	57.5	22.5	45.0
68795	40.0	30.0	42.5
68867	32.5	50.0	35.0
68939	20.0	60.0	37.5
69011	22.5	40.0	42.5
69083	32.5	35.0	42.5
69155	30.0	15.0	42.5
69227	27.5	12.5	37.5
69299	35.0	22.5	35.0
69371	32.5	32.5	35.0
69443	30.0	42.5	40.0
69515	42.5	32.5	40.0
69587	45.0	30.0	30.0
69659	40.0	42.5	27.5
69731	35.0	52.5	17.5
69803	47.5	35.0	25.0
69875	55.0	27.5	32.5
69947	62.5	32.5	25.0
70019	47.5	32.5	35.0
70091	35.0	37.5	27.5
70163	22.5	35.0	40.0
70235	30.0	35.0	45.0
70307	35.0	27.5	35.0
70379	37.5	37.5	32.5
70451	30.0	35.0	35.0
70523	30.0	37.5	40.0
70595	37.5	32.5	50.0
70667	25.0	27.5	47.5
70739	27.5	25.0	45.0
70811	27.5	45.0	35.0
70883	32.5	47.5	25.0
70955	37.5	42.5	17.5
71027	32.5	45.0	32.5
71099	30.0	45.0	42.5
71171	22.5	47.5	32.5
71243	30.0	35.0	30.0
71315	40.0	37.5	30.0
71387	30.0	42.5	37.5
71459	22.5	45.0	25.0
71531	27.5	47.5	20.0
71603	35.0	32.5	25.0
71675	42.5	27.5	32.5
71747	35.0	37.5	37.5
71819	50.0	20.0	40.0
71891	50.0	30.0	35.0
71963	45.0	27.5	37.5
72035	45.0	30.0	35.0
72107	52.5	25.0	35.0
72179	55.0	12.5	40.0
72251	45.0	17.5	57.5
72323	65.0	12.5	45.0
72395	70.0	12.5	35.0
72467	57.5	20.0	40.0
72539	52.5	25.0	40.0
72611	47.5	22.5	42.5
72683	55.0	17.5	40.0
72755	30.0	17.5	32.5
72827	25.0	30.0	55.0
72899	22.5	27.5	42.5
72971	27.5	35.0	35.0
73043	17.5	35.0	50.0
73115	27.5	25.0	70.0
73187	30.0	35.0	57.5
73259	32.5	35.0	45.0
73331	35.0	25.0	42.5
73403	32.5	20.0	52.5
73475	27.5	37.5	50.0
73547	27.5	40.0	45.0
73619	27.5	40.0	45.0
73691	30.0	32.5	47.5
73763	30.0	37.5	45.0
73835	35.0	30.0	40.0
73907	45.0	17.5	47.5
73979	40.0	15.0	42.5
74051	37.5	32.5	37.5
74123	40.0	30.0	45.0
74195	40.0	25.0	35.0
74267	35.0	22.5	27.5
74339	27.5	40.0	30.0
74411	37.5	42.5	35.0
74483	60.0	30.0	42.5
74555	60.0	25.0	35.0
74627	42.5	22.5	47.5
74699	37.5	32.5	45.0
74771	42.5	42.5	27.5
74843	32.5	35.0	20.0
74915	32.5	22.5	22.5
74987	47.5	27.5	32.5
75059	42.5	35.0	32.5
75131	50.0	37.5	32.5
75203	52.5	32.5	20.0
75275	42.5	32.5	37.5
75347	40.0	37.5	42.5
75419	37.5	27.5	57.5
75491	40.0	32.5	67.5
75563	42.5	22.5	67.5
75635	47.5	35.0	50.0
75707	42.5	45.0	45.0
75779	35.0	37.5	50.0
75851	25.0	37.5	50.0
75923	27.5	40.0	45.0
75995	25.0	20.0	25.0
76067	40.0	25.0	25.0
76139	52.5	27.5	32.5
76211	52.5	25.0	30.0
76283	45.0	22.5	47.5
76355	32.5	35.0	45.0
76427	35.0	30.0	30.0
76499	40.0	20.0	30.0
76571	32.5	42.5	35.0
76643	37.5	37.5	42.5
76715	37.5	42.5	37.5
76787	47.5	35.0	37.5
76859	42.5	25.0	47.5
76931	40.0	22.5	32.5
77003	22.5	32.5	37.5
77075	15.0	52.5	57.5
77147	25.0	55.0	60.0
77219	30.0	47.5	50.0
77291	17.5	42.5	55.0
77363	27.5	35.0	65.0
77435	42.5	30.0	45.0
77507	30.0	45.0	47.5
77579	25.0	47.5	42.5
77651	37.5	32.5	37.5
77723	35.0	32.5	50.0
77795	25.0	32.5	62.5
77867	25.0	40.0	52.5
77939	35.0	20.0	32.5
78011	22.5	35.0	62.5
78083	15.0	50.0	85.0
78155	25.0	50.0	62.5
78227	42.5	32.5	47.5
78299	42.5	30.0	35.0
78371	27.5	27.5	25.0
78443	20.0	37.5	37.5
78515	20.0	32.5	35.0
78587	32.5	42.5	45.0
78659	32.5	35.0	57.5
78731	22.5	37.5	45.0
78803	25.0	35.0	32.5
78875	35.0	27.5	35.0
78947	40.0	30.0	47.5
79019	40.0	32.5	42.5
79091	30.0	32.5	42.5
79163	20.0	42.5	47.5
79235	30.0	45.0	42.5
79307	25.0	42.5	32.5
79379	20.0	45.0	27.5
79451	30.0	40.0	40.0
79523	57.5	25.0	42.5
79595	47.5	27.5	30.0
79667	35.0	30.0	35.0
79739	50.0	35.0	37.5
79811	42.5	52.5	20.0
79883	30.0	45.0	20.0
79955	52.5	35.0	15.0
80027	40.0	45.0	30.0
80099	27.5	35.0	37.5
80171	40.0	27.5	40.0
80243	40.0	32.5	37.5
80315	47.5	42.5	17.5
80387	47.5	32.5	30.0
80459	32.5	37.5	42.5
80531	37.5	40.0	37.5
80603	45.0	30.0	35.0
80675	45.0	37.5	25.0
80747	35.0	35.0	25.0
80819	30.0	42.5	25.0
80891	45.0	30.0	32.5
80963	47.5	25.0	32.5
81035	47.5	20.0	37.5
81107	47.5	35.0	25.0
81179	32.5	55.0	37.5
81251	25.0	60.0	32.5
81323	40.0	47.5	25.0
81395	45.0	50.0	27.5
81467	32.5	52.5	35.0
81539	27.5	37.5	40.0
81611	45.0	32.5	20.0
81683	42.5	50.0	25.0
81755	40.0	40.0	30.0
81827	40.0	40.0	25.0
81899	35.0	40.0	30.0
81971	42.5	40.0	32.5
82043	32.5	40.0	35.0
82115	32.5	37.5	30.0
82187	37.5	22.5	30.0
82259	60.0	30.0	25.0
82331	50.0	42.5	30.0
82403	42.5	32.5	37.5
82475	47.5	25.0	27.5
82547	40.0	37.5	27.5
82619	32.5	35.0	32.5
82691	37.5	30.0	37.5
82763	30.0	40.0	32.5
82835	40.0	52.5	27.5
82907	37.5	47.5	20.0
82979	32.5	42.5	22.5
83051	15.0	40.0	22.5
83123	30.0	42.5	12.5
83195	40.0	30.0	22.5
83267	25.0	30.0	27.5
83339	22.5	22.5	37.5
83411	42.5	22.5	40.0
83483	37.5	22.5	37.5
83555	25.0	25.0	50.0
83627	40.0	17.5	62.5
83699	32.5	12.5	50.0
83771	35.0	40.0	25.0
83843	32.5	60.0	17.5
83915	27.5	32.5	22.5
83987	50.0	25.0	22.5
84059	50.0	27.5	30.0
84131	35.0	47.5	30.0
84203	35.0	30.0	32.5
84275	42.5	27.5	35.0
84347	50.0	27.5	30.0
84419	47.5	20.0	42.5
84491	30.0	37.5	50.0
84563	35.0	25.0	35.0
84635	45.0	22.5	32.5
84707	37.5	35.0	35.0
84779	30.0	35.0	45.0
84851	30.0	20.0	47.5
84923	37.5	20.0	42.5
84995	30.0	20.0	42.5
85067	35.0	42.5	32.5
85139	47.5	60.0	20.0
85211	52.5	70.0	20.0
85283	37.5	75.0	17.5
85355	35.0	62.5	30.0
85427	40.0	50.0	20.0
85499	37.5	45.0	15.0
85571	45.0	50.0	20.0
85643	37.5	47.5	32.5
85715	37.5	37.5	35.0
85787	45.0	42.5	25.0
85859	35.0	45.0	30.0
85931	45.0	57.5	12.5
86003	50.0	55.0	20.0
86075	45.0	47.5	35.0
86147	37.5	55.0	32.5
86219	25.0	37.5	25.0
86291	35.0	25.0	25.0
86363	27.5	27.5	40.0
86435	22.5	30.0	37.5
86507	35.0	35.0	35.0
86579	22.5	40.0	47.5
86651	30.0	35.0	35.0
86723	27.5	25.0	35.0
86795	22.5	30.0	30.0
86867	35.0	30.0	50.0
86939	32.5	32.5	50.0
87011	30.0	37.5	47.5
87083	32.5	32.5	55.0
87155	37.5	27.5	52.5
87227	57.5	25.0	42.5
87299	62.5	35.0	32.5
87371	45.0	47.5	22.5
87443	52.5	35.0	22.5
87515	52.5	30.0	30.0
87587	27.5	30.0	30.0
87659	25.0	27.5	40.0
87731	27.5	25.0	25.0
87803	25.0	32.5	32.5
87875	27.5	37.5	50.0
87947	45.0	27.5	50.0
88019	50.0	37.5	30.0
88091	30.0	42.5	30.0
88163	35.0	35.0	32.5
88235	47.5	32.5	25.0
88307	50.0	37.5	27.5
88379	40.0	32.5	37.5
88451	35.0	30.0	50.0
88523	27.5	42.5	52.5
88595	35.0	50.0	40.0
88667	35.0	35.0	45.0
88739	40.0	42.5	37.5
88811	25.0	40.0	40.0
88883	32.5	35.0	35.0
88955	35.0	40.0	37.5
89027	25.0	32.5	40.0
89099	27.5	20.0	32.5
89171	12.5	30.0	37.5
89243	20.0	42.5	20.0
89315	22.5	35.0	30.0
89387	22.5	25.0	42.5
89459	22.5	30.0	52.5
89531	22.5	32.5	37.5
89603	27.5	40.0	42.5
89675	27.5	42.5	37.5
89747	30.0	20.0	22.5
89819	42.5	17.5	35.0
89891	57.5	17.5	30.0
89963	42.5	22.5	17.5
90035	27.5	37.5	32.5
90107	25.0	50.0	37.5
90179	27.5	42.5	30.0
90251	25.0	45.0	30.0
90323	42.5	32.5	30.0
90395	35.0	27.5	40.0
90467	27.5	35.0	47.5
90539	22.5	32.5	32.5
90611	30.0	22.5	35.0
90683	35.0	37.5	27.5
90755	42.5	32.5	22.5
90827	30.0	32.5	37.5
90899	37.5	37.5	27.5
90971	37.5	32.5	22.5
91043	37.5	35.0	27.5
91115	25.0	35.0	35.0
91187	27.5	40.0	35.0
91259	45.0	37.5	50.0
91331	65.0	25.0	52.5
91403	57.5	32.5	35.0
91475	42.5	30.0	20.0
91547	25.0	55.0	32.5
91619	25.0	45.0	30.0
91691	20.0	25.0	17.5
91763	37.5	32.5	22.5
91835	45.0	35.0	25.0
91907	52.5	30.0	15.0
91979	40.0	30.0	15.0
92051	37.5	22.5	20.0
92123	42.5	37.5	30.0
92195	50.0	30.0	37.5
92267	42.5	25.0	42.5
92339	25.0	22.5	37.5
92411	32.5	27.5	27.5
92483	47.5	35.0	12.5
92555	32.5	42.5	25.0
92627	32.5	32.5	27.5
92699	37.5	17.5	45.0
92771	30.0	27.5	47.5
92843	32.5	35.0	32.5
92915	25.0	32.5	35.0
92987	20.0	25.0	27.5
93059	27.5	30.0	35.0
93131	30.0	40.0	42.5
93203	50.0	27.5	25.0
93275	42.5	32.5	32.5
93347	47.5	37.5	47.5
93419	40.0	42.5	25.0
93491	37.5	42.5	27.5
93563	42.5	37.5	45.0
93635	50.0	37.5	55.0
93707	47.5	40.0	35.0
93779	25.0	45.0	45.0
93851	20.0	37.5	45.0
93923	27.5	40.0	40.0
93995	35.0	55.0	40.0
94067	30.0	32.5	55.0
94139	40.0	35.0	52.5
94211	62.5	32.5	35.0
94283	50.0	42.5	27.5
94355	40.0	42.5	40.0
94427	40.0	55.0	42.5
94499	32.5	47.5	42.5
94571	20.0	30.0	37.5
94643	20.0	30.0	47.5
94715	25.0	30.0	37.5
94787	27.5	17.5	35.0
94859	30.0	32.5	35.0
94931	37.5	52.5	30.0
95003	40.0	47.5	32.5
95075	30.0	45.0	45.0
95147	27.5	57.5	42.5
95219	37.5	50.0	45.0
95291	40.0	45.0	50.0
95363	47.5	35.0	42.5
95435	40.0	35.0	45.0
95507	42.5	37.5	45.0
95579	47.5	30.0	45.0
95651	32.5	27.5	37.5
95723	15.0	32.5	35.0
95795	25.0	27.5	45.0
95867	42.5	27.5	52.5
95939	35.0	15.0	35.0
96011	45.0	22.5	20.0
96083	52.5	25.0	27.5
96155	57.5	27.5	27.5
96227	60.0	30.0	17.5
96299	40.0	37.5	25.0
96371	35.0	32.5	32.5
96443	37.5	40.0	37.5
96515	45.0	40.0	50.0
96587	40.0	32.5	55.0
96659	37.5	35.0	47.5
96731	40.0	22.5	35.0
96803	37.5	17.5	35.0
96875	27.5	27.5	37.5
96947	32.5	25.0	45.0
97019	27.5	25.0	50.0
97091	25.0	30.0	47.5
97163	42.5	37.5	45.0
97235	37.5	45.0	40.0
97307	30.0	42.5	40.0
97379	25.0	22.5	45.0
97451	32.5	35.0	25.0
97523	27.5	40.0	37.5
97595	32.5	35.0	50.0
97667	32.5	35.0	45.0
97739	30.0	22.5	45.0
97811	42.5	25.0	47.5
97883	37.5	30.0	40.0
97955	35.0	50.0	25.0
98027	42.5	47.5	22.5
98099	47.5	32.5	32.5
98171	27.5	60.0	32.5
98243	27.5	55.0	30.0
98315	32.5	35.0	30.0
98387	35.0	42.5	22.5
98459	37.5	40.0	22.5
98531	37.5	40.0	27.5
98603	42.5	30.0	27.5
98675	42.5	30.0	42.5
98747	32.5	32.5	47.5
98819	27.5	35.0	30.0
98891	35.0	27.5	20.0
98963	25.0	42.5	40.0
99035	15.0	55.0	40.0
99107	22.5	55.0	25.0
99179	30.0	62.5	15.0
99251	20.0	55.0	27.5
99323	25.0	42.5	27.5
99395	35.0	37.5	22.5
99467	37.5	32.5	37.5
99539	50.0	30.0	40.0
99611	50.0	35.0	27.5
99683	40.0	30.0	32.5
99755	50.0	27.5	25.0
99827	45.0	25.0	25.0
99899	25.0	20.0	37.5
99971	32.5	32.5	40.0