# BASE VAL1 VAL2
# color 0:255:0 0:0:255 100:100:100
35	43.4375	35.3125	30.3125
107	44.0625	35.3125	30.625
179	44.0625	36.25	30.9375
251	42.8125	38.125	29.6875
323	42.5	37.1875	29.6875
395	42.5	37.1875	29.0625
467	43.75	37.1875	27.1875
539	44.0625	38.125	28.125
611	45.9375	36.875	26.5625
683	45.625	37.1875	27.5
755	46.25	36.5625	27.1875
827	45.9375	37.1875	27.8125
899	47.5	36.875	27.1875
971	45.625	36.875	26.875
1043	44.6875	36.5625	27.1875
1115	44.375	37.1875	27.5
1187	45.3125	34.6875	26.5625
1259	45.0	35.0	27.8125
1331	46.25	34.0625	28.75
1403	46.25	33.4375	29.6875
1475	44.6875	33.4375	27.8125
1547	43.4375	33.125	28.4375
1619	44.0625	32.1875	28.75
1691	42.8125	31.5625	28.125
1763	41.25	32.8125	28.75
1835	40.3125	33.4375	28.125
1907	40.0	35.0	27.8125
1979	39.6875	35.3125	26.5625
2051	39.6875	35.0	26.25
2123	37.5	36.875	26.25
2195	37.8125	38.125	26.875
2267	36.25	40.3125	25.9375
2339	35.3125	41.875	25.9375
2411	33.75	42.8125	25.9375
2483	32.8125	44.0625	26.875
2555	31.5625	44.375	26.5625
2627	30.3125	47.5	27.1875
2699	31.25	46.25	27.5
2771	30.9375	45.3125	28.4375
2843	30.9375	44.6875	28.75
2915	30.9375	44.375	30.0
2987	30.625	44.0625	30.9375
3059	30.3125	45.0	33.4375
3131	31.25	44.375	32.1875
3203	29.375	45.3125	34.0625
3275	30.0	45.625	34.6875
3347	30.3125	43.75	35.625
3419	30.0	43.75	34.6875
3491	30.0	45.3125	34.6875
3563	29.0625	44.0625	35.625
3635	29.375	45.0	35.0
3707	29.0625	47.5	33.75
3779	26.5625	49.375	33.75
3851	27.1875	50.9375	32.1875
3923	25.9375	49.6875	33.125
3995	26.5625	48.75	30.625
4067	26.875	49.0625	30.9375
4139	27.8125	49.6875	28.75
4211	30.625	49.0625	26.875
4283	30.9375	49.0625	25.9375
4355	31.5625	47.8125	25.0
4427	31.5625	47.5	25.3125
4499	31.875	49.375	24.375
4571	30.9375	47.5	24.6875
4643	30.3125	45.625	26.5625
4715	31.875	45.0	26.875
4787	31.5625	45.0	27.8125
4859	31.5625	44.0625	27.8125
4931	32.8125	45.3125	28.125
5003	31.5625	45.0	27.5
5075	29.375	43.4375	29.375
5147	26.875	41.5625	30.3125
5219	23.75	41.5625	31.875
5291	21.875	42.8125	33.125
5363	20.9375	42.5	33.75
5435	20.3125	40.0	33.4375
5507	18.4375	41.875	34.6875
5579	19.375	42.1875	34.6875
5651	17.8125	41.5625	35.3125
5723	16.25	41.5625	37.5
5795	16.875	39.6875	38.4375
5867	16.875	40.0	37.8125
5939	16.5625	39.6875	39.0625
6011	16.875	39.0625	38.4375
6083	15.9375	41.25	40.3125
6155	14.6875	40.625	40.625
6227	14.0625	40.3125	41.5625
6299	13.75	40.625	41.5625
6371	13.75	41.25	43.125
6443	16.25	38.4375	42.1875
6515	15.3125	37.1875	41.5625
6587	16.5625	36.875	41.5625
6659	18.4375	35.625	40.0
6731	18.125	35.9375	40.0
6803	17.8125	37.5	40.9375
6875	17.5	37.1875	42.5
6947	17.1875	36.875	43.125
7019	18.4375	35.625	42.1875
7091	20.3125	35.3125	41.5625
7163	23.4375	35.9375	40.0
7235	24.6875	36.25	38.75
7307	26.5625	35.3125	37.1875
7379	28.125	36.875	35.625
7451	30.625	36.25	33.4375
7523	30.625	36.5625	31.25
7595	30.625	36.25	32.1875
7667	32.8125	37.5	30.0
7739	33.75	36.875	28.125
7811	34.6875	35.9375	24.6875
7883	36.25	35.0	21.875
7955	39.375	35.9375	20.3125
8027	38.4375	35.0	19.6875
8099	38.125	35.625	17.8125
8171	40.0	34.6875	16.25
8243	39.6875	35.3125	14.6875
8315	38.75	36.25	15.0
8387	39.0625	35.9375	13.125
8459	40.3125	36.25	12.5
8531	41.875	37.8125	11.25
8603	41.25	37.8125	10.0
8675	39.6875	38.75	10.0
8747	39.6875	38.4375	8.75
8819	40.625	38.75	9.375
8891	40.0	39.375	10.625
8963	40.625	40.0	9.6875
9035	40.625	41.25	9.0625
9107	40.0	40.9375	9.375
9179	40.0	40.0	9.0625
9251	39.6875	39.375	8.75
9323	39.0625	40.3125	9.6875
9395	39.375	40.9375	10.0
9467	38.125	40.0	9.0625
9539	39.6875	41.5625	8.4375
9611	39.6875	40.625	9.0625
9683	39.375	40.3125	9.6875
9755	38.4375	39.375	9.6875
9827	39.375	40.9375	8.75
9899	38.125	40.3125	9.0625
9971	39.6875	40.3125	8.75
10043	38.75	40.9375	8.4375
10115	38.4375	42.5	8.4375
10187	39.0625	42.1875	8.75
10259	37.5	41.5625	8.125
10331	37.1875	40.0	8.75
10403	35.625	39.375	8.4375
10475	35.625	39.6875	8.4375
10547	35.625	39.6875	8.125
10619	35.9375	39.375	7.1875
10691	36.25	39.6875	7.1875
10763	35.9375	41.25	7.1875
10835	35.3125	39.6875	6.5625
10907	34.6875	40.625	6.5625
10979	33.4375	39.6875	7.5
11051	33.75	39.375	7.1875
11123	34.375	40.3125	6.875
11195	34.0625	39.0625	7.1875
11267	33.75	39.6875	6.25
11339	34.6875	39.0625	5.9375
11411	35.625	39.0625	5.9375
11483	35.9375	39.0625	5.3125
11555	35.625	39.0625	5.625
11627	35.3125	40.9375	5.9375
11699	33.125	38.75	7.5
11771	34.375	41.5625	7.5
11843	35.625	42.8125	7.5
11915	36.875	44.0625	7.8125
11987	38.125	44.6875	6.875
12059	36.875	42.5	8.125
12131	36.875	43.4375	7.1875
12203	37.8125	43.4375	7.5
12275	37.5	45.0	7.1875
12347	35.625	45.9375	7.5
12419	34.6875	45.9375	7.8125
12491	35.3125	44.6875	7.8125
12563	33.75	45.3125	7.1875
12635	35.3125	45.9375	6.25
12707	35.625	47.1875	6.5625
12779	34.375	44.6875	6.875
12851	34.0625	45.625	6.25
12923	34.0625	45.0	6.25
12995	35.3125	45.625	5.625
13067	35.3125	46.5625	5.625
13139	35.625	47.1875	5.625
13211	35.9375	46.25	5.3125
13283	36.875	47.8125	5.3125
13355	38.125	48.75	4.6875
13427	35.9375	48.75	5.9375
13499	35.3125	48.125	7.1875
13571	35.0	45.9375	9.0625
13643	34.375	45.3125	9.375
13715	34.0625	44.6875	10.9375
13787	32.8125	43.75	12.5
13859	32.5	44.0625	12.8125
13931	31.25	45.3125	14.6875
14003	30.0	44.6875	17.5
14075	30.3125	43.4375	19.6875
14147	30.0	43.125	21.25
14219	28.75	41.5625	21.875
14291	27.8125	41.25	24.0625
14363	28.4375	38.125	26.5625
14435	32.1875	37.8125	26.875
14507	33.125	38.75	26.875
14579	32.1875	40.3125	28.75
14651	32.1875	40.9375	27.1875
14723	31.875	40.3125	29.0625
14795	28.75	40.9375	31.5625
14867	29.375	40.3125	32.8125
14939	28.75	39.375	33.75
15011	28.4375	37.5	35.0
15083	28.125	37.8125	36.875
15155	29.375	38.75	37.8125
15227	29.375	36.25	41.25
15299	29.0625	37.5	41.5625
15371	27.1875	37.1875	43.4375
15443	28.4375	36.875	43.125
15515	29.375	36.25	42.1875
15587	30.0	34.375	42.8125
15659	30.625	33.125	41.5625
15731	31.5625	36.25	40.625
15803	31.5625	37.1875	38.75
15875	32.5	36.875	38.75
15947	32.8125	39.375	37.1875
16019	32.1875	41.25	35.625
16091	29.6875	43.4375	35.9375
16163	30.0	44.0625	33.4375
16235	30.9375	45.3125	33.75
16307	30.3125	46.875	31.875
16379	28.75	49.0625	30.9375
16451	27.1875	50.3125	31.25
16523	27.1875	51.25	31.25
16595	27.5	51.5625	31.25
16667	27.5	50.0	30.625
16739	27.1875	49.6875	33.4375
16811	27.8125	47.5	32.1875
16883	26.5625	48.125	33.125
16955	27.8125	47.1875	33.75
17027	29.0625	44.375	34.375
17099	30.0	41.25	37.5
17171	29.6875	40.625	39.375
17243	30.0	39.375	40.625
17315	31.25	35.9375	44.0625
17387	32.1875	33.75	45.625
17459	33.4375	33.4375	45.9375
17531	33.125	33.4375	47.8125
17603	33.75	32.1875	49.6875
17675	35.9375	30.3125	49.375
17747	35.625	30.625	50.625
17819	36.25	29.375	51.25
17891	36.875	27.5	49.6875
17963	36.875	27.1875	51.25
18035	35.9375	28.4375	50.9375
18107	35.625	29.375	49.0625
18179	36.25	30.9375	47.5
18251	35.9375	31.875	45.9375
18323	36.875	33.125	45.0
18395	35.0	33.125	45.625
18467	35.9375	34.6875	42.8125
18539	36.5625	35.3125	41.875
18611	35.0	36.25	41.5625
18683	33.4375	36.5625	43.4375
18755	33.75	38.4375	40.625
18827	33.75	39.0625	38.4375
18899	33.125	41.25	36.25
18971	33.75	42.8125	33.75
19043	33.75	43.75	32.8125
19115	33.125	42.8125	32.1875
19187	31.875	45.3125	30.3125
19259	30.625	45.9375	29.6875
19331	29.375	48.125	30.3125
19403	29.0625	46.25	30.625
19475	28.4375	45.625	32.5
19547	29.0625	43.4375	33.4375
19619	30.0	40.3125	33.4375
19691	30.625	38.125	34.6875
19763	30.9375	37.5	36.25
19835	31.25	36.5625	37.8125
19907	31.875	33.75	38.4375
19979	32.1875	31.5625	39.0625
20051	33.125	30.3125	40.625
20123	33.125	28.125	42.8125
20195	32.8125	26.875	43.4375
20267	33.75	25.9375	41.875
20339	33.75	25.0	42.8125
20411	34.375	26.5625	42.1875
20483	35.625	28.75	40.625
20555	34.375	31.25	40.625
20627	33.75	32.5	38.75
20699	31.875	34.6875	37.5
20771	29.6875	37.5	37.8125
20843	28.4375	36.875	36.875
20915	28.125	37.8125	38.75
20987	28.75	38.125	38.4375
21059	28.4375	39.375	37.8125
21131	30.625	38.125	39.0625
21203	30.625	37.8125	40.3125
21275	30.625	38.125	40.625
21347	32.5	35.9375	41.25
21419	31.875	35.0	42.1875
21491	33.4375	32.8125	43.4375
21563	34.0625	32.1875	46.25
21635	36.25	31.25	46.25
21707	37.5	29.0625	46.875
21779	40.625	28.125	49.0625
21851	40.9375	29.375	47.8125
21923	38.75	27.8125	46.25
21995	37.5	28.75	45.0
22067	35.0	30.0	44.0625
22139	34.375	29.0625	43.4375
22211	32.1875	29.375	43.75
22283	30.0	30.3125	42.8125
22355	29.375	30.9375	41.5625
22427	28.125	31.5625	40.625
22499	25.9375	32.8125	38.4375
22571	24.0625	33.125	37.8125
22643	23.125	32.1875	38.125
22715	22.1875	32.1875	38.4375
22787	20.625	32.1875	39.375
22859	21.25	31.875	40.625
22931	23.125	31.875	39.6875
23003	25.0	30.625	39.6875
23075	25.3125	30.625	40.0
23147	26.5625	30.0	40.9375
23219	28.75	29.375	39.375
23291	29.0625	29.0625	39.0625
23363	31.25	28.125	38.125
23435	32.5	28.4375	38.4375
23507	32.8125	28.75	36.5625
23579	34.6875	28.75	34.6875
23651	35.9375	26.875	32.1875
23723	35.9375	29.0625	29.375
23795	35.9375	30.0	27.5
23867	35.0	31.875	28.125
23939	32.8125	32.1875	28.125
24011	33.75	33.125	27.1875
24083	34.0625	34.375	26.875
24155	32.8125	35.0	28.4375
24227	31.875	37.5	28.75
24299	30.3125	40.9375	27.5
24371	29.6875	40.0	29.375
24443	30.0	40.0	29.0625
24515	29.6875	38.75	30.3125
24587	31.25	39.375	30.3125
24659	32.8125	39.6875	31.25
24731	33.4375	38.4375	32.1875
24803	33.4375	36.5625	32.8125
24875	34.0625	36.25	30.9375
24947	33.4375	35.625	30.625
25019	33.75	35.3125	30.9375
25091	32.8125	35.0	30.9375
25163	33.4375	33.75	30.3125
25235	34.375	31.875	30.0
25307	34.6875	30.9375	32.1875
25379	33.125	30.9375	31.875
25451	31.25	32.8125	32.1875
25523	28.4375	34.0625	33.4375
25595	26.875	34.0625	34.375
25667	25.625	34.0625	36.25
25739	25.625	34.0625	36.5625
25811	24.375	35.0	37.8125
25883	25.9375	34.6875	39.375
25955	27.1875	35.0	39.375
26027	26.875	34.0625	41.25
26099	26.25	33.4375	43.125
26171	26.875	30.9375	43.75
26243	26.5625	30.625	43.125
26315	27.5	30.0	43.4375
26387	29.375	29.0625	44.0625
26459	31.5625	28.125	42.1875
26531	34.375	28.4375	41.5625
26603	35.3125	28.75	39.0625
26675	35.3125	28.75	37.1875
26747	36.5625	28.4375	35.625
26819	37.1875	29.0625	32.8125
26891	37.1875	29.0625	29.6875
26963	38.125	31.875	27.1875
27035	38.75	31.5625	25.625
27107	39.6875	33.4375	21.875
27179	41.875	35.3125	20.0
27251	40.9375	35.3125	19.375
27323	40.9375	35.625	16.5625
27395	40.0	34.375	16.5625
27467	39.0625	34.0625	16.25
27539	38.75	35.0	15.625
27611	38.75	35.3125	14.6875
27683	38.75	36.5625	14.0625
27755	38.75	38.4375	15.0
27827	38.4375	38.125	17.1875
27899	39.375	38.75	16.875
27971	40.0	38.75	16.5625
28043	40.0	36.5625	18.125
28115	37.8125	37.8125	17.5
28187	37.5	38.4375	17.8125
28259	39.0625	38.4375	17.8125
28331	39.375	40.3125	19.0625
28403	39.375	41.25	18.75
28475	40.625	42.5	18.125
28547	41.25	43.125	18.125
28619	40.3125	41.875	19.0625
28691	40.0	41.25	18.75
28763	41.25	40.3125	18.4375
28835	40.3125	39.375	16.875
28907	39.6875	39.375	18.125
28979	38.75	40.3125	18.125
29051	40.0	40.3125	19.0625
29123	40.625	39.375	18.125
29195	41.25	38.125	17.5
29267	40.625	37.5	17.5
29339	39.375	36.25	17.5
29411	37.5	35.9375	16.5625
29483	37.5	35.0	16.875
29555	36.25	35.3125	18.125
29627	37.1875	36.25	16.875
29699	35.9375	37.1875	17.1875
29771	35.9375	36.875	18.4375
29843	36.25	36.5625	20.0
29915	35.0	34.375	21.25
29987	34.0625	34.375	22.1875
30059	34.6875	34.375	23.4375
30131	35.3125	34.0625	24.375
30203	35.9375	34.375	24.6875
30275	36.25	35.9375	25.3125
30347	36.875	36.5625	27.5
30419	37.1875	35.625	27.5
30491	35.625	35.0	27.1875
30563	34.0625	34.375	27.1875
30635	35.3125	32.1875	28.4375
30707	35.3125	31.5625	30.625
30779	32.8125	31.25	31.25
30851	33.75	30.625	31.25
30923	32.8125	29.0625	31.875
30995	31.875	27.8125	31.875
31067	31.5625	26.875	32.5
31139	30.625	25.0	31.5625
31211	30.0	26.25	33.75
31283	30.3125	25.625	35.625
31355	28.4375	27.5	37.1875
31427	29.0625	29.0625	38.75
31499	29.375	29.375	40.625
31571	26.5625	34.375	44.6875
31643	25.0	36.25	45.3125
31715	24.6875	37.8125	44.6875
31787	24.0625	40.0	44.375
31859	25.0	41.875	44.0625
31931	23.75	43.75	44.375
32003	22.5	46.875	45.625
32075	21.25	49.6875	48.4375
32147	20.0	50.625	48.75
32219	18.125	50.9375	47.5
32291	20.0	50.3125	45.625
32363	20.0	48.75	47.1875
32435	19.6875	49.375	47.8125
32507	20.0	48.4375	44.6875
32579	20.625	49.0625	42.1875
32651	21.25	48.75	42.1875
32723	20.0	50.0	43.125
32795	19.375	50.9375	43.75
32867	20.0	52.1875	44.0625
32939	18.75	53.75	43.75
33011	18.75	51.875	43.75
33083	18.125	53.125	44.6875
33155	20.0	52.1875	44.375
33227	21.25	50.9375	45.9375
33299	20.3125	51.875	45.0
33371	20.0	52.5	43.4375
33443	19.6875	51.875	44.6875
33515	20.3125	49.6875	45.625
33587	19.6875	49.6875	46.875
33659	20.625	48.125	46.5625
33731	22.8125	45.9375	46.5625
33803	23.75	44.0625	46.5625
33875	24.375	41.25	47.8125
33947	27.1875	39.6875	46.25
34019	28.75	37.5	46.875
34091	29.375	35.625	47.8125
34163	30.625	33.4375	48.125
34235	32.1875	31.5625	47.8125
34307	32.8125	30.625	49.6875
34379	34.375	30.0	48.4375
34451	35.625	28.125	49.375
34523	37.1875	25.625	49.6875
34595	37.8125	25.625	50.3125
34667	37.1875	24.375	52.1875
34739	37.5	24.375	51.25
34811	35.9375	24.375	50.9375
34883	35.0	24.375	49.375
34955	35.9375	23.4375	50.9375
35027	35.3125	25.3125	48.75
35099	34.6875	25.9375	49.0625
35171	32.5	25.3125	49.375
35243	32.5	25.0	48.4375
35315	30.9375	25.625	46.875
35387	31.5625	25.0	47.8125
35459	31.5625	24.375	48.4375
35531	30.625	24.6875	48.75
35603	33.125	25.9375	49.0625
35675	34.375	25.3125	49.375
35747	36.25	25.9375	49.0625
35819	36.5625	26.5625	48.4375
35891	36.875	27.1875	49.375
35963	38.75	26.25	50.3125
36035	39.375	25.3125	50.9375
36107	40.0	26.875	51.5625
36179	41.5625	25.625	52.5
36251	41.5625	25.3125	56.25
36323	40.9375	25.9375	56.25
36395	42.5	26.25	56.25
36467	41.875	26.5625	54.6875
36539	42.5	24.375	55.0
36611	42.1875	24.0625	54.6875
36683	40.3125	22.8125	55.9375
36755	40.9375	22.8125	56.25
36827	42.1875	21.5625	57.5
36899	42.1875	21.875	58.125
36971	40.0	21.5625	58.125
37043	39.6875	21.875	57.5
37115	37.1875	22.8125	57.1875
37187	37.1875	22.5	55.3125
37259	37.5	21.5625	55.0
37331	36.5625	21.875	54.375
37403	35.0	22.8125	54.0625
37475	32.8125	23.125	55.3125
37547	30.9375	24.6875	53.75
37619	30.3125	24.6875	51.875
37691	28.75	25.0	52.1875
37763	27.1875	24.375	51.875
37835	25.3125	24.6875	51.875
37907	25.9375	24.6875	50.3125
37979	24.375	24.6875	50.625
38051	26.875	23.75	50.9375
38123	27.1875	23.4375	50.625
38195	26.25	24.0625	51.25
38267	27.1875	25.0	49.6875
38339	31.25	22.8125	49.0625
38411	33.125	20.9375	51.5625
38483	33.75	21.25	51.25
38555	34.0625	21.5625	51.875
38627	34.0625	21.875	51.25
38699	34.0625	22.8125	51.875
38771	33.75	21.875	51.5625
38843	32.8125	21.875	51.875
38915	35.3125	21.25	50.9375
38987	35.625	20.9375	49.6875
39059	35.625	23.125	48.125
39131	37.8125	22.8125	48.4375
39203	37.1875	22.8125	46.875
39275	35.0	22.5	47.8125
39347	32.8125	24.6875	45.9375
39419	33.4375	24.375	45.625
39491	33.125	23.4375	47.5
39563	33.4375	22.5	46.875
39635	34.0625	23.4375	45.3125
39707	35.3125	23.75	45.625
39779	37.8125	24.375	45.625
39851	37.1875	24.0625	45.625
39923	36.5625	25.9375	46.25
39995	36.5625	25.9375	47.5
40067	35.9375	25.625	46.875
40139	35.9375	25.3125	48.75
40211	35.625	26.25	48.75
40283	35.625	25.9375	48.75
40355	35.3125	26.5625	48.125
40427	35.9375	26.875	46.875
40499	36.875	28.125	45.3125
40571	37.5	26.875	46.25
40643	37.1875	27.1875	46.875
40715	35.625	28.125	44.375
40787	34.0625	30.0	44.0625
40859	34.0625	29.375	42.5
40931	33.125	28.125	41.875
41003	32.8125	28.125	42.5
41075	33.125	27.8125	40.9375
41147	35.0	27.8125	39.6875
41219	34.6875	27.5	40.0
41291	35.625	26.25	40.625
41363	34.6875	26.875	41.25
41435	33.75	26.5625	41.5625
41507	34.6875	24.6875	42.8125
41579	34.0625	24.0625	44.6875
41651	34.375	23.4375	44.375
41723	35.625	22.1875	46.25
41795	36.5625	20.3125	48.4375
41867	36.875	20.0	50.0
41939	37.1875	20.625	48.75
42011	36.25	21.875	48.75
42083	35.9375	21.875	49.0625
42155	36.875	23.125	48.75
42227	36.875	25.0	47.8125
42299	37.5	24.375	46.875
42371	37.5	25.0	45.0
42443	37.5	24.375	44.0625
42515	39.6875	25.625	40.0
42587	41.5625	25.625	41.25
42659	40.625	26.25	39.6875
42731	41.5625	27.8125	38.75
42803	42.8125	28.4375	37.5
42875	43.4375	27.8125	36.5625
42947	42.5	28.125	38.4375
43019	43.125	27.8125	39.0625
43091	43.4375	26.25	38.4375
43163	44.375	25.9375	37.1875
43235	44.6875	26.875	38.125
43307	43.4375	27.1875	40.0
43379	43.75	28.125	39.0625
43451	44.0625	28.125	40.0
43523	42.1875	29.6875	39.375
43595	41.25	30.0	39.0625
43667	40.3125	30.625	37.5
43739	39.6875	31.5625	37.1875
43811	40.625	31.5625	36.875
43883	42.8125	30.625	35.625
43955	42.5	30.625	35.3125
44027	43.75	31.875	34.375
44099	43.4375	32.1875	35.0
44171	43.125	31.875	33.75
44243	43.4375	32.5	32.8125
44315	43.4375	31.875	33.75
44387	43.75	32.1875	32.8125
44459	44.0625	31.875	33.4375
44531	45.9375	31.875	32.8125
44603	46.25	33.75	31.875
44675	46.875	32.8125	32.1875
44747	47.1875	32.8125	31.25
44819	45.625	33.75	31.875
44891	45.625	34.375	30.9375
44963	45.3125	34.6875	32.1875
45035	45.3125	34.375	32.5
45107	46.5625	34.0625	31.5625
45179	44.6875	35.3125	31.5625
45251	44.0625	35.3125	31.25
45323	45.0	34.6875	31.875
45395	45.625	33.75	32.5
45467	45.0	34.0625	32.5
45539	45.3125	32.1875	33.4375
45611	45.3125	31.25	33.125
45683	46.25	30.9375	33.75
45755	47.1875	29.375	35.9375
45827	47.1875	30.0	37.1875
45899	46.25	28.75	36.25
45971	45.9375	28.125	35.3125
46043	45.3125	28.75	34.6875
46115	45.9375	29.0625	33.75
46187	46.25	28.125	35.3125
46259	44.6875	28.4375	35.3125
46331	44.375	29.0625	34.6875
46403	43.4375	29.375	34.375
46475	40.625	30.3125	35.625
46547	40.0	30.625	37.5
46619	37.5	31.25	38.75
46691	36.5625	31.875	37.8125
46763	34.0625	32.5	38.75
46835	33.125	33.4375	38.4375
46907	33.125	33.125	38.75
46979	31.25	34.375	40.9375
47051	31.875	33.125	42.8125
47123	30.625	34.375	44.0625
47195	30.0	35.0	44.6875
47267	28.125	34.375	44.375
47339	27.8125	34.375	45.0
47411	29.0625	34.375	44.375
47483	29.6875	34.375	42.5
47555	30.625	34.6875	40.625
47627	30.625	35.9375	40.9375
47699	30.625	36.5625	40.3125
47771	32.1875	36.5625	41.25
47843	32.1875	34.375	41.875
47915	31.875	36.25	43.4375
47987	32.1875	37.5	42.1875
48059	33.4375	35.625	42.5
48131	35.3125	34.0625	42.8125
48203	35.9375	32.8125	42.1875
48275	35.9375	33.4375	42.1875
48347	36.875	34.375	43.125
48419	36.875	34.0625	42.5
48491	35.3125	34.375	45.0
48563	34.6875	33.75	46.25
48635	35.9375	32.8125	46.5625
48707	34.375	32.8125	47.5
48779	36.25	33.75	46.25
48851	37.1875	31.875	45.3125
48923	37.1875	31.25	44.6875
48995	35.9375	32.1875	44.375
49067	35.0	32.8125	45.0
49139	34.375	32.1875	44.6875
49211	35.0	33.4375	45.9375
49283	34.375	33.125	45.3125
49355	34.6875	32.5	45.3125
49427	35.0	31.5625	45.0
49499	34.375	31.875	45.0
49571	33.4375	32.5	43.4375
49643	32.5	33.4375	43.75
49715	32.5	31.5625	44.6875
49787	32.1875	30.9375	44.6875
49859	30.9375	31.5625	45.625
49931	30.3125	31.25	47.5
50003	30.9375	30.3125	46.875
50075	30.625	30.0	47.8125
50147	29.6875	30.3125	49.0625
50219	30.0	29.6875	49.375
50291	31.25	29.6875	48.75
50363	30.9375	30.9375	49.0625
50435	33.125	30.9375	47.1875
50507	32.1875	30.9375	49.375
50579	33.125	31.25	49.375
50651	33.125	31.5625	48.75
50723	32.8125	32.5	47.8125
50795	33.4375	31.875	47.1875
50867	35.0	31.875	45.3125
50939	34.6875	33.125	43.75
51011	35.0	33.75	43.4375
51083	34.375	33.75	44.0625
51155	34.375	34.375	43.125
51227	32.8125	35.0	44.0625
51299	30.625	35.0	43.75
51371	30.0	33.125	45.625
51443	30.0	32.5	45.0
51515	29.0625	33.125	45.0
51587	29.0625	33.125	45.3125
51659	29.375	31.875	46.875
51731	29.0625	31.875	47.1875
51803	29.375	30.9375	46.875
51875	28.4375	31.25	47.8125
51947	29.0625	30.625	47.8125
52019	29.375	30.0	47.1875
52091	28.75	30.3125	47.1875
52163	28.75	29.375	46.875
52235	30.0	29.0625	46.875
52307	31.25	28.75	46.25
52379	31.25	29.6875	46.25
52451	33.75	28.75	45.9375
52523	35.0	28.75	46.5625
52595	34.0625	28.75	47.1875
52667	33.125	28.4375	47.8125
52739	33.125	30.0	47.8125
52811	33.125	29.6875	49.6875
52883	33.75	29.6875	49.6875
52955	33.4375	29.375	49.6875
53027	34.375	29.0625	48.4375
53099	34.0625	29.375	48.125
53171	34.375	29.0625	48.125
53243	33.125	30.3125	49.0625
53315	32.8125	31.875	48.125
53387	30.625	32.8125	49.6875
53459	29.0625	33.75	49.6875
53531	29.0625	33.4375	50.0
53603	29.6875	34.375	47.5
53675	28.75	33.4375	45.3125
53747	27.5	34.0625	44.375
53819	27.8125	33.125	43.4375
53891	27.1875	32.8125	42.1875
53963	27.8125	31.25	43.125
54035	27.1875	32.5	45.3125
54107	29.0625	31.25	46.25
54179	29.6875	32.1875	44.375
54251	29.375	31.875	44.6875
54323	29.375	30.3125	43.75
54395	29.0625	30.0	41.875
54467	28.4375	31.25	39.375
54539	31.5625	31.25	37.5
54611	32.1875	32.8125	39.375
54683	33.125	32.8125	38.4375
54755	34.375	35.3125	37.5
54827	36.25	36.25	37.5
54899	34.0625	38.125	36.5625
54971	34.375	39.375	34.0625
55043	34.0625	40.3125	32.1875
55115	34.0625	41.5625	30.9375
55187	35.0	42.5	27.8125
55259	37.5	42.5	25.9375
55331	39.0625	42.1875	25.625
55403	40.3125	40.0	27.5
55475	39.375	39.0625	28.125
55547	40.9375	38.125	29.0625
55619	41.875	36.875	30.3125
55691	40.9375	35.9375	30.0
55763	41.5625	34.6875	29.375
55835	41.25	33.125	30.3125
55907	42.8125	31.25	30.3125
55979	43.75	31.875	30.9375
56051	42.5	31.25	30.3125
56123	42.1875	30.9375	30.9375
56195	40.9375	30.625	32.8125
56267	39.0625	30.625	34.375
56339	39.375	31.25	33.4375
56411	39.375	30.625	33.75
56483	38.75	29.6875	33.125
56555	37.5	28.4375	33.75
56627	37.8125	28.75	32.8125
56699	39.375	27.8125	33.125
56771	38.125	28.75	32.1875
56843	38.125	29.375	31.875
56915	36.875	28.4375	31.25
56987	36.5625	30.0	30.9375
57059	35.9375	28.75	30.9375
57131	35.625	27.5	33.4375
57203	35.0	26.875	33.75
57275	34.375	28.75	35.0
57347	32.1875	28.4375	35.9375
57419	30.3125	30.3125	36.25
57491	31.25	30.625	37.8125
57563	30.625	31.875	38.75
57635	29.0625	34.375	37.8125
57707	26.875	35.9375	39.0625
57779	29.375	36.25	39.0625
57851	29.375	37.5	39.0625
57923	29.375	36.875	39.375
57995	30.9375	35.3125	40.3125
58067	32.5	35.9375	39.375
58139	33.4375	35.625	36.875
58211	35.625	33.75	35.0
58283	38.4375	35.0	36.5625
58355	40.625	34.6875	35.3125
58427	39.6875	36.5625	34.375
58499	37.5	35.9375	34.0625
58571	39.0625	35.625	32.8125
58643	40.0	34.375	32.5
58715	40.3125	33.75	32.1875
58787	39.375	32.1875	32.8125
58859	40.0	32.5	32.8125
58931	39.6875	34.0625	32.5
59003	38.75	35.625	33.75
59075	36.5625	37.8125	33.75
59147	37.1875	36.5625	33.125
59219	35.9375	36.25	33.4375
59291	35.625	36.875	32.1875
59363	37.8125	35.0	32.8125
59435	40.0	35.0	31.5625
59507	43.125	32.8125	33.125
59579	41.875	33.4375	33.4375
59651	42.1875	31.875	34.6875
59723	40.3125	30.3125	36.875
59795	40.0	28.4375	37.5
59867	39.6875	27.5	38.4375
59939	40.0	27.1875	39.6875
60011	40.3125	26.5625	38.75
60083	40.3125	27.5	38.75
60155	40.0	28.75	38.75
60227	39.0625	31.5625	37.8125
60299	38.4375	30.3125	36.875
60371	37.5	30.3125	36.875
60443	36.25	29.375	35.9375
60515	36.25	29.0625	36.25
60587	35.3125	29.0625	35.3125
60659	36.875	30.625	34.6875
60731	36.5625	31.875	35.3125
60803	38.4375	32.1875	35.625
60875	39.6875	31.875	33.75
60947	41.875	30.3125	32.1875
61019	42.5	29.0625	33.4375
61091	43.4375	28.4375	33.75
61163	43.4375	27.5	33.4375
61235	44.375	27.5	33.75
61307	43.4375	29.375	33.75
61379	43.125	30.0	33.4375
61451	42.5	31.5625	34.0625
61523	43.75	30.9375	33.4375
61595	45.625	30.3125	33.4375
61667	47.1875	31.25	31.5625
61739	45.9375	32.5	32.5
61811	45.0	31.5625	33.75
61883	44.6875	31.875	34.375
61955	44.0625	32.1875	33.4375
62027	45.0	31.25	33.75
62099	43.4375	31.875	32.8125
62171	43.75	33.125	34.0625
62243	45.0	30.9375	35.3125
62315	46.25	31.875	36.25
62387	48.4375	30.625	36.25
62459	47.8125	31.25	35.9375
62531	47.5	32.5	35.0
62603	47.8125	31.5625	35.0
62675	50.0	30.625	34.375
62747	50.0	31.5625	33.4375
62819	49.0625	33.125	31.5625
62891	49.375	33.125	31.25
62963	48.4375	34.6875	30.9375
63035	49.0625	33.75	31.25
63107	48.4375	32.1875	33.125
63179	45.625	31.875	34.6875
63251	44.375	33.125	33.75
63323	42.5	34.375	34.0625
63395	41.875	33.75	34.375
63467	40.625	33.75	35.625
63539	38.125	35.625	36.5625
63611	36.875	37.5	35.625
63683	36.25	38.125	35.3125
63755	35.9375	38.125	37.1875
63827	35.0	40.3125	37.5
63899	33.125	38.75	38.125
63971	33.75	37.5	39.6875
64043	34.375	37.5	39.6875
64115	36.875	36.5625	37.1875
64187	37.1875	35.3125	39.0625
64259	37.8125	34.375	39.0625
64331	38.75	34.375	40.0
64403	40.0	33.125	38.125
64475	41.5625	32.8125	38.125
64547	41.5625	31.5625	37.8125
64619	39.6875	30.9375	36.875
64691	39.6875	30.3125	35.625
64763	40.3125	30.625	35.625
64835	39.6875	31.25	35.0
64907	39.6875	34.0625	32.8125
64979	38.4375	36.25	32.5
65051	37.8125	38.75	31.25
65123	37.8125	40.625	30.0
65195	37.5	40.9375	29.0625
65267	35.9375	41.5625	28.75
65339	36.25	43.75	30.0
65411	38.125	42.1875	29.375
65483	37.8125	41.875	31.25
65555	38.125	43.4375	31.5625
65627	37.8125	43.75	32.5
65699	39.0625	45.3125	30.9375
65771	39.375	45.0	30.9375
65843	37.8125	44.375	32.8125
65915	36.5625	43.75	32.8125
65987	37.1875	44.6875	32.1875
66059	37.8125	44.375	32.1875
66131	36.875	44.375	30.0
66203	37.1875	46.5625	28.125
66275	36.5625	47.1875	26.25
66347	34.0625	46.875	27.5
66419	34.0625	48.4375	25.3125
66491	34.0625	48.125	24.0625
66563	36.5625	48.75	23.125
66635	36.25	47.1875	23.4375
66707	36.875	47.5	23.125
66779	37.5	45.9375	23.125
66851	39.0625	46.25	21.875
66923	38.75	47.1875	22.1875
66995	39.0625	45.0	21.5625
67067	38.125	43.75	22.1875
67139	38.75	41.875	24.6875
67211	39.6875	41.5625	25.0
67283	41.25	40.3125	25.625
67355	42.8125	40.3125	24.6875
67427	41.875	39.375	25.9375
67499	40.625	38.4375	26.875
67571	40.625	37.8125	26.875
67643	38.75	36.25	29.375
67715	40.625	35.3125	29.6875
67787	41.875	34.6875	30.0
67859	41.5625	31.875	30.625
67931	41.875	32.5	32.5
68003	40.9375	33.4375	33.4375
68075	39.6875	34.375	34.375
68147	39.0625	35.0	35.0
68219	38.125	35.625	35.3125
68291	36.5625	33.75	37.5
68363	35.625	32.1875	38.125
68435	35.625	30.3125	39.0625
68507	33.4375	30.625	39.0625
68579	33.75	31.25	39.375
68651	33.125	31.25	39.375
68723	33.4375	31.875	39.0625
68795	31.25	33.75	37.8125
68867	31.875	35.3125	35.9375
68939	33.125	34.6875	35.625
69011	35.625	31.875	34.6875
69083	38.75	31.5625	33.4375
69155	39.6875	30.3125	33.125
69227	40.0	31.5625	31.25
69299	40.0	33.4375	31.25
69371	40.625	34.375	31.875
69443	39.375	35.625	33.125
69515	40.9375	34.375	32.5
69587	39.6875	35.3125	31.875
69659	39.0625	35.625	32.5
69731	37.8125	35.3125	34.6875
69803	37.8125	33.4375	35.9375
69875	35.9375	32.1875	38.4375
69947	34.0625	34.0625	38.4375
70019	31.875	34.6875	38.125
70091	30.9375	35.625	37.5
70163	30.0	36.25	37.8125
70235	30.9375	37.1875	38.75
70307	29.375	38.125	37.1875
70379	30.625	39.0625	36.25
70451	30.625	38.75	35.9375
70523	30.0	38.125	36.5625
70595	30.0	39.6875	35.0
70667	29.0625	40.3125	32.8125
70739	29.6875	40.625	31.25
70811	31.875	41.25	29.6875
70883	32.8125	40.3125	29.6875
70955	33.4375	38.75	30.625
71027	34.6875	37.5	31.875
71099	35.3125	36.25	32.5
71171	36.5625	35.0	31.875
71243	38.75	33.4375	31.5625
71315	40.9375	31.5625	33.4375
71387	40.0	30.9375	35.9375
71459	43.4375	29.0625	35.625
71531	46.875	26.875	35.9375
71603	48.4375	25.0	37.1875
71675	51.5625	23.4375	38.75
71747	50.9375	23.125	40.0
71819	53.125	21.5625	40.9375
71891	52.1875	21.5625	38.75
71963	50.0	21.875	40.625
72035	48.125	20.625	41.5625
72107	47.5	21.875	41.5625
72179	44.6875	22.1875	41.875
72251	42.8125	22.8125	45.0
72323	41.25	23.75	45.3125
72395	40.3125	25.9375	44.6875
72467	37.5	26.875	44.6875
72539	35.3125	26.25	45.625
72611	32.8125	28.125	46.25
72683	32.1875	29.0625	46.25
72755	28.75	31.5625	45.9375
72827	28.4375	32.8125	48.125
72899	29.375	33.4375	46.875
72971	30.625	33.75	46.875
73043	31.25	32.1875	47.8125
73115	32.1875	30.625	48.4375
73187	33.75	30.9375	45.3125
73259	34.0625	30.625	44.0625
73331	33.4375	30.0	43.75
73403	33.125	29.6875	42.5
73475	32.5	30.9375	42.1875
73547	33.4375	31.875	40.3125
73619	35.625	31.25	40.0
73691	38.75	30.3125	39.0625
73763	39.375	28.4375	39.6875
73835	39.6875	28.75	39.0625
73907	40.3125	28.75	38.4375
73979	40.0	29.375	37.1875
74051	38.4375	31.25	34.6875
74123	40.625	30.625	34.6875
74195	40.3125	30.9375	34.6875
74267	41.5625	31.25	33.75
74339	42.5	31.875	32.5
74411	43.125	32.8125	33.75
74483	43.75	31.25	34.6875
74555	43.4375	30.3125	35.3125
74627	41.25	31.25	37.8125
74699	40.3125	31.875	40.0
74771	40.9375	32.1875	38.4375
74843	41.875	32.8125	39.0625
74915	41.875	32.1875	41.25
74987	41.25	32.8125	44.0625
75059	39.6875	34.6875	44.6875
75131	38.4375	33.4375	44.375
75203	38.4375	33.125	43.75
75275	38.75	32.1875	45.0
75347	38.4375	31.5625	44.6875
75419	39.375	30.625	45.3125
75491	39.0625	30.3125	45.0
75563	38.4375	30.9375	42.1875
75635	39.0625	30.625	39.6875
75707	37.5	32.1875	38.75
75779	36.875	32.1875	38.125
75851	36.5625	32.1875	37.5
75923	37.5	31.5625	37.1875
75995	39.375	29.6875	36.25
76067	39.6875	30.3125	36.5625
76139	39.375	29.6875	37.8125
76211	36.875	33.4375	38.75
76283	35.3125	34.6875	42.1875
76355	33.125	36.875	41.5625
76427	31.5625	38.125	42.1875
76499	31.25	36.875	45.0
76571	31.25	38.125	45.3125
76643	31.875	37.8125	47.1875
76715	30.9375	39.0625	47.1875
76787	31.25	38.125	46.875
76859	30.9375	37.5	48.4375
76931	29.6875	37.8125	49.6875
77003	28.4375	38.75	50.3125
77075	28.4375	38.75	50.0
77147	29.0625	37.5	50.9375
77219	28.4375	37.1875	53.125
77291	28.125	37.1875	53.4375
77363	29.375	35.625	54.375
77435	31.25	35.9375	51.875
77507	30.625	35.625	49.375
77579	29.0625	35.625	48.4375
77651	29.0625	34.375	47.1875
77723	29.0625	35.625	47.1875
77795	28.4375	34.6875	48.4375
77867	28.4375	35.9375	47.1875
77939	28.4375	34.6875	46.5625
78011	27.8125	35.3125	46.875
78083	29.0625	35.3125	46.5625
78155	30.9375	34.0625	42.8125
78227	31.5625	32.8125	40.9375
78299	30.625	33.4375	40.3125
78371	29.0625	33.75	40.9375
78443	28.75	35.625	41.5625
78515	28.75	36.25	41.25
78587	28.75	36.25	42.1875
78659	30.9375	35.3125	41.875
78731	31.5625	35.0	39.6875
78803	33.75	34.0625	37.8125
78875	34.6875	34.6875	37.8125
78947	37.1875	35.3125	38.125
79019	35.9375	37.8125	36.5625
79091	36.875	37.5	33.75
79163	36.875	38.75	33.4375
79235	37.5	39.6875	31.5625
79307	39.0625	37.5	31.875
79379	39.375	36.875	30.9375
79451	41.875	36.875	31.25
79523	44.0625	35.625	29.6875
79595	42.1875	36.25	30.3125
79667	41.25	38.125	29.6875
79739	41.5625	37.8125	30.625
79811	41.5625	38.4375	28.75
79883	40.9375	37.1875	29.375
79955	40.625	36.875	29.6875
80027	40.625	36.5625	30.625
80099	40.3125	34.6875	31.875
80171	41.875	33.75	31.5625
80243	43.125	33.4375	31.875
80315	41.5625	35.625	30.625
80387	40.9375	36.5625	32.5
80459	40.3125	37.5	31.875
80531	40.625	38.4375	30.625
80603	40.3125	38.75	30.3125
80675	39.375	40.0	30.3125
80747	38.125	39.6875	29.375
80819	38.75	40.625	29.6875
80891	39.375	39.6875	30.625
80963	39.375	40.9375	29.6875
81035	38.125	41.5625	30.625
81107	37.5	43.75	29.0625
81179	36.875	43.75	30.3125
81251	36.875	44.375	29.0625
81323	37.1875	40.625	29.0625
81395	39.375	39.0625	29.6875
81467	39.375	38.4375	29.0625
81539	39.375	37.5	30.3125
81611	42.1875	35.3125	28.125
81683	42.1875	36.5625	29.0625
81755	40.9375	35.625	30.0
81827	40.0	34.0625	30.625
81899	39.375	34.6875	30.3125
81971	40.625	34.6875	31.25
82043	40.625	35.0	30.0
82115	40.3125	35.3125	29.0625
82187	38.4375	34.6875	28.4375
82259	38.75	36.5625	27.1875
82331	37.5	36.875	27.5
82403	35.3125	36.25	27.5
82475	33.75	35.625	27.1875
82547	33.75	35.3125	27.8125
82619	33.4375	35.625	27.8125
82691	32.8125	33.4375	29.375
82763	33.125	33.125	31.25
82835	32.8125	31.875	32.8125
82907	32.5	30.9375	31.875
82979	31.5625	33.125	31.5625
83051	30.625	31.875	32.5
83123	32.5	30.625	31.875
83195	34.375	29.0625	33.125
83267	34.0625	30.625	33.4375
83339	33.75	30.0	35.0
83411	36.5625	29.6875	34.375
83483	36.25	30.0	34.0625
83555	36.5625	30.625	34.0625
83627	36.875	30.9375	35.625
83699	37.1875	31.25	33.125
83771	38.4375	31.25	30.9375
83843	39.0625	31.875	30.625
83915	37.5	29.6875	32.1875
83987	39.0625	27.8125	35.625
84059	38.4375	27.5	36.875
84131	36.875	27.8125	37.1875
84203	37.5	27.8125	37.5
84275	38.125	29.375	36.875
84347	39.6875	32.8125	35.9375
84419	38.75	35.9375	35.625
84491	36.875	40.0	35.625
84563	37.8125	40.3125	32.5
84635	37.8125	42.1875	30.9375
84707	38.4375	45.0	30.3125
84779	37.8125	46.25	30.625
84851	38.125	45.9375	29.6875
84923	38.75	47.1875	28.4375
84995	38.4375	49.375	27.5
85067	40.0	51.875	25.625
85139	40.9375	52.1875	23.4375
85211	40.9375	52.8125	24.6875
85283	39.6875	52.1875	25.625
85355	38.4375	49.0625	26.25
85427	39.6875	45.9375	25.9375
85499	38.75	43.75	26.875
85571	37.5	42.1875	28.4375
85643	37.8125	41.5625	29.6875
85715	35.625	40.625	31.875
85787	35.9375	40.3125	31.875
85859	34.0625	39.375	32.5
85931	33.125	38.125	31.5625
86003	33.4375	36.875	35.0
86075	32.1875	34.6875	37.5
86147	30.625	34.6875	38.4375
86219	29.0625	32.8125	39.375
86291	30.625	31.5625	41.875
86363	32.1875	31.875	42.8125
86435	34.375	31.5625	42.8125
86507	35.9375	32.8125	41.25
86579	37.1875	32.8125	40.9375
86651	39.6875	31.875	39.0625
86723	40.0	30.625	38.4375
86795	38.75	31.25	39.0625
86867	40.3125	30.9375	38.75
86939	39.0625	31.5625	38.4375
87011	38.4375	31.25	37.5
87083	40.0	30.625	37.1875
87155	40.9375	30.3125	35.9375
87227	40.9375	31.5625	33.75
87299	39.0625	32.8125	33.125
87371	38.125	33.125	32.1875
87443	37.1875	33.4375	32.1875
87515	36.25	32.1875	32.5
87587	35.0	32.5	34.375
87659	34.375	33.4375	36.5625
87731	36.25	34.6875	36.5625
87803	35.9375	35.625	38.4375
87875	37.1875	36.875	39.6875
87947	37.5	37.1875	39.0625
88019	36.5625	37.8125	37.5
88091	35.625	38.125	38.75
88163	34.6875	37.1875	39.6875
88235	35.3125	36.25	39.375
88307	32.5	36.875	40.3125
88379	30.3125	36.875	39.6875
88451	29.0625	37.5	39.6875
88523	26.875	36.5625	39.6875
88595	26.875	36.25	38.75
88667	25.9375	34.375	38.4375
88739	25.9375	34.375	37.8125
88811	24.6875	35.3125	38.125
88883	24.375	32.8125	35.9375
88955	25.625	31.5625	36.5625
89027	26.875	30.0	36.25
89099	28.125	28.4375	34.0625
89171	27.1875	29.6875	34.375
89243	28.75	31.875	34.6875
89315	29.0625	31.25	35.0
89387	30.0	31.5625	35.0
89459	30.625	32.1875	35.0
89531	32.1875	32.5	34.375
89603	32.5	32.8125	33.75
89675	32.8125	33.125	33.75
89747	33.125	31.25	32.8125
89819	34.0625	32.1875	33.125
89891	35.0	33.4375	31.875
89963	33.4375	35.0	31.875
90035	31.875	36.25	32.8125
90107	33.125	35.9375	32.5
90179	33.75	35.0	31.5625
90251	33.4375	35.3125	32.1875
90323	34.375	33.125	31.875
90395	35.625	33.4375	33.4375
90467	36.25	33.4375	34.6875
90539	37.1875	34.375	33.125
90611	39.375	33.4375	32.1875
90683	38.75	35.625	32.5
90755	37.8125	36.5625	31.5625
90827	35.9375	35.625	32.1875
90899	37.1875	35.625	30.625
90971	37.5	36.25	30.3125
91043	38.4375	35.625	30.0
91115	38.125	35.3125	29.375
91187	38.75	35.0	27.8125
91259	40.9375	35.0	28.4375
91331	41.875	34.0625	27.5
91403	40.3125	34.0625	26.5625
91475	38.125	32.5	25.9375
91547	36.5625	32.5	26.25
91619	38.125	31.875	26.25
91691	38.4375	30.0	24.6875
91763	39.0625	31.5625	26.5625
91835	39.0625	30.625	28.125
91907	38.75	30.0	29.375
91979	37.5	30.625	30.0
92051	36.25	30.0	32.1875
92123	34.6875	30.625	32.8125
92195	33.75	30.0	33.125
92267	32.1875	30.625	35.0
92339	33.125	30.0	33.125
92411	33.75	32.1875	32.5
92483	35.625	33.4375	32.8125
92555	34.6875	33.125	34.375
92627	35.3125	32.8125	34.6875
92699	35.3125	34.0625	35.0
92771	35.625	34.6875	36.875
92843	37.5	36.25	35.625
92915	36.875	36.875	35.9375
92987	35.625	36.5625	36.5625
93059	36.875	37.8125	36.875
93131	37.1875	40.9375	38.4375
93203	37.8125	40.3125	38.4375
93275	36.5625	40.625	41.25
93347	38.125	40.625	41.25
93419	37.5	41.25	39.375
93491	37.5	40.9375	39.6875
93563	38.4375	42.1875	41.25
93635	37.1875	41.875	41.875
93707	35.625	41.875	41.25
93779	33.125	40.9375	41.5625
93851	32.1875	40.0	41.25
93923	33.125	37.8125	40.9375
93995	33.125	38.4375	40.3125
94067	34.0625	36.875	39.6875
94139	34.0625	37.5	37.8125
94211	34.0625	37.5	36.875
94283	31.875	40.625	36.875
94355	30.9375	40.625	39.0625
94427	30.9375	40.9375	39.375
94499	30.625	40.0	40.0
94571	31.25	38.75	40.625
94643	32.5	38.75	40.0
94715	35.3125	40.0	40.9375
94787	36.25	38.75	40.0
94859	35.625	40.625	39.6875
94931	35.0	40.3125	40.3125
95003	36.5625	38.75	42.1875
95075	35.3125	36.25	42.8125
95147	36.5625	34.6875	41.25
95219	38.125	32.1875	39.6875
95291	39.375	30.9375	39.375
95363	41.25	29.375	36.875
95435	41.25	29.375	35.3125
95507	40.3125	30.3125	34.375
95579	40.625	29.0625	34.0625
95651	40.0	30.0	35.3125
95723	40.0	30.3125	35.0
95795	41.875	30.625	36.25
95867	43.4375	29.375	35.9375
95939	44.6875	28.75	34.375
96011	42.8125	29.6875	33.75
96083	43.75	30.0	35.0
96155	41.875	30.0	36.875
96227	40.625	29.375	38.125
96299	38.4375	30.625	39.6875
96371	38.4375	30.3125	42.1875
96443	37.8125	30.625	41.875
96515	37.1875	30.0	43.4375
96587	35.3125	29.0625	41.5625
96659	34.0625	30.0	40.9375
96731	33.125	30.3125	40.3125
96803	32.8125	31.25	40.625
96875	31.25	31.25	41.875
96947	32.5	31.25	42.8125
97019	32.1875	31.25	42.8125
97091	32.5	33.75	40.625
97163	33.75	35.3125	39.375
97235	34.0625	35.0	38.75
97307	33.125	36.875	37.8125
97379	33.4375	36.875	37.8125
97451	33.75	38.4375	35.625
97523	35.0	39.375	34.6875
97595	35.0	39.375	34.6875
97667	36.875	38.125	33.125
97739	36.875	38.125	31.875
97811	39.375	38.75	30.9375
97883	38.4375	39.0625	31.875
97955	37.5	40.0	30.0
98027	37.8125	39.0625	29.0625
98099	36.5625	38.125	31.25
98171	33.75	40.3125	31.25
98243	33.4375	40.9375	30.9375
98315	34.375	40.3125	30.0
98387	33.125	42.1875	29.375
98459	31.875	42.1875	29.6875
98531	32.1875	41.5625	30.0
98603	31.875	41.875	31.25
98675	32.8125	40.9375	32.5
98747	32.1875	42.1875	31.25
98819	32.1875	41.5625	30.3125
98891	34.0625	40.9375	29.0625
98963	35.625	41.25	29.375
99035	34.6875	40.625	30.0
99107	35.0	38.125	29.375