# BASE VAL1 VAL2
# color 0:255:0 0:0:255 100:100:100
17	32.5	30.0	27.5
53	40.0	25.0	22.5
89	55.0	22.5	25.0
125	55.0	25.0	37.5
161	55.0	35.0	32.5
197	45.0	40.0	30.0
233	50.0	40.0	22.5
269	42.5	30.0	27.5
305	40.0	32.5	37.5
341	37.5	37.5	40.0
377	40.0	42.5	40.0
413	37.5	37.5	40.0
449	37.5	35.0	30.0
485	32.5	32.5	37.5
521	42.5	37.5	35.0
557	45.0	45.0	25.0
593	45.0	47.5	25.0
629	47.5	47.5	17.5
665	42.5	42.5	25.0
701	47.5	30.0	25.0
737	37.5	35.0	27.5
773	37.5	30.0	37.5
809	32.5	35.0	37.5
845	50.0	32.5	30.0
881	52.5	35.0	27.5
917	52.5	35.0	25.0
953	45.0	37.5	27.5
989	37.5	40.0	30.0
1025	47.5	42.5	27.5
1061	45.0	45.0	27.5
1097	40.0	40.0	20.0
1133	40.0	35.0	22.5
1169	37.5	35.0	17.5
1205	47.5	35.0	22.5
1241	40.0	32.5	25.0
1277	50.0	37.5	17.5
1313	50.0	37.5	25.0
1349	47.5	45.0	35.0
1385	55.0	40.0	32.5
1421	50.0	27.5	32.5
1457	50.0	32.5	25.0
1493	52.5	32.5	25.0
1529	50.0	35.0	30.0
1565	45.0	40.0	30.0
1601	57.5	37.5	22.5
1637	52.5	42.5	27.5
1673	50.0	40.0	27.5
1709	45.0	40.0	27.5
1745	45.0	30.0	30.0
1781	35.0	32.5	27.5
1817	35.0	32.5	30.0
1853	30.0	32.5	35.0
1889	35.0	40.0	32.5
1925	40.0	40.0	22.5
1961	37.5	40.0	22.5
1997	50.0	30.0	22.5
2033	45.0	22.5	27.5
2069	47.5	20.0	25.0
2105	40.0	25.0	35.0
2141	47.5	27.5	35.0
2177	52.5	30.0	32.5
2213	50.0	27.5	35.0
2249	47.5	35.0	27.5
2285	37.5	35.0	25.0
2321	40.0	32.5	17.5
2357	32.5	30.0	20.0
2393	40.0	30.0	27.5
2429	45.0	30.0	35.0
2465	52.5	27.5	35.0
2501	50.0	27.5	27.5
2537	45.0	37.5	20.0
2573	32.5	47.5	27.5
2609	32.5	47.5	27.5
2645	30.0	50.0	30.0
2681	32.5	42.5	30.0
2717	32.5	45.0	22.5
2753	35.0	42.5	25.0
2789	30.0	42.5	17.5
2825	30.0	45.0	20.0
2861	35.0	40.0	20.0
2897	30.0	42.5	17.5
2933	32.5	47.5	20.0
2969	25.0	52.5	25.0
3005	32.5	47.5	32.5
3041	37.5	45.0	27.5
3077	40.0	42.5	30.0
3113	32.5	42.5	30.0
3149	27.5	45.0	30.0
3185	22.5	47.5	25.0
3221	30.0	50.0	20.0
3257	30.0	55.0	30.0
3293	20.0	47.5	32.5
3329	20.0	52.5	40.0
3365	30.0	42.5	35.0
3401	30.0	42.5	35.0
3437	37.5	42.5	27.5
3473	35.0	57.5	25.0
3509	37.5	55.0	27.5
3545	32.5	47.5	32.5
3581	32.5	35.0	37.5
3617	32.5	30.0	35.0
3653	35.0	30.0	32.5
3689	30.0	35.0	27.5
3725	35.0	35.0	32.5
3761	25.0	40.0	35.0
3797	32.5	42.5	37.5
3833	30.0	47.5	40.0
3869	25.0	50.0	45.0
3905	22.5	47.5	42.5
3941	32.5	50.0	32.5
3977	32.5	45.0	25.0
4013	32.5	52.5	30.0
4049	22.5	52.5	45.0
4085	25.0	50.0	42.5
4121	25.0	50.0	40.0
4157	37.5	35.0	27.5
4193	40.0	32.5	35.0
4229	27.5	45.0	32.5
4265	22.5	52.5	30.0
4301	25.0	65.0	30.0
4337	27.5	45.0	37.5
4373	27.5	40.0	40.0
4409	22.5	37.5	37.5
4445	27.5	57.5	27.5
4481	27.5	72.5	22.5
4517	27.5	75.0	22.5
4553	25.0	62.5	22.5
4589	17.5	57.5	22.5
4625	15.0	52.5	30.0
4661	15.0	57.5	25.0
4697	25.0	52.5	20.0
4733	27.5	45.0	25.0
4769	22.5	32.5	32.5
4805	20.0	37.5	32.5
4841	25.0	30.0	30.0
4877	32.5	50.0	20.0
4913	40.0	55.0	25.0
4949	42.5	57.5	17.5
4985	52.5	52.5	15.0
5021	50.0	47.5	15.0
5057	57.5	52.5	12.5
5093	47.5	42.5	20.0
5129	47.5	40.0	22.5
5165	37.5	27.5	22.5
5201	35.0	30.0	22.5
5237	30.0	42.5	27.5
5273	25.0	60.0	32.5
5309	20.0	55.0	37.5
5345	25.0	52.5	35.0
5381	25.0	42.5	32.5
5417	20.0	40.0	37.5
5453	20.0	42.5	32.5
5489	20.0	50.0	35.0
5525	30.0	45.0	37.5
5561	30.0	47.5	32.5
5597	25.0	50.0	37.5
5633	27.5	50.0	27.5
5669	25.0	52.5	32.5
5705	27.5	47.5	32.5
5741	30.0	37.5	32.5
5777	27.5	40.0	30.0
5813	22.5	42.5	25.0
5849	17.5	47.5	22.5
5885	12.5	40.0	30.0
5921	15.0	37.5	40.0
5957	15.0	25.0	35.0
5993	22.5	27.5	32.5
6029	20.0	32.5	30.0
6065	22.5	40.0	35.0
6101	12.5	42.5	37.5
6137	10.0	42.5	42.5
6173	15.0	42.5	40.0
6209	15.0	37.5	42.5
6245	15.0	35.0	35.0
6281	7.5	37.5	32.5
6317	7.5	47.5	42.5
6353	7.5	57.5	45.0
6389	17.5	57.5	47.5
6425	20.0	45.0	40.0
6461	17.5	45.0	37.5
6497	7.5	40.0	42.5
6533	10.0	40.0	52.5
6569	15.0	37.5	45.0
6605	17.5	35.0	47.5
6641	25.0	30.0	45.0
6677	30.0	30.0	35.0
6713	27.5	37.5	35.0
6749	20.0	40.0	27.5
6785	15.0	45.0	32.5
6821	15.0	32.5	32.5
6857	12.5	40.0	35.0
6893	7.5	42.5	45.0
6929	7.5	47.5	45.0
6965	10.0	40.0	40.0
7001	12.5	35.0	37.5
7037	10.0	35.0	40.0
7073	5.0	32.5	47.5
7109	10.0	42.5	45.0
7145	12.5	42.5	47.5
7181	10.0	45.0	52.5
7217	17.5	37.5	47.5
7253	22.5	35.0	40.0
7289	25.0	32.5	42.5
7325	22.5	32.5	32.5
7361	15.0	40.0	45.0
7397	20.0	40.0	42.5
7433	22.5	27.5	37.5
7469	27.5	30.0	32.5
7505	25.0	22.5	27.5
7541	22.5	32.5	35.0
7577	25.0	30.0	37.5
7613	30.0	42.5	50.0
7649	30.0	45.0	47.5
7685	22.5	45.0	57.5
7721	12.5	47.5	50.0
7757	12.5	45.0	52.5
7793	12.5	37.5	35.0
7829	17.5	27.5	40.0
7865	15.0	35.0	35.0
7901	32.5	27.5	32.5
7937	35.0	32.5	30.0
7973	45.0	40.0	25.0
8009	40.0	40.0	27.5
8045	32.5	47.5	22.5
8081	35.0	37.5	25.0
8117	32.5	35.0	25.0
8153	42.5	37.5	25.0
8189	47.5	40.0	20.0
8225	50.0	40.0	15.0
8261	50.0	35.0	20.0
8297	37.5	42.5	22.5
8333	35.0	40.0	15.0
8369	27.5	37.5	20.0
8405	22.5	25.0	27.5
8441	32.5	27.5	30.0
8477	37.5	32.5	30.0
8513	47.5	37.5	17.5
8549	50.0	35.0	15.0
8585	45.0	32.5	15.0
8621	42.5	37.5	20.0
8657	35.0	35.0	15.0
8693	32.5	37.5	7.5
8729	35.0	30.0	0.0
8765	47.5	32.5	2.5
8801	42.5	37.5	10.0
8837	40.0	35.0	15.0
8873	30.0	32.5	22.5
8909	30.0	30.0	15.0
8945	40.0	32.5	10.0
8981	50.0	37.5	2.5
9017	45.0	40.0	7.5
9053	45.0	37.5	10.0
9089	42.5	42.5	15.0
9125	37.5	42.5	10.0
9161	47.5	42.5	7.5
9197	42.5	45.0	5.0
9233	42.5	40.0	5.0
9269	45.0	45.0	2.5
9305	45.0	40.0	10.0
9341	52.5	42.5	12.5
9377	42.5	40.0	17.5
9413	40.0	42.5	12.5
9449	32.5	40.0	10.0
9485	40.0	47.5	2.5
9521	37.5	47.5	5.0
9557	30.0	45.0	7.5
9593	37.5	35.0	7.5
9629	45.0	35.0	7.5
9665	45.0	27.5	10.0
9701	47.5	32.5	10.0
9737	40.0	37.5	15.0
9773	42.5	45.0	12.5
9809	42.5	45.0	12.5
9845	37.5	42.5	10.0
9881	37.5	40.0	7.5
9917	35.0	40.0	5.0
9953	40.0	35.0	5.0
9989	40.0	32.5	10.0
10025	37.5	35.0	7.5
10061	35.0	32.5	10.0
10097	47.5	42.5	5.0
10133	40.0	45.0	10.0
10169	50.0	47.5	10.0
10205	40.0	55.0	10.0
10241	40.0	50.0	7.5
10277	45.0	42.5	5.0
10313	40.0	40.0	10.0
10349	40.0	45.0	5.0
10385	35.0	50.0	7.5
10421	40.0	50.0	5.0
10457	35.0	42.5	10.0
10493	40.0	37.5	17.5
10529	35.0	35.0	15.0
10565	30.0	32.5	10.0
10601	37.5	22.5	5.0
10637	37.5	40.0	0.0
10673	42.5	47.5	7.5
10709	42.5	50.0	10.0
10745	37.5	40.0	12.5
10781	35.0	35.0	12.5
10817	45.0	37.5	7.5
10853	40.0	45.0	5.0
10889	35.0	47.5	7.5
10925	25.0	45.0	5.0
10961	30.0	47.5	10.0
10997	32.5	37.5	10.0
11033	32.5	37.5	7.5
11069	35.0	40.0	7.5
11105	35.0	47.5	2.5
11141	37.5	37.5	10.0
11177	32.5	35.0	12.5
11213	35.0	30.0	10.0
11249	30.0	30.0	5.0
11285	30.0	40.0	5.0
11321	35.0	37.5	7.5
11357	35.0	40.0	7.5
11393	37.5	50.0	7.5
11429	32.5	45.0	2.5
11465	40.0	42.5	7.5
11501	42.5	27.5	7.5
11537	40.0	40.0	5.0
11573	40.0	47.5	0.0
11609	40.0	42.5	2.5
11645	30.0	37.5	5.0
11681	27.5	32.5	5.0
11717	32.5	37.5	10.0
11753	22.5	40.0	12.5
11789	32.5	45.0	12.5
11825	27.5	37.5	12.5
11861	32.5	40.0	10.0
11897	35.0	47.5	7.5
11933	35.0	52.5	2.5
11969	35.0	45.0	5.0
12005	35.0	35.0	7.5
12041	32.5	35.0	7.5
12077	30.0	45.0	2.5
12113	32.5	37.5	2.5
12149	35.0	37.5	2.5
12185	45.0	22.5	2.5
12221	42.5	30.0	5.0
12257	40.0	27.5	2.5
12293	42.5	40.0	2.5
12329	40.0	50.0	0.0
12365	40.0	50.0	5.0
12401	32.5	45.0	7.5
12437	32.5	50.0	10.0
12473	30.0	45.0	20.0
12509	30.0	45.0	15.0
12545	17.5	30.0	15.0
12581	27.5	42.5	10.0
12617	42.5	57.5	5.0
12653	47.5	67.5	7.5
12689	45.0	65.0	7.5
12725	40.0	55.0	15.0
12761	42.5	52.5	12.5
12797	45.0	52.5	10.0
12833	35.0	45.0	12.5
12869	35.0	35.0	10.0
12905	30.0	27.5	10.0
12941	35.0	35.0	5.0
12977	35.0	42.5	0.0
13013	32.5	47.5	2.5
13049	35.0	52.5	2.5
13085	37.5	50.0	2.5
13121	37.5	50.0	2.5
13157	30.0	37.5	5.0
13193	22.5	27.5	5.0
13229	27.5	35.0	7.5
13265	32.5	42.5	5.0
13301	42.5	45.0	2.5
13337	37.5	45.0	2.5
13373	30.0	45.0	5.0
13409	25.0	42.5	5.0
13445	20.0	50.0	7.5
13481	35.0	45.0	7.5
13517	35.0	47.5	10.0
13553	35.0	47.5	12.5
13589	35.0	50.0	12.5
13625	32.5	50.0	7.5
13661	32.5	55.0	5.0
13697	42.5	57.5	5.0
13733	45.0	60.0	5.0
13769	47.5	42.5	7.5
13805	45.0	42.5	7.5
13841	42.5	37.5	7.5
13877	40.0	42.5	5.0
13913	40.0	45.0	2.5
13949	35.0	50.0	0.0
13985	32.5	45.0	0.0
14021	37.5	47.5	0.0
14057	45.0	42.5	2.5
14093	52.5	52.5	2.5
14129	40.0	57.5	2.5
14165	42.5	57.5	2.5
14201	37.5	52.5	0.0
14237	35.0	52.5	0.0
14273	20.0	45.0	10.0
14309	12.5	40.0	20.0
14345	12.5	27.5	27.5
14381	17.5	27.5	30.0
14417	27.5	25.0	25.0
14453	32.5	32.5	22.5
14489	25.0	32.5	22.5
14525	27.5	35.0	25.0
14561	17.5	50.0	37.5
14597	22.5	45.0	27.5
14633	32.5	47.5	20.0
14669	37.5	45.0	12.5
14705	40.0	47.5	20.0
14741	27.5	60.0	27.5
14777	27.5	57.5	30.0
14813	27.5	42.5	32.5
14849	35.0	45.0	35.0
14885	30.0	40.0	37.5
14921	42.5	32.5	37.5
14957	40.0	35.0	27.5
14993	37.5	37.5	22.5
15029	35.0	37.5	15.0
15065	30.0	35.0	15.0
15101	25.0	42.5	20.0
15137	30.0	40.0	25.0
15173	27.5	37.5	35.0
15209	37.5	27.5	32.5
15245	45.0	22.5	30.0
15281	45.0	32.5	32.5
15317	40.0	35.0	32.5
15353	37.5	27.5	30.0
15389	27.5	37.5	27.5
15425	25.0	37.5	30.0
15461	20.0	47.5	30.0
15497	20.0	55.0	32.5
15533	17.5	52.5	30.0
15569	10.0	52.5	42.5
15605	12.5	45.0	45.0
15641	12.5	32.5	52.5
15677	17.5	40.0	50.0
15713	20.0	50.0	47.5
15749	22.5	47.5	42.5
15785	27.5	37.5	40.0
15821	30.0	20.0	47.5
15857	32.5	20.0	57.5
15893	32.5	25.0	60.0
15929	37.5	35.0	47.5
15965	40.0	45.0	37.5
16001	42.5	35.0	37.5
16037	40.0	32.5	52.5
16073	32.5	27.5	55.0
16109	32.5	27.5	52.5
16145	30.0	30.0	47.5
16181	27.5	30.0	45.0
16217	37.5	27.5	42.5
16253	42.5	25.0	42.5
16289	45.0	30.0	32.5
16325	45.0	25.0	30.0
16361	35.0	25.0	27.5
16397	30.0	25.0	22.5
16433	25.0	27.5	27.5
16469	27.5	40.0	30.0
16505	25.0	50.0	27.5
16541	25.0	67.5	30.0
16577	20.0	65.0	27.5
16613	20.0	62.5	27.5
16649	17.5	60.0	22.5
16685	22.5	57.5	32.5
16721	35.0	47.5	42.5
16757	37.5	47.5	37.5
16793	37.5	47.5	40.0
16829	30.0	60.0	32.5
16865	20.0	60.0	35.0
16901	15.0	65.0	35.0
16937	25.0	57.5	30.0
16973	25.0	55.0	30.0
17009	37.5	40.0	30.0
17045	37.5	37.5	35.0
17081	37.5	42.5	37.5
17117	30.0	45.0	42.5
17153	30.0	52.5	30.0
17189	27.5	57.5	27.5
17225	30.0	57.5	20.0
17261	22.5	50.0	27.5
17297	25.0	42.5	32.5
17333	22.5	40.0	32.5
17369	22.5	42.5	27.5
17405	35.0	40.0	25.0
17441	32.5	42.5	20.0
17477	27.5	45.0	22.5
17513	17.5	45.0	37.5
17549	15.0	50.0	40.0
17585	20.0	52.5	42.5
17621	22.5	50.0	32.5
17657	27.5	35.0	32.5
17693	27.5	37.5	37.5
17729	35.0	42.5	52.5
17765	35.0	50.0	55.0
17801	37.5	42.5	50.0
17837	30.0	40.0	42.5
17873	37.5	27.5	42.5
17909	37.5	17.5	57.5
17945	47.5	15.0	60.0
17981	42.5	17.5	72.5
18017	37.5	25.0	60.0
18053	35.0	27.5	57.5
18089	35.0	22.5	57.5
18125	40.0	15.0	62.5
18161	37.5	12.5	65.0
18197	45.0	12.5	60.0
18233	45.0	22.5	42.5
18269	37.5	32.5	40.0
18305	40.0	35.0	40.0
18341	32.5	32.5	45.0
18377	25.0	35.0	52.5
18413	27.5	37.5	50.0
18449	30.0	40.0	42.5
18485	37.5	32.5	42.5
18521	45.0	32.5	40.0
18557	32.5	37.5	37.5
18593	35.0	35.0	47.5
18629	32.5	35.0	42.5
18665	30.0	27.5	57.5
18701	32.5	27.5	47.5
18737	40.0	20.0	50.0
18773	40.0	20.0	47.5
18809	37.5	22.5	52.5
18845	37.5	30.0	55.0
18881	32.5	32.5	55.0
18917	35.0	40.0	47.5
18953	35.0	42.5	35.0
18989	35.0	45.0	32.5
19025	40.0	40.0	35.0
19061	40.0	35.0	45.0
19097	47.5	27.5	45.0
19133	45.0	27.5	47.5
19169	47.5	30.0	47.5
19205	40.0	25.0	40.0
19241	30.0	37.5	32.5
19277	30.0	45.0	25.0
19313	30.0	50.0	25.0
19349	30.0	57.5	22.5
19385	27.5	47.5	30.0
19421	22.5	45.0	35.0
19457	22.5	55.0	40.0
19493	22.5	47.5	47.5
19529	25.0	47.5	45.0
19565	20.0	52.5	37.5
19601	35.0	45.0	25.0
19637	35.0	40.0	20.0
19673	37.5	32.5	20.0
19709	37.5	32.5	25.0
19745	37.5	42.5	22.5
19781	32.5	50.0	22.5
19817	35.0	52.5	32.5
19853	32.5	50.0	25.0
19889	32.5	47.5	30.0
19925	27.5	45.0	30.0
19961	27.5	50.0	27.5
19997	27.5	50.0	25.0
20033	30.0	52.5	17.5
20069	27.5	50.0	27.5
20105	25.0	52.5	32.5
20141	20.0	50.0	45.0
20177	30.0	50.0	42.5
20213	22.5	42.5	35.0
20249	22.5	32.5	32.5
20285	22.5	35.0	37.5
20321	22.5	30.0	50.0
20357	27.5	35.0	47.5
20393	27.5	20.0	52.5
20429	27.5	15.0	52.5
20465	40.0	12.5	45.0
20501	37.5	17.5	47.5
20537	42.5	20.0	52.5
20573	35.0	20.0	50.0
20609	37.5	25.0	45.0
20645	47.5	20.0	37.5
20681	37.5	25.0	35.0
20717	32.5	25.0	32.5
20753	42.5	20.0	30.0
20789	45.0	20.0	32.5
20825	47.5	15.0	40.0
20861	37.5	22.5	50.0
20897	37.5	27.5	55.0
20933	32.5	22.5	52.5
20969	30.0	25.0	50.0
21005	25.0	25.0	40.0
21041	20.0	40.0	32.5
21077	27.5	37.5	32.5
21113	27.5	35.0	30.0
21149	35.0	30.0	32.5
21185	32.5	37.5	37.5
21221	35.0	35.0	40.0
21257	32.5	42.5	40.0
21293	35.0	50.0	35.0
21329	32.5	50.0	37.5
21365	20.0	52.5	45.0
21401	20.0	50.0	35.0
21437	30.0	35.0	30.0
21473	30.0	42.5	25.0
21509	30.0	40.0	32.5
21545	15.0	55.0	40.0
21581	10.0	57.5	40.0
21617	7.5	52.5	32.5
21653	12.5	37.5	25.0
21689	12.5	25.0	32.5
21725	32.5	17.5	40.0
21761	45.0	22.5	50.0
21797	52.5	30.0	50.0
21833	40.0	30.0	50.0
21869	37.5	32.5	47.5
21905	37.5	22.5	55.0
21941	45.0	25.0	50.0
21977	40.0	27.5	50.0
22013	37.5	30.0	47.5
22049	32.5	45.0	37.5
22085	32.5	40.0	40.0
22121	37.5	32.5	35.0
22157	42.5	25.0	45.0
22193	50.0	20.0	47.5
22229	47.5	20.0	55.0
22265	40.0	25.0	50.0
22301	32.5	27.5	55.0
22337	42.5	22.5	57.5
22373	42.5	22.5	57.5
22409	45.0	27.5	57.5
22445	42.5	37.5	45.0
22481	40.0	37.5	47.5
22517	37.5	35.0	42.5
22553	32.5	37.5	42.5
22589	35.0	30.0	45.0
22625	47.5	22.5	45.0
22661	42.5	25.0	45.0
22697	40.0	27.5	35.0
22733	30.0	27.5	35.0
22769	22.5	25.0	35.0
22805	17.5	20.0	35.0
22841	17.5	32.5	42.5
22877	15.0	35.0	42.5
22913	20.0	32.5	37.5
22949	15.0	32.5	40.0
22985	20.0	27.5	30.0
23021	17.5	35.0	37.5
23057	15.0	45.0	30.0
23093	12.5	42.5	35.0
23129	22.5	35.0	40.0
23165	27.5	32.5	35.0
23201	25.0	35.0	35.0
23237	27.5	40.0	37.5
23273	20.0	35.0	40.0
23309	22.5	30.0	35.0
23345	17.5	40.0	35.0
23381	20.0	40.0	32.5
23417	22.5	40.0	37.5
23453	20.0	35.0	42.5
23489	12.5	32.5	47.5
23525	20.0	27.5	52.5
23561	20.0	30.0	55.0
23597	30.0	22.5	50.0
23633	32.5	20.0	55.0
23669	32.5	25.0	47.5
23705	30.0	22.5	45.0
23741	32.5	27.5	32.5
23777	42.5	22.5	37.5
23813	45.0	25.0	37.5
23849	37.5	25.0	42.5
23885	30.0	27.5	42.5
23921	17.5	22.5	40.0
23957	27.5	20.0	42.5
23993	27.5	35.0	27.5
24029	42.5	30.0	27.5
24065	40.0	40.0	22.5
24101	42.5	32.5	27.5
24137	37.5	22.5	35.0
24173	35.0	27.5	27.5
24209	42.5	17.5	30.0
24245	42.5	32.5	25.0
24281	40.0	32.5	25.0
24317	37.5	42.5	25.0
24353	35.0	35.0	25.0
24389	35.0	37.5	15.0
24425	35.0	30.0	15.0
24461	30.0	22.5	15.0
24497	30.0	20.0	12.5
24533	30.0	22.5	20.0
24569	30.0	35.0	17.5
24605	32.5	40.0	22.5
24641	35.0	37.5	27.5
24677	30.0	42.5	30.0
24713	25.0	42.5	40.0
24749	22.5	40.0	47.5
24785	25.0	37.5	45.0
24821	22.5	32.5	40.0
24857	22.5	30.0	35.0
24893	30.0	27.5	37.5
24929	35.0	37.5	27.5
24965	32.5	47.5	32.5
25001	30.0	52.5	35.0
25037	27.5	57.5	32.5
25073	20.0	62.5	32.5
25109	25.0	57.5	25.0
25145	17.5	60.0	25.0
25181	25.0	45.0	32.5
25217	30.0	37.5	35.0
25253	40.0	27.5	37.5
25289	37.5	30.0	32.5
25325	35.0	27.5	27.5
25361	37.5	20.0	27.5
25397	45.0	25.0	25.0
25433	45.0	30.0	22.5
25469	50.0	35.0	22.5
25505	50.0	30.0	27.5
25541	47.5	22.5	32.5
25577	42.5	22.5	37.5
25613	40.0	22.5	37.5
25649	32.5	20.0	32.5
25685	37.5	25.0	32.5
25721	37.5	25.0	25.0
25757	25.0	30.0	30.0
25793	22.5	30.0	37.5
25829	22.5	30.0	37.5
25865	32.5	30.0	32.5
25901	25.0	37.5	27.5
25937	27.5	40.0	20.0
25973	32.5	40.0	22.5
26009	32.5	50.0	30.0
26045	30.0	42.5	30.0
26081	35.0	45.0	40.0
26117	32.5	32.5	40.0
26153	35.0	30.0	40.0
26189	22.5	30.0	40.0
26225	17.5	35.0	32.5
26261	17.5	42.5	32.5
26297	15.0	47.5	37.5
26333	7.5	50.0	40.0
26369	15.0	45.0	40.0
26405	20.0	40.0	40.0
26441	20.0	27.5	37.5
26477	17.5	27.5	52.5
26513	22.5	27.5	52.5
26549	27.5	27.5	57.5
26585	25.0	27.5	52.5
26621	27.5	27.5	45.0
26657	30.0	27.5	42.5
26693	35.0	27.5	50.0
26729	37.5	35.0	47.5
26765	42.5	27.5	45.0
26801	35.0	32.5	42.5
26837	35.0	22.5	40.0
26873	22.5	30.0	47.5
26909	22.5	32.5	42.5
26945	25.0	30.0	45.0
26981	27.5	27.5	42.5
27017	35.0	20.0	47.5
27053	32.5	25.0	45.0
27089	32.5	30.0	40.0
27125	37.5	27.5	32.5
27161	37.5	27.5	37.5
27197	40.0	25.0	40.0
27233	40.0	30.0	35.0
27269	37.5	35.0	30.0
27305	42.5	40.0	17.5
27341	50.0	32.5	17.5
27377	50.0	30.0	20.0
27413	45.0	25.0	25.0
27449	35.0	27.5	30.0
27485	35.0	30.0	27.5
27521	37.5	27.5	25.0
27557	37.5	25.0	27.5
27593	45.0	20.0	20.0
27629	42.5	30.0	15.0
27665	47.5	35.0	7.5
27701	42.5	37.5	7.5
27737	37.5	37.5	5.0
27773	37.5	40.0	12.5
27809	32.5	45.0	17.5
27845	37.5	42.5	20.0
27881	37.5	45.0	12.5
27917	40.0	42.5	7.5
27953	47.5	47.5	7.5
27989	57.5	42.5	12.5
28025	52.5	37.5	20.0
28061	42.5	32.5	20.0
28097	30.0	35.0	20.0
28133	30.0	32.5	12.5
28169	35.0	32.5	15.0
28205	32.5	30.0	7.5
28241	35.0	25.0	12.5
28277	35.0	27.5	15.0
28313	40.0	32.5	22.5
28349	40.0	32.5	22.5
28385	35.0	37.5	20.0
28421	27.5	35.0	15.0
28457	40.0	37.5	12.5
28493	35.0	42.5	12.5
28529	42.5	40.0	15.0
28565	35.0	45.0	22.5
28601	35.0	55.0	27.5
28637	40.0	50.0	30.0
28673	45.0	47.5	20.0
28709	42.5	45.0	20.0
28745	42.5	47.5	15.0
28781	40.0	47.5	15.0
28817	47.5	40.0	15.0
28853	47.5	30.0	20.0
28889	42.5	27.5	20.0
28925	37.5	35.0	12.5
28961	27.5	47.5	7.5
28997	30.0	50.0	17.5
29033	32.5	52.5	17.5
29069	37.5	45.0	25.0
29105	40.0	40.0	17.5
29141	42.5	40.0	22.5
29177	52.5	47.5	17.5
29213	40.0	47.5	20.0
29249	45.0	42.5	20.0
29285	45.0	40.0	17.5
29321	47.5	45.0	25.0
29357	47.5	50.0	20.0
29393	37.5	42.5	12.5
29429	35.0	32.5	10.0
29465	30.0	30.0	17.5
29501	30.0	32.5	27.5
29537	37.5	30.0	27.5
29573	45.0	37.5	22.5
29609	45.0	37.5	12.5
29645	40.0	37.5	10.0
29681	32.5	30.0	12.5
29717	35.0	35.0	12.5
29753	47.5	45.0	20.0
29789	42.5	47.5	25.0
29825	42.5	40.0	20.0
29861	37.5	30.0	25.0
29897	42.5	40.0	22.5
29933	45.0	40.0	20.0
29969	35.0	40.0	15.0
30005	40.0	30.0	10.0
30041	40.0	30.0	7.5
30077	37.5	30.0	15.0
30113	37.5	27.5	15.0
30149	35.0	27.5	20.0
30185	27.5	27.5	15.0
30221	22.5	30.0	12.5
30257	22.5	37.5	12.5
30293	35.0	40.0	17.5
30329	40.0	32.5	20.0
30365	32.5	35.0	22.5
30401	35.0	37.5	25.0
30437	30.0	37.5	25.0
30473	30.0	45.0	22.5
30509	35.0	52.5	17.5
30545	30.0	42.5	20.0
30581	35.0	37.5	17.5
30617	40.0	32.5	20.0
30653	40.0	32.5	30.0
30689	37.5	27.5	37.5
30725	37.5	22.5	37.5
30761	25.0	25.0	42.5
30797	35.0	30.0	37.5
30833	37.5	35.0	40.0
30869	45.0	35.0	32.5
30905	45.0	35.0	32.5
30941	45.0	30.0	25.0
30977	42.5	32.5	22.5
31013	47.5	30.0	25.0
31049	52.5	37.5	17.5
31085	40.0	40.0	25.0
31121	42.5	42.5	22.5
31157	32.5	45.0	32.5
31193	25.0	47.5	32.5
31229	27.5	37.5	30.0
31265	32.5	32.5	25.0
31301	30.0	22.5	22.5
31337	20.0	25.0	22.5
31373	15.0	27.5	20.0
31409	25.0	30.0	17.5
31445	30.0	27.5	27.5
31481	42.5	22.5	37.5
31517	35.0	20.0	40.0
31553	35.0	30.0	47.5
31589	27.5	25.0	42.5
31625	22.5	25.0	50.0
31661	30.0	17.5	42.5
31697	25.0	15.0	40.0
31733	27.5	12.5	40.0
31769	22.5	15.0	37.5
31805	27.5	17.5	45.0
31841	37.5	17.5	42.5
31877	35.0	17.5	40.0
31913	37.5	15.0	27.5
31949	37.5	15.0	22.5
31985	35.0	20.0	27.5
32021	35.0	30.0	32.5
32057	37.5	42.5	45.0
32093	40.0	50.0	47.5
32129	27.5	55.0	55.0
32165	15.0	50.0	55.0
32201	12.5	57.5	47.5
32237	17.5	55.0	42.5
32273	30.0	42.5	40.0
32309	27.5	40.0	45.0
32345	22.5	45.0	57.5
32381	12.5	57.5	67.5
32417	5.0	72.5	67.5
32453	10.0	70.0	65.0
32489	15.0	55.0	47.5
32525	20.0	45.0	50.0
32561	25.0	40.0	35.0
32597	20.0	47.5	40.0
32633	22.5	45.0	40.0
32669	22.5	45.0	37.5
32705	20.0	42.5	37.5
32741	20.0	40.0	37.5
32777	20.0	40.0	45.0
32813	25.0	45.0	45.0
32849	22.5	47.5	55.0
32885	17.5	52.5	57.5
32921	17.5	57.5	55.0
32957	12.5	55.0	50.0
32993	17.5	50.0	40.0
33029	20.0	52.5	32.5
33065	15.0	57.5	35.0
33101	20.0	55.0	30.0
33137	22.5	55.0	35.0
33173	27.5	37.5	40.0
33209	30.0	32.5	50.0
33245	27.5	32.5	57.5
33281	27.5	35.0	57.5
33317	20.0	50.0	45.0
33353	15.0	62.5	42.5
33389	12.5	72.5	32.5
33425	17.5	67.5	27.5
33461	27.5	55.0	30.0
33497	22.5	45.0	35.0
33533	22.5	47.5	45.0
33569	10.0	52.5	55.0
33605	12.5	60.0	47.5
33641	15.0	55.0	50.0
33677	20.0	60.0	47.5
33713	25.0	62.5	40.0
33749	15.0	67.5	45.0
33785	20.0	60.0	47.5
33821	12.5	47.5	55.0
33857	12.5	40.0	55.0
33893	7.5	50.0	55.0
33929	10.0	50.0	50.0
33965	27.5	50.0	37.5
34001	37.5	40.0	47.5
34037	40.0	42.5	45.0
34073	32.5	50.0	47.5
34109	25.0	52.5	37.5
34145	20.0	52.5	37.5
34181	22.5	42.5	37.5
34217	22.5	40.0	45.0
34253	15.0	40.0	57.5
34289	17.5	45.0	57.5
34325	17.5	47.5	52.5
34361	22.5	50.0	40.0
34397	22.5	42.5	42.5
34433	22.5	47.5	42.5
34469	22.5	37.5	42.5
34505	32.5	27.5	42.5
34541	30.0	30.0	42.5
34577	37.5	22.5	45.0
34613	37.5	25.0	55.0
34649	32.5	27.5	60.0
34685	32.5	32.5	50.0
34721	35.0	30.0	55.0
34757	40.0	27.5	50.0
34793	42.5	20.0	47.5
34829	40.0	20.0	50.0
34865	30.0	25.0	47.5
34901	35.0	17.5	57.5
34937	40.0	15.0	55.0
34973	52.5	12.5	55.0
35009	45.0	20.0	55.0
35045	45.0	25.0	45.0
35081	40.0	32.5	42.5
35117	37.5	35.0	45.0
35153	30.0	25.0	60.0
35189	35.0	27.5	60.0
35225	40.0	27.5	52.5
35261	37.5	27.5	50.0
35297	32.5	30.0	50.0
35333	40.0	25.0	52.5
35369	37.5	22.5	47.5
35405	37.5	27.5	50.0
35441	35.0	22.5	55.0
35477	32.5	22.5	52.5
35513	35.0	15.0	55.0
35549	37.5	17.5	52.5
35585	32.5	22.5	52.5
35621	25.0	27.5	50.0
35657	25.0	30.0	52.5
35693	25.0	32.5	40.0
35729	27.5	27.5	45.0
35765	47.5	20.0	40.0
35801	40.0	20.0	47.5
35837	40.0	30.0	45.0
35873	30.0	27.5	47.5
35909	35.0	30.0	42.5
35945	35.0	22.5	52.5
35981	30.0	17.5	47.5
36017	25.0	22.5	52.5
36053	20.0	30.0	40.0
36089	25.0	27.5	40.0
36125	25.0	32.5	27.5
36161	35.0	25.0	42.5
36197	32.5	25.0	50.0
36233	32.5	17.5	60.0
36269	30.0	22.5	52.5
36305	27.5	25.0	65.0
36341	32.5	22.5	52.5
36377	42.5	30.0	55.0
36413	42.5	30.0	52.5
36449	52.5	32.5	52.5
36485	55.0	20.0	60.0
36521	62.5	17.5	55.0
36557	50.0	22.5	47.5
36593	50.0	25.0	50.0
36629	35.0	37.5	45.0
36665	30.0	37.5	42.5
36701	35.0	40.0	45.0
36737	42.5	32.5	42.5
36773	50.0	22.5	52.5
36809	55.0	15.0	52.5
36845	45.0	12.5	62.5
36881	47.5	22.5	60.0
36917	37.5	30.0	60.0
36953	45.0	27.5	60.0
36989	42.5	30.0	55.0
37025	35.0	17.5	62.5
37061	27.5	25.0	67.5
37097	30.0	22.5	70.0
37133	35.0	22.5	67.5
37169	35.0	22.5	57.5
37205	37.5	25.0	62.5
37241	32.5	27.5	57.5
37277	35.0	27.5	50.0
37313	40.0	25.0	47.5
37349	45.0	22.5	50.0
37385	50.0	20.0	50.0
37421	52.5	15.0	52.5
37457	50.0	12.5	62.5
37493	45.0	10.0	60.0
37529	40.0	15.0	70.0
37565	42.5	20.0	57.5
37601	42.5	22.5	55.0
37637	47.5	22.5	57.5
37673	55.0	20.0	52.5
37709	52.5	22.5	60.0
37745	45.0	22.5	52.5
37781	35.0	17.5	60.0
37817	25.0	20.0	60.0
37853	32.5	25.0	52.5
37889	27.5	30.0	50.0
37925	22.5	32.5	50.0
37961	20.0	35.0	52.5
37997	20.0	30.0	47.5
38033	25.0	17.5	50.0
38069	27.5	15.0	50.0
38105	27.5	12.5	55.0
38141	30.0	20.0	52.5
38177	20.0	27.5	55.0
38213	20.0	30.0	52.5
38249	17.5	35.0	40.0
38285	17.5	35.0	50.0
38321	22.5	32.5	42.5
38357	27.5	32.5	45.0
38393	30.0	25.0	42.5
38429	30.0	22.5	40.0
38465	32.5	20.0	42.5
38501	22.5	25.0	55.0
38537	20.0	27.5	47.5
38573	25.0	20.0	57.5
38609	25.0	17.5	52.5
38645	25.0	22.5	50.0
38681	32.5	22.5	52.5
38717	35.0	22.5	45.0
38753	32.5	17.5	52.5
38789	20.0	25.0	50.0
38825	27.5	22.5	50.0
38861	32.5	25.0	55.0
38897	35.0	17.5	57.5
38933	32.5	17.5	55.0
38969	25.0	17.5	57.5
39005	22.5	25.0	52.5
39041	22.5	25.0	52.5
39077	30.0	27.5	50.0
39113	45.0	22.5	47.5
39149	55.0	17.5	42.5
39185	57.5	7.5	52.5
39221	57.5	7.5	57.5
39257	47.5	12.5	60.0
39293	37.5	22.5	55.0
39329	37.5	27.5	50.0
39365	42.5	25.0	45.0
39401	32.5	35.0	45.0
39437	25.0	30.0	47.5
39473	25.0	30.0	50.0
39509	22.5	27.5	50.0
39545	25.0	25.0	47.5
39581	22.5	22.5	52.5
39617	25.0	10.0	52.5
39653	27.5	15.0	55.0
39689	37.5	15.0	52.5
39725	40.0	20.0	45.0
39761	47.5	17.5	42.5
39797	42.5	17.5	40.0
39833	42.5	22.5	35.0
39869	40.0	35.0	32.5
39905	40.0	32.5	37.5
39941	37.5	37.5	45.0
39977	40.0	27.5	47.5
40013	35.0	30.0	37.5
40049	27.5	25.0	40.0
40085	32.5	17.5	40.0
40121	30.0	10.0	52.5
40157	30.0	20.0	47.5
40193	22.5	25.0	50.0
40229	35.0	27.5	45.0
40265	32.5	22.5	52.5
40301	45.0	15.0	57.5
40337	37.5	17.5	55.0
40373	30.0	20.0	55.0
40409	27.5	32.5	45.0
40445	25.0	35.0	37.5
40481	35.0	37.5	30.0
40517	32.5	27.5	37.5
40553	35.0	25.0	47.5
40589	45.0	20.0	62.5
40625	52.5	15.0	57.5
40661	50.0	15.0	47.5
40697	47.5	20.0	42.5
40733	37.5	30.0	47.5
40769	37.5	45.0	50.0
40805	35.0	40.0	50.0
40841	42.5	35.0	52.5
40877	40.0	25.0	47.5
40913	35.0	25.0	50.0
40949	27.5	30.0	45.0
40985	25.0	27.5	57.5
41021	30.0	25.0	52.5
41057	27.5	25.0	55.0
41093	30.0	20.0	47.5
41129	30.0	27.5	40.0
41165	25.0	27.5	45.0
41201	30.0	27.5	42.5
41237	40.0	25.0	42.5
41273	45.0	20.0	42.5
41309	42.5	25.0	40.0
41345	42.5	32.5	42.5
41381	37.5	37.5	35.0
41417	37.5	27.5	42.5
41453	32.5	30.0	40.0
41489	32.5	22.5	50.0
41525	25.0	27.5	42.5
41561	32.5	32.5	45.0
41597	30.0	30.0	25.0
41633	32.5	32.5	27.5
41669	27.5	32.5	30.0
41705	32.5	27.5	37.5
41741	30.0	27.5	37.5
41777	30.0	25.0	40.0
41813	32.5	27.5	52.5
41849	37.5	27.5	42.5
41885	42.5	20.0	40.0
41921	42.5	22.5	35.0
41957	37.5	25.0	37.5
41993	32.5	30.0	47.5
42029	35.0	25.0	45.0
42065	37.5	17.5	50.0
42101	37.5	10.0	50.0
42137	40.0	15.0	52.5
42173	30.0	25.0	42.5
42209	32.5	30.0	45.0
42245	35.0	27.5	47.5
42281	40.0	22.5	52.5
42317	47.5	15.0	50.0
42353	35.0	20.0	60.0
42389	30.0	10.0	65.0
42425	22.5	15.0	57.5
42461	27.5	20.0	52.5
42497	35.0	22.5	45.0
42533	45.0	20.0	52.5
42569	50.0	17.5	50.0
42605	47.5	15.0	55.0
42641	37.5	12.5	57.5
42677	40.0	20.0	55.0
42713	35.0	25.0	55.0
42749	37.5	22.5	50.0
42785	30.0	32.5	42.5
42821	37.5	37.5	32.5
42857	35.0	32.5	27.5
42893	35.0	30.0	35.0
42929	32.5	32.5	40.0
42965	37.5	35.0	45.0
43001	37.5	42.5	42.5
43037	45.0	35.0	40.0
43073	40.0	27.5	37.5
43109	42.5	27.5	35.0
43145	40.0	27.5	25.0
43181	40.0	27.5	25.0
43217	45.0	27.5	27.5
43253	45.0	17.5	35.0
43289	47.5	15.0	35.0
43325	42.5	25.0	27.5
43361	47.5	20.0	35.0
43397	45.0	25.0	37.5
43433	50.0	17.5	47.5
43469	42.5	27.5	42.5
43505	42.5	27.5	45.0
43541	47.5	32.5	40.0
43577	55.0	25.0	47.5
43613	55.0	25.0	45.0
43649	47.5	30.0	40.0
43685	45.0	27.5	40.0
43721	40.0	30.0	40.0
43757	30.0	35.0	45.0
43793	32.5	35.0	45.0
43829	32.5	32.5	42.5
43865	35.0	25.0	40.0
43901	40.0	20.0	45.0
43937	40.0	25.0	37.5
43973	50.0	27.5	35.0
44009	47.5	32.5	32.5
44045	45.0	30.0	37.5
44081	45.0	30.0	37.5
44117	37.5	32.5	45.0
44153	35.0	37.5	40.0
44189	37.5	37.5	32.5
44225	42.5	40.0	27.5
44261	47.5	30.0	27.5
44297	40.0	30.0	35.0
44333	40.0	32.5	37.5
44369	35.0	30.0	37.5
44405	27.5	37.5	35.0
44441	32.5	30.0	35.0
44477	35.0	35.0	32.5
44513	40.0	35.0	27.5
44549	40.0	35.0	35.0
44585	42.5	37.5	30.0
44621	47.5	30.0	40.0
44657	60.0	25.0	32.5
44693	60.0	27.5	30.0
44729	55.0	22.5	32.5
44765	47.5	27.5	32.5
44801	45.0	30.0	37.5
44837	45.0	35.0	30.0
44873	40.0	40.0	27.5
44909	50.0	32.5	37.5
44945	42.5	35.0	35.0
44981	45.0	32.5	35.0
45017	47.5	27.5	30.0
45053	45.0	25.0	32.5
45089	42.5	27.5	30.0
45125	40.0	35.0	32.5
45161	40.0	35.0	30.0
45197	47.5	35.0	30.0
45233	37.5	42.5	32.5
45269	40.0	37.5	35.0
45305	35.0	37.5	35.0
45341	45.0	32.5	35.0
45377	50.0	30.0	32.5
45413	52.5	40.0	30.0
45449	45.0	40.0	27.5
45485	37.5	45.0	30.0
45521	50.0	30.0	27.5
45557	52.5	30.0	30.0
45593	55.0	25.0	22.5
45629	50.0	35.0	27.5
45665	52.5	32.5	25.0
45701	42.5	30.0	32.5
45737	57.5	27.5	37.5
45773	42.5	40.0	40.0
45809	45.0	45.0	42.5
45845	40.0	40.0	42.5
45881	50.0	35.0	37.5
45917	50.0	25.0	32.5
45953	47.5	30.0	27.5
45989	40.0	32.5	25.0
46025	35.0	40.0	22.5
46061	32.5	35.0	30.0
46097	35.0	35.0	30.0
46133	42.5	30.0	37.5
46169	50.0	32.5	42.5
46205	55.0	35.0	40.0
46241	47.5	32.5	35.0
46277	45.0	32.5	40.0
46313	42.5	22.5	37.5
46349	47.5	27.5	42.5
46385	50.0	22.5	35.0
46421	47.5	25.0	35.0
46457	45.0	27.5	27.5
46493	52.5	25.0	32.5
46529	55.0	17.5	32.5
46565	57.5	15.0	45.0
46601	57.5	17.5	50.0
46637	57.5	20.0	50.0
46673	47.5	27.5	42.5
46709	40.0	30.0	35.0
46745	30.0	30.0	35.0
46781	37.5	32.5	30.0
46817	40.0	32.5	30.0
46853	45.0	32.5	25.0
46889	42.5	32.5	27.5
46925	40.0	35.0	17.5
46961	40.0	32.5	20.0
46997	45.0	30.0	25.0
47033	35.0	32.5	30.0
47069	32.5	32.5	40.0
47105	42.5	37.5	37.5
47141	35.0	42.5	40.0
47177	42.5	40.0	40.0
47213	32.5	37.5	30.0
47249	25.0	32.5	37.5
47285	20.0	32.5	40.0
47321	25.0	35.0	55.0
47357	20.0	40.0	52.5
47393	32.5	32.5	57.5
47429	30.0	30.0	47.5
47465	32.5	25.0	42.5
47501	27.5	22.5	45.0
47537	37.5	25.0	37.5
47573	32.5	25.0	52.5
47609	27.5	30.0	47.5
47645	22.5	37.5	42.5
47681	25.0	40.0	35.0
47717	30.0	42.5	32.5
47753	30.0	37.5	45.0
47789	25.0	40.0	47.5
47825	32.5	30.0	50.0
47861	35.0	27.5	50.0
47897	40.0	22.5	50.0
47933	37.5	32.5	45.0
47969	27.5	47.5	42.5
48005	22.5	47.5	45.0
48041	25.0	42.5	37.5
48077	25.0	42.5	40.0
48113	22.5	37.5	47.5
48149	27.5	35.0	37.5
48185	20.0	30.0	45.0
48221	30.0	30.0	37.5
48257	27.5	32.5	42.5
48293	37.5	40.0	35.0
48329	42.5	35.0	35.0
48365	42.5	32.5	32.5
48401	45.0	35.0	27.5
48437	40.0	35.0	35.0
48473	40.0	40.0	42.5
48509	32.5	35.0	45.0
48545	40.0	30.0	40.0
48581	37.5	32.5	45.0
48617	32.5	35.0	40.0
48653	35.0	25.0	45.0
48689	22.5	40.0	57.5
48725	27.5	42.5	62.5
48761	22.5	52.5	52.5
48797	32.5	42.5	50.0
48833	42.5	37.5	42.5
48869	47.5	25.0	47.5
48905	45.0	22.5	42.5
48941	45.0	20.0	42.5
48977	45.0	22.5	42.5
49013	42.5	30.0	37.5
49049	40.0	30.0	35.0
49085	27.5	37.5	37.5
49121	27.5	35.0	35.0
49157	32.5	35.0	45.0
49193	32.5	42.5	45.0
49229	35.0	32.5	50.0
49265	35.0	35.0	45.0
49301	35.0	32.5	45.0
49337	27.5	32.5	47.5
49373	27.5	32.5	57.5
49409	35.0	30.0	55.0
49445	40.0	25.0	57.5
49481	40.0	22.5	50.0
49517	42.5	22.5	42.5
49553	35.0	32.5	37.5
49589	40.0	32.5	42.5
49625	40.0	42.5	42.5
49661	40.0	40.0	45.0
49697	37.5	32.5	42.5
49733	37.5	27.5	40.0
49769	35.0	30.0	37.5
49805	32.5	30.0	42.5
49841	32.5	35.0	40.0
49877	30.0	37.5	50.0
49913	25.0	35.0	50.0
49949	32.5	27.5	42.5
49985	35.0	27.5	42.5
50021	35.0	37.5	37.5
50057	32.5	35.0	47.5
50093	27.5	45.0	50.0
50129	32.5	35.0	40.0
50165	32.5	32.5	47.5
50201	32.5	30.0	42.5
50237	30.0	27.5	47.5
50273	27.5	25.0	47.5
50309	27.5	25.0	52.5
50345	27.5	32.5	45.0
50381	30.0	35.0	45.0
50417	30.0	32.5	35.0
50453	22.5	35.0	45.0
50489	27.5	30.0	47.5
50525	30.0	30.0	50.0
50561	40.0	22.5	47.5
50597	37.5	25.0	45.0
50633	30.0	30.0	45.0
50669	30.0	30.0	47.5
50705	20.0	37.5	57.5
50741	17.5	32.5	57.5
50777	22.5	32.5	60.0
50813	30.0	30.0	52.5
50849	35.0	27.5	52.5
50885	27.5	27.5	50.0
50921	27.5	27.5	50.0
50957	27.5	32.5	57.5
50993	35.0	27.5	57.5
51029	27.5	37.5	57.5
51065	42.5	30.0	50.0
51101	40.0	32.5	45.0
51137	47.5	27.5	40.0
51173	42.5	35.0	42.5
51209	37.5	42.5	45.0
51245	37.5	37.5	42.5
51281	40.0	37.5	37.5
51317	32.5	30.0	52.5
51353	30.0	30.0	47.5
51389	27.5	30.0	47.5
51425	32.5	35.0	47.5
51461	40.0	30.0	42.5
51497	35.0	32.5	45.0
51533	40.0	30.0	30.0
51569	35.0	37.5	30.0
51605	32.5	37.5	32.5
51641	37.5	27.5	37.5
51677	30.0	35.0	40.0
51713	32.5	32.5	37.5
51749	30.0	35.0	40.0
51785	32.5	40.0	32.5
51821	32.5	42.5	37.5
51857	20.0	42.5	47.5
51893	20.0	35.0	57.5
51929	27.5	32.5	50.0
51965	30.0	40.0	52.5
52001	32.5	35.0	52.5
52037	35.0	35.0	52.5
52073	32.5	35.0	45.0
52109	20.0	35.0	45.0
52145	17.5	32.5	50.0
52181	20.0	22.5	55.0
52217	25.0	15.0	52.5
52253	25.0	15.0	55.0
52289	32.5	25.0	45.0
52325	27.5	32.5	42.5
52361	25.0	35.0	45.0
52397	25.0	35.0	47.5
52433	32.5	27.5	50.0
52469	37.5	27.5	45.0
52505	40.0	32.5	47.5
52541	35.0	30.0	45.0
52577	32.5	27.5	45.0
52613	32.5	25.0	40.0
52649	30.0	22.5	40.0
52685	30.0	27.5	45.0
52721	27.5	37.5	45.0
52757	27.5	40.0	42.5
52793	22.5	37.5	50.0
52829	27.5	35.0	45.0
52865	25.0	37.5	52.5
52901	27.5	30.0	50.0
52937	22.5	30.0	52.5
52973	27.5	25.0	47.5
53009	27.5	22.5	45.0
53045	37.5	27.5	42.5
53081	32.5	27.5	52.5
53117	35.0	25.0	50.0
53153	30.0	17.5	55.0
53189	32.5	22.5	50.0
53225	37.5	25.0	47.5
53261	45.0	25.0	42.5
53297	47.5	25.0	45.0
53333	52.5	27.5	40.0
53369	42.5	30.0	50.0
53405	40.0	32.5	50.0
53441	30.0	30.0	52.5
53477	25.0	25.0	55.0
53513	25.0	27.5	57.5
53549	27.5	30.0	47.5
53585	37.5	30.0	47.5
53621	35.0	35.0	57.5
53657	35.0	37.5	57.5
53693	32.5	37.5	60.0
53729	27.5	42.5	52.5
53765	30.0	35.0	47.5
53801	32.5	32.5	47.5
53837	30.0	30.0	40.0
53873	32.5	32.5	37.5
53909	35.0	25.0	37.5
53945	35.0	30.0	32.5
53981	35.0	30.0	37.5
54017	25.0	32.5	52.5
54053	25.0	25.0	55.0
54089	20.0	25.0	60.0
54125	20.0	42.5	47.5
54161	25.0	35.0	52.5
54197	30.0	47.5	45.0
54233	25.0	40.0	52.5
54269	25.0	37.5	55.0
54305	25.0	37.5	45.0
54341	37.5	32.5	50.0
54377	32.5	32.5	52.5
54413	27.5	35.0	42.5
54449	25.0	37.5	25.0
54485	22.5	30.0	20.0
54521	25.0	27.5	20.0
54557	25.0	35.0	32.5
54593	22.5	32.5	45.0
54629	27.5	32.5	40.0
54665	25.0	22.5	45.0
54701	22.5	25.0	37.5
54737	22.5	30.0	42.5
54773	35.0	22.5	47.5
54809	37.5	25.0	50.0
54845	37.5	25.0	55.0
54881	35.0	30.0	57.5
54917	45.0	30.0	52.5
54953	42.5	30.0	52.5
54989	42.5	30.0	42.5
55025	32.5	32.5	45.0
55061	25.0	30.0	50.0
55097	25.0	25.0	47.5
55133	25.0	30.0	47.5
55169	22.5	30.0	47.5
55205	22.5	25.0	35.0
55241	25.0	32.5	22.5
55277	25.0	42.5	12.5
55313	37.5	40.0	12.5
55349	47.5	47.5	15.0
55385	55.0	40.0	20.0
55421	45.0	47.5	22.5
55457	37.5	37.5	27.5
55493	35.0	42.5	35.0
55529	35.0	37.5	40.0
55565	40.0	50.0	30.0
55601	45.0	47.5	35.0
55637	37.5	52.5	32.5
55673	37.5	47.5	37.5
55709	20.0	47.5	37.5
55745	30.0	50.0	27.5
55781	27.5	40.0	27.5
55817	35.0	47.5	25.0
55853	35.0	47.5	27.5
55889	37.5	40.0	32.5
55925	37.5	50.0	32.5
55961	40.0	40.0	25.0
55997	32.5	45.0	22.5
56033	35.0	40.0	20.0
56069	45.0	32.5	15.0
56105	50.0	37.5	20.0
56141	50.0	27.5	20.0
56177	45.0	30.0	32.5
56213	40.0	25.0	37.5
56249	42.5	20.0	35.0
56285	40.0	27.5	25.0
56321	50.0	22.5	27.5
56357	55.0	30.0	30.0
56393	55.0	32.5	35.0
56429	55.0	25.0	40.0
56465	42.5	27.5	45.0
56501	40.0	32.5	42.5
56537	40.0	27.5	42.5
56573	37.5	27.5	32.5
56609	35.0	30.0	30.0
56645	35.0	30.0	30.0
56681	35.0	27.5	35.0
56717	40.0	27.5	30.0
56753	45.0	30.0	35.0
56789	47.5	47.5	30.0
56825	40.0	40.0	30.0
56861	37.5	45.0	27.5
56897	37.5	35.0	25.0
56933	32.5	32.5	27.5
56969	32.5	32.5	22.5
57005	30.0	35.0	27.5
57041	30.0	35.0	35.0
57077	32.5	35.0	42.5
57113	32.5	30.0	47.5
57149	37.5	32.5	37.5
57185	40.0	27.5	32.5
57221	45.0	25.0	30.0
57257	47.5	15.0	27.5
57293	47.5	10.0	27.5
57329	42.5	12.5	37.5
57365	40.0	15.0	35.0
57401	35.0	22.5	40.0
57437	42.5	22.5	42.5
57473	40.0	22.5	40.0
57509	45.0	25.0	37.5
57545	50.0	20.0	37.5
57581	42.5	30.0	25.0
57617	35.0	35.0	17.5
57653	30.0	37.5	22.5
57689	25.0	35.0	25.0
57725	30.0	32.5	30.0
57761	27.5	42.5	25.0
57797	30.0	42.5	25.0
57833	32.5	47.5	20.0
57869	32.5	37.5	20.0
57905	27.5	25.0	32.5
57941	25.0	15.0	42.5
57977	22.5	17.5	62.5
58013	27.5	27.5	55.0
58049	22.5	37.5	60.0
58085	25.0	42.5	55.0
58121	27.5	35.0	50.0
58157	25.0	35.0	42.5
58193	25.0	25.0	30.0
58229	22.5	27.5	42.5
58265	27.5	30.0	52.5
58301	35.0	27.5	52.5
58337	35.0	37.5	45.0
58373	35.0	37.5	50.0
58409	32.5	50.0	47.5
58445	27.5	52.5	40.0
58481	22.5	50.0	35.0
58517	22.5	50.0	35.0
58553	27.5	47.5	32.5
58589	32.5	50.0	35.0
58625	40.0	45.0	27.5
58661	42.5	40.0	20.0
58697	37.5	40.0	25.0
58733	35.0	40.0	22.5
58769	37.5	35.0	27.5
58805	45.0	30.0	30.0
58841	40.0	20.0	32.5
58877	47.5	20.0	32.5
58913	50.0	20.0	30.0
58949	42.5	20.0	35.0
58985	47.5	27.5	35.0
59021	37.5	27.5	40.0
59057	47.5	32.5	35.0
59093	62.5	27.5	45.0
59129	60.0	27.5	42.5
59165	62.5	27.5	40.0
59201	47.5	30.0	35.0
59237	35.0	35.0	35.0
59273	22.5	45.0	37.5
59309	15.0	47.5	42.5
59345	12.5	42.5	35.0
59381	25.0	42.5	30.0
59417	27.5	42.5	27.5
59453	35.0	35.0	30.0
59489	32.5	37.5	30.0
59525	40.0	32.5	25.0
59561	50.0	37.5	17.5
59597	42.5	30.0	25.0
59633	37.5	32.5	27.5
59669	27.5	35.0	30.0
59705	35.0	37.5	30.0
59741	47.5	42.5	27.5
59777	42.5	37.5	30.0
59813	37.5	45.0	32.5
59849	30.0	47.5	40.0
59885	17.5	47.5	42.5
59921	25.0	40.0	37.5
59957	32.5	35.0	37.5
59993	47.5	22.5	35.0
60029	57.5	20.0	32.5
60065	50.0	20.0	40.0
60101	47.5	25.0	37.5
60137	47.5	27.5	40.0
60173	52.5	27.5	30.0
60209	52.5	35.0	37.5
60245	52.5	27.5	32.5
60281	60.0	30.0	32.5
60317	52.5	27.5	37.5
60353	52.5	27.5	37.5
60389	37.5	25.0	40.0
60425	30.0	32.5	32.5
60461	30.0	32.5	40.0
60497	35.0	20.0	50.0
60533	30.0	10.0	50.0
60569	22.5	10.0	50.0
60605	20.0	12.5	42.5
60641	27.5	17.5	32.5
60677	35.0	22.5	37.5
60713	42.5	25.0	37.5
60749	42.5	27.5	52.5
60785	32.5	42.5	50.0
60821	25.0	45.0	40.0
60857	22.5	47.5	30.0
60893	30.0	37.5	27.5
60929	45.0	37.5	27.5
60965	45.0	35.0	32.5
61001	47.5	40.0	32.5
61037	42.5	45.0	32.5
61073	42.5	42.5	30.0
61109	37.5	35.0	30.0
61145	47.5	25.0	22.5
61181	42.5	17.5	27.5
61217	42.5	25.0	25.0
61253	42.5	22.5	30.0
61289	35.0	22.5	30.0
61325	37.5	20.0	35.0
61361	32.5	25.0	32.5
61397	32.5	30.0	32.5
61433	35.0	37.5	37.5
61469	37.5	27.5	40.0
61505	37.5	25.0	50.0
61541	32.5	22.5	47.5
61577	42.5	22.5	50.0
61613	45.0	27.5	45.0
61649	55.0	27.5	35.0
61685	57.5	27.5	32.5
61721	52.5	32.5	22.5
61757	57.5	22.5	22.5
61793	55.0	25.0	30.0
61829	50.0	22.5	35.0
61865	47.5	27.5	37.5
61901	50.0	30.0	32.5
61937	47.5	32.5	32.5
61973	52.5	32.5	35.0
62009	50.0	30.0	32.5
62045	50.0	32.5	30.0
62081	40.0	42.5	27.5
62117	42.5	40.0	27.5
62153	42.5	40.0	25.0
62189	42.5	30.0	22.5
62225	30.0	30.0	25.0
62261	30.0	35.0	30.0
62297	30.0	37.5	32.5
62333	42.5	30.0	35.0
62369	45.0	25.0	32.5
62405	52.5	27.5	30.0
62441	50.0	32.5	32.5
62477	50.0	30.0	35.0
62513	45.0	37.5	40.0
62549	42.5	37.5	47.5
62585	40.0	35.0	42.5
62621	42.5	35.0	45.0
62657	47.5	27.5	37.5
62693	47.5	25.0	35.0
62729	45.0	32.5	40.0
62765	37.5	30.0	32.5
62801	52.5	25.0	32.5
62837	52.5	22.5	32.5
62873	55.0	25.0	30.0
62909	47.5	30.0	32.5
62945	42.5	35.0	30.0
62981	35.0	45.0	35.0
63017	40.0	42.5	40.0
63053	55.0	30.0	42.5
63089	55.0	32.5	45.0
63125	57.5	30.0	42.5
63161	57.5	30.0	42.5
63197	57.5	27.5	35.0
63233	47.5	35.0	27.5
63269	42.5	35.0	25.0
63305	35.0	35.0	22.5
63341	45.0	37.5	25.0
63377	47.5	35.0	25.0
63413	55.0	37.5	27.5
63449	60.0	27.5	30.0
63485	65.0	22.5	40.0
63521	57.5	32.5	42.5
63557	57.5	30.0	37.5
63593	47.5	42.5	25.0
63629	40.0	42.5	17.5
63665	37.5	35.0	20.0
63701	40.0	35.0	25.0
63737	47.5	32.5	25.0
63773	50.0	37.5	30.0
63809	47.5	42.5	32.5
63845	52.5	32.5	32.5
63881	45.0	25.0	30.0
63917	40.0	20.0	37.5
63953	30.0	22.5	47.5
63989	22.5	27.5	70.0
64025	22.5	32.5	62.5
64061	30.0	35.0	50.0
64097	35.0	42.5	32.5
64133	42.5	37.5	27.5
64169	35.0	37.5	32.5
64205	30.0	35.0	37.5
64241	30.0	30.0	35.0
64277	25.0	37.5	32.5
64313	22.5	47.5	37.5
64349	27.5	50.0	35.0
64385	25.0	47.5	35.0
64421	35.0	52.5	35.0
64457	40.0	52.5	37.5
64493	45.0	55.0	27.5
64529	42.5	45.0	32.5
64565	37.5	42.5	37.5
64601	30.0	40.0	45.0
64637	30.0	45.0	32.5
64673	32.5	45.0	30.0
64709	30.0	37.5	27.5
64745	30.0	27.5	45.0
64781	45.0	17.5	47.5
64817	45.0	17.5	52.5
64853	55.0	20.0	45.0
64889	45.0	15.0	45.0
64925	55.0	12.5	45.0
64961	45.0	15.0	42.5
64997	45.0	20.0	50.0
65033	40.0	25.0	57.5
65069	40.0	30.0	50.0
65105	42.5	32.5	37.5
65141	50.0	35.0	32.5
65177	42.5	27.5	30.0
65213	37.5	20.0	30.0
65249	45.0	25.0	22.5
65285	42.5	45.0	22.5
65321	47.5	47.5	30.0
65357	45.0	40.0	32.5
65393	32.5	35.0	30.0
65429	35.0	32.5	25.0
65465	25.0	42.5	22.5
65501	30.0	40.0	25.0
65537	25.0	45.0	27.5
65573	32.5	37.5	30.0
65609	32.5	37.5	37.5
65645	35.0	42.5	27.5
65681	32.5	52.5	25.0
65717	32.5	52.5	20.0
65753	45.0	55.0	22.5
65789	40.0	47.5	32.5
65825	37.5	47.5	32.5
65861	35.0	40.0	32.5
65897	32.5	47.5	32.5
65933	42.5	47.5	30.0
65969	40.0	50.0	37.5
66005	42.5	40.0	37.5
66041	37.5	35.0	40.0
66077	32.5	35.0	35.0
66113	32.5	40.0	30.0
66149	30.0	45.0	32.5
66185	40.0	45.0	27.5
66221	55.0	35.0	32.5
66257	55.0	32.5	30.0
66293	47.5	30.0	40.0
66329	37.5	30.0	47.5
66365	37.5	45.0	37.5
66401	37.5	45.0	35.0
66437	32.5	52.5	25.0
66473	25.0	52.5	30.0
66509	37.5	55.0	22.5
66545	47.5	47.5	27.5
66581	45.0	47.5	20.0
66617	30.0	45.0	30.0
66653	22.5	50.0	35.0
66689	20.0	55.0	32.5
66725	22.5	47.5	35.0
66761	30.0	40.0	32.5
66797	40.0	40.0	30.0
66833	40.0	45.0	27.5
66869	45.0	52.5	27.5
66905	42.5	50.0	32.5
66941	37.5	50.0	25.0
66977	32.5	50.0	15.0
67013	30.0	55.0	7.5
67049	27.5	55.0	7.5
67085	32.5	55.0	12.5
67121	22.5	47.5	17.5
67157	30.0	45.0	20.0
67193	22.5	47.5	25.0
67229	35.0	40.0	27.5
67265	35.0	40.0	25.0
67301	47.5	42.5	20.0
67337	57.5	50.0	17.5
67373	55.0	47.5	15.0
67409	50.0	45.0	22.5
67445	45.0	47.5	25.0
67481	50.0	42.5	22.5
67517	50.0	40.0	25.0
67553	40.0	45.0	22.5
67589	37.5	42.5	30.0
67625	25.0	35.0	32.5
67661	40.0	42.5	25.0
67697	42.5	45.0	27.5
67733	47.5	55.0	22.5
67769	47.5	47.5	27.5
67805	45.0	37.5	25.0
67841	30.0	27.5	22.5
67877	32.5	27.5	22.5
67913	37.5	30.0	27.5
67949	40.0	32.5	32.5
67985	40.0	30.0	30.0
68021	37.5	40.0	32.5
68057	37.5	32.5	27.5
68093	42.5	37.5	25.0
68129	42.5	35.0	32.5
68165	47.5	37.5	25.0
68201	45.0	32.5	25.0
68237	42.5	37.5	17.5
68273	45.0	42.5	25.0
68309	37.5	42.5	30.0
68345	37.5	37.5	27.5
68381	42.5	32.5	30.0
68417	45.0	32.5	32.5
68453	40.0	30.0	40.0
68489	40.0	30.0	35.0
68525	42.5	25.0	42.5
68561	45.0	27.5	35.0
68597	40.0	27.5	35.0
68633	45.0	30.0	37.5
68669	57.5	20.0	37.5
68705	57.5	22.5	45.0
68741	45.0	25.0	50.0
68777	40.0	30.0	42.5
68813	27.5	37.5	42.5
68849	32.5	50.0	35.0
68885	20.0	50.0	35.0
68921	20.0	60.0	37.5
68957	20.0	42.5	42.5
68993	22.5	40.0	42.5
69029	27.5	40.0	37.5
69065	32.5	35.0	42.5
69101	27.5	27.5	40.0
69137	30.0	15.0	42.5
69173	27.5	12.5	42.5
69209	27.5	12.5	37.5
69245	30.0	17.5	37.5
69281	35.0	22.5	35.0
69317	32.5	20.0	37.5
69353	32.5	32.5	35.0
69389	27.5	40.0	32.5
69425	30.0	42.5	40.0
69461	40.0	32.5	37.5
69497	42.5	32.5	40.0
69533	45.0	30.0	30.0
69569	45.0	30.0	30.0
69605	40.0	37.5	27.5
69641	40.0	42.5	27.5
69677	32.5	50.0	27.5
69713	35.0	52.5	17.5
69749	47.5	37.5	27.5
69785	47.5	35.0	25.0
69821	52.5	25.0	32.5
69857	55.0	27.5	32.5
69893	60.0	35.0	22.5
69929	62.5	32.5	25.0
69965	52.5	27.5	30.0
70001	47.5	32.5	35.0
70037	40.0	30.0	30.0
70073	35.0	37.5	27.5
70109	30.0	30.0	30.0
70145	22.5	35.0	40.0
70181	27.5	30.0	50.0
70217	30.0	35.0	45.0
70253	27.5	30.0	47.5
70289	35.0	27.5	35.0
70325	35.0	35.0	40.0
70361	37.5	37.5	32.5
70397	40.0	42.5	35.0
70433	30.0	35.0	35.0
70469	25.0	32.5	40.0
70505	30.0	37.5	40.0
70541	35.0	35.0	50.0
70577	37.5	32.5	50.0
70613	27.5	32.5	55.0
70649	25.0	27.5	47.5
70685	22.5	30.0	45.0
70721	27.5	25.0	45.0
70757	22.5	37.5	42.5
70793	27.5	45.0	35.0
70829	30.0	45.0	30.0
70865	32.5	47.5	25.0
70901	45.0	40.0	20.0
70937	37.5	42.5	17.5
70973	35.0	45.0	25.0
71009	32.5	45.0	32.5
71045	27.5	45.0	37.5
71081	30.0	45.0	42.5
71117	22.5	45.0	40.0
71153	22.5	47.5	32.5
71189	27.5	45.0	25.0
71225	30.0	35.0	30.0
71261	40.0	30.0	27.5
71297	40.0	37.5	30.0
71333	35.0	37.5	35.0
71369	30.0	42.5	37.5
71405	25.0	40.0	37.5
71441	22.5	45.0	25.0
71477	27.5	47.5	17.5
71513	27.5	47.5	20.0
71549	32.5	40.0	25.0
71585	35.0	32.5	25.0
71621	40.0	27.5	25.0
71657	42.5	27.5	32.5
71693	40.0	32.5	32.5
71729	35.0	37.5	37.5
71765	37.5	30.0	42.5
71801	50.0	20.0	40.0
71837	47.5	27.5	35.0
71873	50.0	30.0	35.0
71909	45.0	32.5	30.0
71945	45.0	27.5	37.5
71981	42.5	27.5	32.5
72017	45.0	30.0	35.0
72053	47.5	30.0	35.0
72089	52.5	25.0	35.0
72125	60.0	17.5	37.5
72161	55.0	12.5	40.0
72197	47.5	20.0	52.5
72233	45.0	17.5	57.5
72269	45.0	22.5	52.5
72305	65.0	12.5	45.0
72341	75.0	15.0	37.5
72377	70.0	12.5	35.0
72413	62.5	20.0	35.0
72449	57.5	20.0	40.0
72485	57.5	22.5	40.0
72521	52.5	25.0	40.0
72557	55.0	22.5	37.5
72593	47.5	22.5	42.5
72629	52.5	17.5	50.0
72665	55.0	17.5	40.0
72701	50.0	12.5	32.5
72737	30.0	17.5	32.5
72773	27.5	30.0	40.0
72809	25.0	30.0	55.0
72845	22.5	25.0	55.0
72881	22.5	27.5	42.5
72917	27.5	32.5	37.5
72953	27.5	35.0	35.0
72989	25.0	42.5	37.5
73025	17.5	35.0	50.0
73061	27.5	30.0	57.5
73097	27.5	25.0	70.0
73133	32.5	32.5	65.0
73169	30.0	35.0	57.5
73205	35.0	40.0	42.5
73241	32.5	35.0	45.0
73277	42.5	32.5	40.0
73313	35.0	25.0	42.5
73349	37.5	17.5	42.5
73385	32.5	20.0	52.5
73421	27.5	27.5	50.0
73457	27.5	37.5	50.0
73493	30.0	42.5	40.0
73529	27.5	40.0	45.0
73565	22.5	47.5	45.0
73601	27.5	40.0	45.0
73637	25.0	40.0	47.5
73673	30.0	32.5	47.5
73709	32.5	32.5	47.5
73745	30.0	37.5	45.0
73781	30.0	37.5	45.0
73817	35.0	30.0	40.0
73853	37.5	27.5	42.5
73889	45.0	17.5	47.5
73925	40.0	17.5	52.5
73961	40.0	15.0	42.5
73997	35.0	25.0	37.5
74033	37.5	32.5	37.5
74069	37.5	35.0	40.0
74105	40.0	30.0	45.0
74141	32.5	30.0	40.0
74177	40.0	25.0	35.0
74213	35.0	27.5	32.5
74249	35.0	22.5	27.5
74285	27.5	25.0	32.5
74321	27.5	40.0	30.0
74357	35.0	45.0	32.5
74393	37.5	42.5	35.0
74429	52.5	37.5	37.5
74465	60.0	30.0	42.5
74501	62.5	32.5	35.0
74537	60.0	25.0	35.0
74573	50.0	15.0	42.5
74609	42.5	22.5	47.5
74645	37.5	17.5	52.5
74681	37.5	32.5	45.0
74717	37.5	35.0	37.5
74753	42.5	42.5	27.5
74789	37.5	40.0	32.5
74825	32.5	35.0	20.0
74861	27.5	30.0	17.5
74897	32.5	22.5	22.5
74933	37.5	27.5	30.0
74969	47.5	27.5	32.5
75005	45.0	30.0	35.0
75041	42.5	35.0	32.5
75077	47.5	32.5	42.5
75113	50.0	37.5	32.5
75149	57.5	32.5	20.0
75185	52.5	32.5	20.0
75221	45.0	35.0	32.5
75257	42.5	32.5	37.5
75293	35.0	35.0	42.5
75329	40.0	37.5	42.5
75365	42.5	30.0	40.0
75401	37.5	27.5	57.5
75437	40.0	30.0	62.5
75473	40.0	32.5	67.5
75509	37.5	27.5	65.0
75545	42.5	22.5	67.5
75581	45.0	27.5	47.5
75617	47.5	35.0	50.0
75653	45.0	42.5	37.5
75689	42.5	45.0	45.0
75725	45.0	40.0	45.0
75761	35.0	37.5	50.0
75797	32.5	30.0	50.0
75833	25.0	37.5	50.0
75869	22.5	40.0	52.5
75905	27.5	40.0	45.0
75941	30.0	30.0	35.0
75977	25.0	20.0	25.0
76013	27.5	27.5	25.0
76049	40.0	25.0	25.0
76085	50.0	27.5	35.0
76121	52.5	27.5	32.5
76157	45.0	27.5	30.0
76193	52.5	25.0	30.0
76229	47.5	25.0	40.0
76265	45.0	22.5	47.5
76301	40.0	25.0	47.5
76337	32.5	35.0	45.0
76373	32.5	35.0	35.0
76409	35.0	30.0	30.0
76445	42.5	25.0	27.5
76481	40.0	20.0	30.0
76517	35.0	35.0	37.5
76553	32.5	42.5	35.0
76589	35.0	50.0	37.5
76625	37.5	37.5	42.5
76661	30.0	40.0	40.0
76697	37.5	42.5	37.5
76733	40.0	32.5	40.0
76769	47.5	35.0	37.5
76805	42.5	30.0	42.5
76841	42.5	25.0	47.5
76877	42.5	25.0	37.5
76913	40.0	22.5	32.5
76949	35.0	22.5	32.5
76985	22.5	32.5	37.5
77021	17.5	47.5	55.0
77057	15.0	52.5	57.5
77093	20.0	62.5	65.0
77129	25.0	55.0	60.0
77165	30.0	47.5	50.0
77201	30.0	47.5	50.0
77237	22.5	42.5	47.5
77273	17.5	42.5	55.0
77309	17.5	37.5	62.5
77345	27.5	35.0	65.0
77381	37.5	30.0	57.5
77417	42.5	30.0	45.0
77453	40.0	32.5	45.0
77489	30.0	45.0	47.5
77525	30.0	50.0	50.0
77561	25.0	47.5	42.5
77597	27.5	35.0	42.5
77633	37.5	32.5	37.5
77669	35.0	30.0	42.5
77705	35.0	32.5	50.0
77741	32.5	35.0	57.5
77777	25.0	32.5	62.5
77813	30.0	35.0	50.0
77849	25.0	40.0	52.5
77885	32.5	25.0	35.0
77921	35.0	20.0	32.5
77957	27.5	25.0	45.0
77993	22.5	35.0	62.5
78029	17.5	42.5	82.5
78065	15.0	50.0	85.0
78101	15.0	50.0	77.5
78137	25.0	50.0	62.5
78173	32.5	37.5	57.5
78209	42.5	32.5	47.5
78245	40.0	27.5	42.5
78281	42.5	30.0	35.0
78317	35.0	37.5	17.5
78353	27.5	27.5	25.0
78389	25.0	30.0	25.0
78425	20.0	37.5	37.5
78461	22.5	35.0	35.0
78497	20.0	32.5	35.0
78533	32.5	35.0	35.0
78569	32.5	42.5	45.0
78605	35.0	40.0	52.5
78641	32.5	35.0	57.5
78677	27.5	32.5	57.5
78713	22.5	37.5	45.0
78749	22.5	35.0	45.0
78785	25.0	35.0	32.5
78821	27.5	27.5	40.0
78857	35.0	27.5	35.0
78893	35.0	22.5	40.0
78929	40.0	30.0	47.5
78965	40.0	30.0	42.5
79001	40.0	32.5	42.5
79037	35.0	27.5	45.0
79073	30.0	32.5	42.5
79109	30.0	37.5	45.0
79145	20.0	42.5	47.5
79181	30.0	40.0	42.5
79217	30.0	45.0	42.5
79253	30.0	40.0	37.5
79289	25.0	42.5	32.5
79325	20.0	52.5	22.5
79361	20.0	45.0	27.5
79397	20.0	45.0	35.0
79433	30.0	40.0	40.0
79469	45.0	32.5	40.0
79505	57.5	25.0	42.5
79541	52.5	27.5	37.5
79577	47.5	27.5	30.0
79613	45.0	25.0	30.0
79649	35.0	30.0	35.0
79685	45.0	27.5	42.5
79721	50.0	35.0	37.5
79757	50.0	40.0	30.0
79793	42.5	52.5	20.0
79829	40.0	50.0	27.5
79865	30.0	45.0	20.0
79901	40.0	40.0	15.0
79937	52.5	35.0	15.0
79973	52.5	40.0	20.0
80009	40.0	45.0	30.0
80045	25.0	50.0	30.0
80081	27.5	35.0	37.5
80117	42.5	27.5	35.0
80153	40.0	27.5	40.0
80189	42.5	25.0	40.0
80225	40.0	32.5	37.5
80261	42.5	42.5	22.5
80297	47.5	42.5	17.5
80333	50.0	35.0	22.5
80369	47.5	32.5	30.0
80405	40.0	30.0	37.5
80441	32.5	37.5	42.5
80477	40.0	42.5	40.0
80513	37.5	40.0	37.5
80549	45.0	37.5	37.5
80585	45.0	30.0	35.0
80621	42.5	30.0	35.0
80657	45.0	37.5	25.0
80693	42.5	32.5	27.5
80729	35.0	35.0	25.0
80765	37.5	40.0	32.5
80801	30.0	42.5	25.0
80837	35.0	35.0	30.0
80873	45.0	30.0	32.5
80909	52.5	25.0	30.0
80945	47.5	25.0	32.5
80981	45.0	20.0	35.0
81017	47.5	20.0	37.5
81053	52.5	22.5	30.0
81089	47.5	35.0	25.0
81125	35.0	40.0	30.0
81161	32.5	55.0	37.5
81197	25.0	60.0	42.5
81233	25.0	60.0	32.5
81269	40.0	52.5	25.0
81305	40.0	47.5	25.0
81341	50.0	50.0	20.0
81377	45.0	50.0	27.5
81413	42.5	47.5	27.5
81449	32.5	52.5	35.0
81485	30.0	45.0	40.0
81521	27.5	37.5	40.0
81557	32.5	30.0	27.5
81593	45.0	32.5	20.0
81629	42.5	40.0	22.5
81665	42.5	50.0	25.0
81701	37.5	37.5	37.5
81737	40.0	40.0	30.0
81773	40.0	42.5	25.0
81809	40.0	40.0	25.0
81845	35.0	45.0	22.5
81881	35.0	40.0	30.0
81917	35.0	47.5	30.0
81953	42.5	40.0	32.5
81989	42.5	37.5	32.5
82025	32.5	40.0	35.0
82061	35.0	37.5	35.0
82097	32.5	37.5	30.0
82133	32.5	32.5	25.0
82169	37.5	22.5	30.0
82205	47.5	25.0	30.0
82241	60.0	30.0	25.0
82277	57.5	32.5	25.0
82313	50.0	42.5	30.0
82349	45.0	40.0	32.5
82385	42.5	32.5	37.5
82421	47.5	27.5	35.0
82457	47.5	25.0	27.5
82493	50.0	30.0	27.5
82529	40.0	37.5	27.5
82565	32.5	37.5	35.0
82601	32.5	35.0	32.5
82637	32.5	27.5	42.5
82673	37.5	30.0	37.5
82709	27.5	32.5	32.5
82745	30.0	40.0	32.5
82781	37.5	45.0	30.0
82817	40.0	52.5	27.5
82853	45.0	45.0	25.0
82889	37.5	47.5	20.0
82925	37.5	42.5	20.0
82961	32.5	42.5	22.5
82997	22.5	37.5	22.5
83033	15.0	40.0	22.5
83069	22.5	42.5	15.0
83105	30.0	42.5	12.5
83141	40.0	35.0	22.5
83177	40.0	30.0	22.5
83213	35.0	32.5	27.5
83249	25.0	30.0	27.5
83285	17.5	27.5	27.5
83321	22.5	22.5	37.5
83357	40.0	27.5	37.5
83393	42.5	22.5	40.0
83429	50.0	22.5	30.0
83465	37.5	22.5	37.5
83501	35.0	22.5	42.5
83537	25.0	25.0	50.0
83573	32.5	17.5	55.0
83609	40.0	17.5	62.5
83645	37.5	17.5	57.5
83681	32.5	12.5	50.0
83717	25.0	25.0	32.5
83753	35.0	40.0	25.0
83789	35.0	55.0	20.0
83825	32.5	60.0	17.5
83861	25.0	50.0	17.5
83897	27.5	32.5	22.5
83933	35.0	27.5	25.0
83969	50.0	25.0	22.5
84005	45.0	25.0	22.5
84041	50.0	27.5	30.0
84077	42.5	40.0	30.0
84113	35.0	47.5	30.0
84149	30.0	40.0	30.0
84185	35.0	30.0	32.5
84221	40.0	25.0	35.0
84257	42.5	27.5	35.0
84293	37.5	27.5	32.5
84329	50.0	27.5	30.0
84365	42.5	25.0	32.5
84401	47.5	20.0	42.5
84437	37.5	27.5	47.5
84473	30.0	37.5	50.0
84509	32.5	32.5	45.0
84545	35.0	25.0	35.0
84581	40.0	15.0	32.5
84617	45.0	22.5	32.5
84653	45.0	25.0	27.5
84689	37.5	35.0	35.0
84725	32.5	35.0	35.0
84761	30.0	35.0	45.0
84797	30.0	25.0	45.0
84833	30.0	20.0	47.5
84869	35.0	17.5	47.5
84905	37.5	20.0	42.5
84941	35.0	20.0	37.5
84977	30.0	20.0	42.5
85013	30.0	32.5	35.0
85049	35.0	42.5	32.5
85085	40.0	60.0	25.0
85121	47.5	60.0	20.0
85157	52.5	65.0	22.5
85193	52.5	70.0	20.0
85229	45.0	72.5	20.0
85265	37.5	75.0	17.5
85301	27.5	70.0	27.5
85337	35.0	62.5	30.0
85373	40.0	52.5	27.5
85409	40.0	50.0	20.0
85445	35.0	45.0	15.0
85481	37.5	45.0	15.0
85517	45.0	50.0	17.5
85553	45.0	50.0	20.0
85589	40.0	50.0	30.0
85625	37.5	47.5	32.5
85661	32.5	42.5	37.5
85697	37.5	37.5	35.0
85733	42.5	40.0	27.5
85769	45.0	42.5	25.0
85805	35.0	45.0	30.0
85841	35.0	45.0	30.0
85877	40.0	47.5	25.0
85913	45.0	57.5	12.5
85949	45.0	50.0	12.5
85985	50.0	55.0	20.0
86021	45.0	50.0	27.5
86057	45.0	47.5	35.0
86093	40.0	52.5	35.0
86129	37.5	55.0	32.5
86165	32.5	50.0	27.5
86201	25.0	37.5	25.0
86237	32.5	30.0	30.0
86273	35.0	25.0	25.0
86309	42.5	27.5	32.5
86345	27.5	27.5	40.0
86381	25.0	22.5	37.5
86417	22.5	30.0	37.5
86453	35.0	32.5	37.5
86489	35.0	35.0	35.0
86525	32.5	40.0	47.5
86561	22.5	40.0	47.5
86597	20.0	40.0	50.0
86633	30.0	35.0	35.0
86669	27.5	27.5	35.0
86705	27.5	25.0	35.0
86741	20.0	30.0	30.0
86777	22.5	30.0	30.0
86813	30.0	30.0	45.0
86849	35.0	30.0	50.0
86885	35.0	37.5	55.0
86921	32.5	32.5	50.0
86957	30.0	40.0	45.0
86993	30.0	37.5	47.5
87029	30.0	40.0	47.5
87065	32.5	32.5	55.0
87101	35.0	32.5	57.5
87137	37.5	27.5	52.5
87173	52.5	30.0	45.0
87209	57.5	25.0	42.5
87245	67.5	25.0	37.5
87281	62.5	35.0	32.5
87317	52.5	35.0	25.0
87353	45.0	47.5	22.5
87389	47.5	32.5	30.0
87425	52.5	35.0	22.5
87461	60.0	22.5	27.5
87497	52.5	30.0	30.0
87533	45.0	22.5	27.5
87569	27.5	30.0	30.0
87605	22.5	25.0	32.5
87641	25.0	27.5	40.0
87677	30.0	30.0	37.5
87713	27.5	25.0	25.0
87749	27.5	35.0	27.5
87785	25.0	32.5	32.5
87821	17.5	37.5	40.0
87857	27.5	37.5	50.0
87893	32.5	25.0	42.5
87929	45.0	27.5	50.0
87965	47.5	25.0	42.5
88001	50.0	37.5	30.0
88037	42.5	40.0	27.5
88073	30.0	42.5	30.0
88109	30.0	37.5	30.0
88145	35.0	35.0	32.5
88181	40.0	35.0	25.0
88217	47.5	32.5	25.0
88253	47.5	35.0	30.0
88289	50.0	37.5	27.5
88325	42.5	32.5	25.0
88361	40.0	32.5	37.5
88397	35.0	27.5	40.0
88433	35.0	30.0	50.0
88469	32.5	35.0	60.0
88505	27.5	42.5	52.5
88541	32.5	50.0	52.5
88577	35.0	50.0	40.0
88613	32.5	47.5	52.5
88649	35.0	35.0	45.0
88685	32.5	37.5	47.5
88721	40.0	42.5	37.5
88757	27.5	45.0	45.0
88793	25.0	40.0	40.0
88829	22.5	37.5	40.0
88865	32.5	35.0	35.0
88901	37.5	42.5	37.5
88937	35.0	40.0	37.5
88973	30.0	37.5	42.5
89009	25.0	32.5	40.0
89045	30.0	22.5	37.5
89081	27.5	20.0	32.5
89117	20.0	27.5	30.0
89153	12.5	30.0	37.5
89189	12.5	45.0	25.0
89225	20.0	42.5	20.0
89261	25.0	37.5	20.0
89297	22.5	35.0	30.0
89333	25.0	27.5	37.5
89369	22.5	25.0	42.5
89405	22.5	22.5	52.5
89441	22.5	30.0	52.5
89477	25.0	35.0	47.5
89513	22.5	32.5	37.5
89549	25.0	35.0	40.0
89585	27.5	40.0	42.5
89621	27.5	40.0	47.5
89657	27.5	42.5	37.5
89693	22.5	32.5	30.0
89729	30.0	20.0	22.5
89765	32.5	12.5	30.0
89801	42.5	17.5	35.0
89837	47.5	15.0	47.5
89873	57.5	17.5	30.0
89909	50.0	20.0	25.0
89945	42.5	22.5	17.5
89981	30.0	30.0	20.0
90017	27.5	37.5	32.5
90053	25.0	50.0	40.0
90089	25.0	50.0	37.5
90125	30.0	42.5	30.0
90161	27.5	42.5	30.0
90197	25.0	37.5	25.0
90233	25.0	45.0	30.0
90269	37.5	35.0	32.5
90305	42.5	32.5	30.0
90341	42.5	30.0	37.5
90377	35.0	27.5	40.0
90413	32.5	30.0	45.0
90449	27.5	35.0	47.5
90485	30.0	45.0	40.0
90521	22.5	32.5	32.5
90557	32.5	27.5	35.0
90593	30.0	22.5	35.0
90629	32.5	35.0	32.5
90665	35.0	37.5	27.5
90701	45.0	35.0	22.5
90737	42.5	32.5	22.5
90773	35.0	35.0	32.5
90809	30.0	32.5	37.5
90845	35.0	40.0	32.5
90881	37.5	37.5	27.5
90917	37.5	35.0	20.0
90953	37.5	32.5	22.5
90989	42.5	35.0	22.5
91025	37.5	35.0	27.5
91061	30.0	37.5	32.5
91097	25.0	35.0	35.0
91133	20.0	35.0	32.5
91169	27.5	40.0	35.0
91205	40.0	32.5	45.0
91241	45.0	37.5	50.0
91277	55.0	32.5	55.0
91313	65.0	25.0	52.5
91349	55.0	35.0	45.0
91385	57.5	32.5	35.0
91421	45.0	40.0	25.0
91457	42.5	30.0	20.0
91493	35.0	37.5	30.0
91529	25.0	55.0	32.5
91565	22.5	55.0	32.5
91601	25.0	45.0	30.0
91637	20.0	30.0	17.5
91673	20.0	25.0	17.5
91709	35.0	27.5	20.0
91745	37.5	32.5	22.5
91781	45.0	35.0	22.5
91817	45.0	35.0	25.0
91853	47.5	30.0	22.5
91889	52.5	30.0	15.0
91925	50.0	30.0	17.5
91961	40.0	30.0	15.0
91997	32.5	27.5	20.0
92033	37.5	22.5	20.0
92069	40.0	30.0	25.0
92105	42.5	37.5	30.0
92141	50.0	35.0	30.0
92177	50.0	30.0	37.5
92213	42.5	27.5	37.5
92249	42.5	25.0	42.5
92285	35.0	25.0	37.5
92321	25.0	22.5	37.5
92357	20.0	22.5	37.5
92393	32.5	27.5	27.5
92429	42.5	32.5	20.0
92465	47.5	35.0	12.5
92501	40.0	40.0	20.0
92537	32.5	42.5	25.0
92573	32.5	45.0	27.5
92609	32.5	32.5	27.5
92645	40.0	25.0	32.5
92681	37.5	17.5	45.0
92717	40.0	20.0	47.5
92753	30.0	27.5	47.5
92789	35.0	35.0	37.5
92825	32.5	35.0	32.5
92861	27.5	35.0	30.0
92897	25.0	32.5	35.0
92933	20.0	27.5	35.0
92969	20.0	25.0	27.5
93005	25.0	25.0	27.5
93041	27.5	30.0	35.0
93077	22.5	37.5	45.0
93113	30.0	40.0	42.5
93149	42.5	32.5	40.0
93185	50.0	27.5	25.0
93221	45.0	30.0	22.5
93257	42.5	32.5	32.5
93293	45.0	42.5	40.0
93329	47.5	37.5	47.5
93365	50.0	40.0	37.5
93401	40.0	42.5	25.0
93437	40.0	37.5	22.5
93473	37.5	42.5	27.5
93509	35.0	45.0	30.0
93545	42.5	37.5	45.0
93581	37.5	45.0	45.0
93617	50.0	37.5	55.0
93653	52.5	37.5	47.5
93689	47.5	40.0	35.0
93725	37.5	42.5	37.5
93761	25.0	45.0	45.0
93797	12.5	42.5	50.0
93833	20.0	37.5	45.0
93869	20.0	35.0	40.0
93905	27.5	40.0	40.0
93941	27.5	55.0	40.0
93977	35.0	55.0	40.0
94013	27.5	50.0	47.5
94049	30.0	32.5	55.0
94085	27.5	37.5	62.5
94121	40.0	35.0	52.5
94157	50.0	37.5	45.0
94193	62.5	32.5	35.0
94229	52.5	35.0	20.0
94265	50.0	42.5	27.5
94301	40.0	45.0	27.5
94337	40.0	42.5	40.0
94373	40.0	47.5	35.0
94409	40.0	55.0	42.5
94445	37.5	52.5	37.5
94481	32.5	47.5	42.5
94517	25.0	40.0	40.0
94553	20.0	30.0	37.5
94589	20.0	27.5	50.0
94625	20.0	30.0	47.5
94661	22.5	27.5	40.0
94697	25.0	30.0	37.5
94733	22.5	27.5	35.0
94769	27.5	17.5	35.0
94805	22.5	20.0	40.0
94841	30.0	32.5	35.0
94877	27.5	47.5	32.5
94913	37.5	52.5	30.0
94949	37.5	50.0	25.0
94985	40.0	47.5	32.5
95021	30.0	45.0	32.5
95057	30.0	45.0	45.0
95093	27.5	50.0	47.5
95129	27.5	57.5	42.5
95165	40.0	50.0	40.0
95201	37.5	50.0	45.0
95237	42.5	45.0	50.0
95273	40.0	45.0	50.0
95309	37.5	45.0	40.0
95345	47.5	35.0	42.5
95381	40.0	35.0	47.5
95417	40.0	35.0	45.0
95453	37.5	40.0	37.5
95489	42.5	37.5	45.0
95525	47.5	35.0	42.5
95561	47.5	30.0	45.0
95597	42.5	30.0	45.0
95633	32.5	27.5	37.5
95669	22.5	27.5	32.5
95705	15.0	32.5	35.0
95741	15.0	30.0	40.0
95777	25.0	27.5	45.0
95813	30.0	27.5	52.5
95849	42.5	27.5	52.5
95885	40.0	20.0	45.0
95921	35.0	15.0	35.0
95957	30.0	15.0	25.0
95993	45.0	22.5	20.0
96029	52.5	20.0	25.0
96065	52.5	25.0	27.5
96101	47.5	32.5	30.0
96137	57.5	27.5	27.5
96173	62.5	30.0	25.0
96209	60.0	30.0	17.5
96245	55.0	40.0	15.0
96281	40.0	37.5	25.0
96317	40.0	40.0	22.5
96353	35.0	32.5	32.5
96389	35.0	35.0	32.5
96425	37.5	40.0	37.5
96461	42.5	35.0	50.0
96497	45.0	40.0	50.0
96533	45.0	30.0	47.5
96569	40.0	32.5	55.0
96605	40.0	35.0	50.0
96641	37.5	35.0	47.5
96677	40.0	30.0	37.5
96713	40.0	22.5	35.0
96749	47.5	15.0	32.5
96785	37.5	17.5	35.0
96821	37.5	22.5	37.5
96857	27.5	27.5	37.5
96893	35.0	25.0	37.5
96929	32.5	25.0	45.0
96965	35.0	17.5	50.0
97001	27.5	25.0	50.0
97037	35.0	22.5	47.5
97073	25.0	30.0	47.5
97109	35.0	27.5	47.5
97145	42.5	37.5	45.0
97181	45.0	40.0	45.0
97217	37.5	45.0	40.0
97253	35.0	40.0	37.5
97289	30.0	42.5	40.0
97325	22.5	30.0	40.0
97361	25.0	22.5	45.0
97397	22.5	22.5	40.0
97433	32.5	35.0	25.0
97469	30.0	37.5	25.0
97505	27.5	40.0	37.5
97541	25.0	42.5	42.5
97577	32.5	35.0	50.0
97613	35.0	37.5	42.5
97649	32.5	35.0	45.0
97685	27.5	30.0	40.0
97721	30.0	22.5	45.0
97757	40.0	17.5	45.0
97793	42.5	25.0	47.5
97829	37.5	22.5	47.5
97865	37.5	30.0	40.0
97901	35.0	35.0	32.5
97937	35.0	50.0	25.0
97973	40.0	50.0	27.5
98009	42.5	47.5	22.5
98045	50.0	32.5	30.0
98081	47.5	32.5	32.5
98117	40.0	37.5	40.0
98153	27.5	60.0	32.5
98189	30.0	62.5	27.5
98225	27.5	55.0	30.0
98261	32.5	40.0	30.0
98297	32.5	35.0	30.0
98333	37.5	35.0	22.5
98369	35.0	42.5	22.5
98405	35.0	42.5	22.5
98441	37.5	40.0	22.5
98477	45.0	37.5	27.5
98513	37.5	40.0	27.5
98549	37.5	27.5	27.5
98585	42.5	30.0	27.5
98621	52.5	25.0	32.5
98657	42.5	30.0	42.5
98693	50.0	27.5	42.5
98729	32.5	32.5	47.5
98765	35.0	32.5	42.5
98801	27.5	35.0	30.0
98837	32.5	35.0	20.0
98873	35.0	27.5	20.0
98909	32.5	30.0	32.5
98945	25.0	42.5	40.0
98981	20.0	57.5	47.5
99017	15.0	55.0	40.0
99053	25.0	60.0	35.0
99089	22.5	55.0	25.0
99125	37.5	57.5	20.0
99161	30.0	62.5	15.0
99197	30.0	60.0	20.0
99233	20.0	55.0	27.5
99269	20.0	52.5	30.0
99305	25.0	42.5	27.5
99341	35.0	40.0	27.5
99377	35.0	37.5	22.5
99413	40.0	37.5	32.5
99449	37.5	32.5	37.5
99485	45.0	30.0	40.0
99521	50.0	30.0	40.0
99557	52.5	37.5	30.0
99593	50.0	35.0	27.5
99629	40.0	32.5	32.5
99665	40.0	30.0	32.5
99701	40.0	22.5	32.5
99737	50.0	27.5	25.0
99773	52.5	32.5	17.5
99809	45.0	25.0	25.0
99845	35.0	22.5	32.5
99881	25.0	20.0	37.5
99917	25.0	25.0	42.5
99953	32.5	32.5	40.0
99989	35.0	22.5	40.0