# BASE VAL1 VAL2
# color 0:255:0 0:0:255 100:100:100
17	43.4375	35.3125	30.3125
53	43.75	35.3125	30.3125
89	44.0625	35.3125	30.625
125	44.0625	35.625	30.9375
161	44.0625	36.25	30.9375
197	43.125	38.125	30.625
233	42.8125	38.125	29.6875
269	42.5	36.875	29.375
305	42.5	37.1875	29.6875
341	41.875	37.8125	29.375
377	42.5	37.1875	29.0625
413	43.125	37.5	28.125
449	43.75	37.1875	27.1875
485	43.75	37.5	27.1875
521	44.0625	38.125	28.125
557	45.625	37.5	27.1875
593	45.9375	36.875	26.5625
629	45.625	37.5	26.5625
665	45.625	37.1875	27.5
701	45.9375	35.9375	27.5
737	46.25	36.5625	27.1875
773	46.875	36.25	27.8125
809	45.9375	37.1875	27.8125
845	47.5	37.5	27.1875
881	47.5	36.875	27.1875
917	47.1875	36.25	26.5625
953	45.625	36.875	26.875
989	45.0	36.875	27.5
1025	44.6875	36.5625	27.1875
1061	45.3125	37.5	26.875
1097	44.375	37.1875	27.5
1133	45.0	35.9375	26.875
1169	45.3125	34.6875	26.5625
1205	45.3125	34.6875	27.5
1241	45.0	35.0	27.8125
1277	46.25	34.0625	28.75
1313	46.25	34.0625	28.75
1349	45.625	34.0625	29.0625
1385	46.25	33.4375	29.6875
1421	45.0	33.125	29.0625
1457	44.6875	33.4375	27.8125
1493	44.375	32.1875	27.8125
1529	43.4375	33.125	28.4375
1565	43.4375	32.8125	29.0625
1601	44.0625	32.1875	28.75
1637	43.75	31.875	28.75
1673	42.8125	31.5625	28.125
1709	41.875	33.125	28.4375
1745	41.25	32.8125	28.75
1781	40.625	33.125	28.4375
1817	40.3125	33.4375	28.125
1853	40.0	34.375	28.4375
1889	40.0	35.0	27.8125
1925	40.3125	35.0	27.5
1961	39.6875	35.3125	26.5625
1997	40.0	35.3125	26.875
2033	39.6875	35.0	26.25
2069	39.375	35.3125	25.9375
2105	37.5	36.875	26.25
2141	37.5	38.4375	26.5625
2177	37.8125	38.125	26.875
2213	37.8125	39.375	25.625
2249	36.25	40.3125	25.9375
2285	35.0	40.0	26.25
2321	35.3125	41.875	25.9375
2357	34.0625	42.1875	25.3125
2393	33.75	42.8125	25.9375
2429	33.4375	43.125	26.875
2465	32.8125	44.0625	26.875
2501	32.5	44.375	27.1875
2537	31.5625	44.375	26.5625
2573	31.25	45.625	27.1875
2609	30.3125	47.5	27.1875
2645	30.625	47.8125	27.8125
2681	31.25	46.25	27.5
2717	31.25	45.625	27.8125
2753	30.9375	45.3125	28.4375
2789	30.9375	45.0	28.75
2825	30.9375	44.6875	28.75
2861	30.625	43.75	29.6875
2897	30.9375	44.375	30.0
2933	31.25	44.375	30.9375
2969	30.625	44.0625	30.9375
3005	30.9375	44.6875	33.125
3041	30.3125	45.0	33.4375
3077	30.9375	43.75	32.8125
3113	31.25	44.375	32.1875
3149	30.3125	45.0	32.8125
3185	29.375	45.3125	34.0625
3221	30.0	45.0	34.375
3257	30.0	45.625	34.6875
3293	29.6875	44.6875	35.3125
3329	30.3125	43.75	35.625
3365	30.625	43.75	35.3125
3401	30.0	43.75	34.6875
3437	30.625	44.0625	34.375
3473	30.0	45.3125	34.6875
3509	30.3125	43.75	35.625
3545	29.0625	44.0625	35.625
3581	29.6875	43.75	35.9375
3617	29.375	45.0	35.0
3653	29.375	47.1875	34.375
3689	29.0625	47.5	33.75
3725	28.75	48.125	34.0625
3761	26.5625	49.375	33.75
3797	27.1875	50.0	34.0625
3833	27.1875	50.9375	32.1875
3869	26.875	50.3125	32.1875
3905	25.9375	49.6875	33.125
3941	25.625	49.0625	32.5
3977	26.5625	48.75	30.625
4013	26.5625	48.125	30.0
4049	26.875	49.0625	30.9375
4085	26.875	50.0	30.3125
4121	27.8125	49.6875	28.75
4157	29.375	48.75	26.875
4193	30.625	49.0625	26.875
4229	30.9375	49.6875	26.25
4265	30.9375	49.0625	25.9375
4301	31.5625	49.375	25.3125
4337	31.5625	47.8125	25.0
4373	32.5	47.1875	25.0
4409	31.5625	47.5	25.3125
4445	31.5625	49.0625	24.375
4481	31.875	49.375	24.375
4517	31.875	49.0625	24.6875
4553	30.9375	47.5	24.6875
4589	30.0	46.25	26.25
4625	30.3125	45.625	26.5625
4661	30.3125	45.9375	26.875
4697	31.875	45.0	26.875
4733	31.875	45.0	26.5625
4769	31.5625	45.0	27.8125
4805	30.9375	44.6875	28.125
4841	31.5625	44.0625	27.8125
4877	32.1875	45.9375	27.5
4913	32.8125	45.3125	28.125
4949	32.1875	45.625	27.1875
4985	31.5625	45.0	27.5
5021	29.6875	44.6875	28.4375
5057	29.375	43.4375	29.375
5093	27.1875	42.8125	30.3125
5129	26.875	41.5625	30.3125
5165	25.0	41.25	31.875
5201	23.75	41.5625	31.875
5237	23.4375	41.875	31.5625
5273	21.875	42.8125	33.125
5309	21.875	42.8125	34.0625
5345	20.9375	42.5	33.75
5381	20.9375	40.9375	33.75
5417	20.3125	40.0	33.4375
5453	19.375	40.9375	34.0625
5489	18.4375	41.875	34.6875
5525	19.375	41.875	35.3125
5561	19.375	42.1875	34.6875
5597	18.4375	41.875	35.625
5633	17.8125	41.5625	35.3125
5669	16.5625	41.875	36.875
5705	16.25	41.5625	37.5
5741	16.5625	40.3125	37.5
5777	16.875	39.6875	38.4375
5813	16.5625	39.375	38.4375
5849	16.875	40.0	37.8125
5885	16.25	39.375	38.125
5921	16.5625	39.6875	39.0625
5957	16.875	38.4375	39.0625
5993	16.875	39.0625	38.4375
6029	15.9375	40.0	39.375
6065	15.9375	41.25	40.3125
6101	15.0	41.5625	40.3125
6137	14.6875	40.625	40.625
6173	14.6875	40.9375	40.625
6209	14.0625	40.3125	41.5625
6245	14.375	40.625	40.9375
6281	13.75	40.625	41.5625
6317	14.0625	40.3125	41.5625
6353	13.75	41.25	43.125
6389	15.3125	40.3125	42.1875
6425	16.25	38.4375	42.1875
6461	16.5625	37.8125	41.875
6497	15.3125	37.1875	41.5625
6533	15.9375	37.5	42.5
6569	16.5625	36.875	41.5625
6605	17.5	36.25	40.9375
6641	18.4375	35.625	40.0
6677	18.125	34.375	39.6875
6713	18.125	35.9375	40.0
6749	18.4375	35.625	39.375
6785	17.8125	37.5	40.9375
6821	17.5	36.25	42.1875
6857	17.5	37.1875	42.5
6893	17.5	37.1875	43.125
6929	17.1875	36.875	43.125
6965	17.1875	36.25	43.125
7001	18.4375	35.625	42.1875
7037	19.0625	35.3125	41.875
7073	20.3125	35.3125	41.5625
7109	21.5625	35.3125	40.3125
7145	23.4375	35.9375	40.0
7181	23.4375	36.5625	40.0
7217	24.6875	36.25	38.75
7253	25.9375	35.0	37.8125
7289	26.5625	35.3125	37.1875
7325	28.4375	35.9375	35.3125
7361	28.125	36.875	35.625
7397	29.375	35.9375	34.375
7433	30.625	36.25	33.4375
7469	30.9375	37.1875	32.5
7505	30.625	36.5625	31.25
7541	30.625	36.5625	31.5625
7577	30.625	36.25	32.1875
7613	31.5625	36.875	32.1875
7649	32.8125	37.5	30.0
7685	33.75	36.875	29.375
7721	33.75	36.875	28.125
7757	34.0625	36.25	27.8125
7793	34.6875	35.9375	24.6875
7829	35.625	35.3125	23.75
7865	36.25	35.0	21.875
7901	38.4375	34.6875	20.625
7937	39.375	35.9375	20.3125
7973	39.0625	35.9375	19.375
8009	38.4375	35.0	19.6875
8045	38.125	35.3125	18.75
8081	38.125	35.625	17.8125
8117	38.75	34.6875	16.5625
8153	40.0	34.6875	16.25
8189	39.6875	35.3125	15.9375
8225	39.6875	35.3125	14.6875
8261	39.375	35.0	15.0
8297	38.75	36.25	15.0
8333	39.6875	35.3125	13.75
8369	39.0625	35.9375	13.125
8405	38.75	35.9375	12.5
8441	40.3125	36.25	12.5
8477	41.5625	36.25	12.5
8513	41.875	37.8125	11.25
8549	40.625	37.5	10.9375
8585	41.25	37.8125	10.0
8621	41.25	38.4375	10.3125
8657	39.6875	38.75	10.0
8693	39.375	39.0625	9.0625
8729	39.6875	38.4375	8.75
8765	40.625	38.4375	8.75
8801	40.625	38.75	9.375
8837	40.625	39.0625	9.6875
8873	40.0	39.375	10.625
8909	40.3125	39.6875	10.0
8945	40.625	40.0	9.6875
8981	41.25	40.3125	9.0625
9017	40.625	41.25	9.0625
9053	40.9375	40.9375	9.0625
9089	40.0	40.9375	9.375
9125	39.0625	39.6875	9.375
9161	40.0	40.0	9.0625
9197	38.75	40.0	9.0625
9233	39.6875	39.375	8.75
9269	40.3125	39.6875	9.0625
9305	39.0625	40.3125	9.6875
9341	39.6875	40.625	9.375
9377	39.375	40.9375	10.0
9413	39.375	40.9375	9.375
9449	38.125	40.0	9.0625
9485	39.0625	40.625	8.4375
9521	39.6875	41.5625	8.4375
9557	39.0625	41.25	8.4375
9593	39.6875	40.625	9.0625
9629	39.0625	40.9375	9.375
9665	39.375	40.3125	9.6875
9701	39.6875	40.0	9.6875
9737	38.4375	39.375	9.6875
9773	39.375	40.3125	9.0625
9809	39.375	40.9375	8.75
9845	39.375	40.9375	9.0625
9881	38.125	40.3125	9.0625
9917	38.125	40.0	8.75
9953	39.6875	40.3125	8.75
9989	39.6875	40.625	8.75
10025	38.75	40.9375	8.4375
10061	39.375	40.9375	9.0625
10097	38.4375	42.5	8.4375
10133	37.8125	41.875	9.0625
10169	39.0625	42.1875	8.75
10205	38.125	42.5	8.4375
10241	37.5	41.5625	8.125
10277	37.5	41.25	7.8125
10313	37.1875	40.0	8.75
10349	36.5625	40.3125	8.4375
10385	35.625	39.375	8.4375
10421	35.625	40.0	7.8125
10457	35.625	39.6875	8.4375
10493	35.9375	38.4375	8.75
10529	35.625	39.6875	8.125
10565	35.625	40.0	7.8125
10601	35.9375	39.375	7.1875
10637	36.25	39.6875	7.1875
10673	36.25	39.6875	7.1875
10709	36.25	41.5625	7.1875
10745	35.9375	41.25	7.1875
10781	35.3125	39.6875	6.875
10817	35.3125	39.6875	6.5625
10853	35.0	40.3125	6.25
10889	34.6875	40.625	6.5625
10925	32.8125	39.375	6.875
10961	33.4375	39.6875	7.5
10997	34.0625	39.6875	7.1875
11033	33.75	39.375	7.1875
11069	34.375	40.0	6.875
11105	34.375	40.3125	6.875
11141	34.375	39.6875	7.1875
11177	34.0625	39.0625	7.1875
11213	33.75	39.6875	6.875
11249	33.75	39.6875	6.25
11285	34.375	39.6875	5.9375
11321	34.6875	39.0625	5.9375
11357	35.625	38.4375	5.9375
11393	35.625	39.0625	5.9375
11429	35.0	39.0625	5.3125
11465	35.9375	39.0625	5.3125
11501	35.9375	38.75	5.3125
11537	35.625	39.0625	5.625
11573	35.0	40.3125	5.625
11609	35.3125	40.9375	5.9375
11645	34.375	40.3125	7.1875
11681	33.125	38.75	7.5
11717	33.75	39.0625	7.5
11753	34.375	41.5625	7.5
11789	35.3125	43.125	7.5
11825	35.625	42.8125	7.5
11861	36.5625	43.125	7.1875
11897	36.875	44.0625	7.8125
11933	36.875	45.625	7.1875
11969	38.125	44.6875	6.875
12005	36.5625	43.125	8.125
12041	36.875	42.5	8.125
12077	37.5	43.125	7.5
12113	36.875	43.4375	7.1875
12149	36.875	44.0625	7.1875
12185	37.8125	43.4375	7.5
12221	37.5	45.0	7.5
12257	37.5	45.0	7.1875
12293	36.5625	45.9375	7.5
12329	35.625	45.9375	7.5
12365	35.625	45.9375	7.5
12401	34.6875	45.9375	7.8125
12437	35.3125	45.9375	7.8125
12473	35.3125	44.6875	7.8125
12509	35.3125	45.9375	7.5
12545	33.75	45.3125	7.1875
12581	34.6875	45.625	6.5625
12617	35.3125	45.9375	6.25
12653	36.25	47.1875	6.5625
12689	35.625	47.1875	6.5625
12725	34.0625	45.3125	6.875
12761	34.375	44.6875	6.875
12797	34.0625	45.0	6.5625
12833	34.0625	45.625	6.25
12869	34.375	45.3125	5.9375
12905	34.0625	45.0	6.25
12941	34.6875	45.3125	5.9375
12977	35.3125	45.625	5.625
13013	35.3125	46.25	5.625
13049	35.3125	46.5625	5.625
13085	35.3125	46.5625	5.625
13121	35.625	47.1875	5.625
13157	35.3125	46.5625	5.3125
13193	35.9375	46.25	5.3125
13229	36.25	45.625	5.625
13265	36.875	47.8125	5.3125
13301	37.8125	49.0625	5.0
13337	38.125	48.75	4.6875
13373	37.8125	48.75	4.6875
13409	35.9375	48.75	5.9375
13445	35.0	48.75	6.25
13481	35.3125	48.125	7.1875
13517	35.3125	46.875	8.4375
13553	35.0	45.9375	9.0625
13589	35.0	45.3125	8.75
13625	34.375	45.3125	9.375
13661	33.75	44.375	10.625
13697	34.0625	44.6875	10.9375
13733	32.8125	45.0	12.1875
13769	32.8125	43.75	12.5
13805	33.125	44.0625	12.1875
13841	32.5	44.0625	12.8125
13877	30.9375	44.6875	14.0625
13913	31.25	45.3125	14.6875
13949	30.625	45.0	15.625
13985	30.0	44.6875	17.5
14021	29.6875	44.375	18.4375
14057	30.3125	43.4375	19.6875
14093	31.25	43.125	20.625
14129	30.0	43.125	21.25
14165	29.0625	42.5	21.875
14201	28.75	41.5625	21.875
14237	28.75	41.25	22.5
14273	27.8125	41.25	24.0625
14309	27.5	39.375	25.9375
14345	28.4375	38.125	26.5625
14381	30.0	38.75	26.25
14417	32.1875	37.8125	26.875
14453	32.8125	38.75	26.875
14489	33.125	38.75	26.875
14525	32.8125	38.4375	26.875
14561	32.1875	40.3125	28.75
14597	32.1875	39.6875	27.8125
14633	32.1875	40.9375	27.1875
14669	32.1875	40.9375	27.5
14705	31.875	40.3125	29.0625
14741	30.3125	41.25	30.3125
14777	28.75	40.9375	31.5625
14813	28.75	39.375	33.125
14849	29.375	40.3125	32.8125
14885	28.125	39.6875	33.125
14921	28.75	39.375	33.75
14957	28.4375	37.8125	34.0625
14993	28.4375	37.5	35.0
15029	27.8125	38.4375	35.625
15065	28.125	37.8125	36.875
15101	27.5	37.8125	37.1875
15137	29.375	38.75	37.8125
15173	28.75	38.125	40.3125
15209	29.375	36.25	41.25
15245	29.0625	36.5625	42.1875
15281	29.0625	37.5	41.5625
15317	28.125	37.5	43.125
15353	27.1875	37.1875	43.4375
15389	27.8125	37.5	42.5
15425	28.4375	36.875	43.125
15461	28.75	36.875	43.125
15497	29.375	36.25	42.1875
15533	29.375	35.3125	42.1875
15569	30.0	34.375	42.8125
15605	30.3125	33.75	41.875
15641	30.625	33.125	41.5625
15677	31.25	34.6875	40.9375
15713	31.5625	36.25	40.625
15749	31.5625	37.1875	39.375
15785	31.5625	37.1875	38.75
15821	31.25	36.875	38.125
15857	32.5	36.875	38.75
15893	32.5	37.5	38.75
15929	32.8125	39.375	37.1875
15965	32.1875	41.5625	36.25
16001	32.1875	41.25	35.625
16037	30.9375	43.125	35.9375
16073	29.6875	43.4375	35.9375
16109	29.375	44.375	35.0
16145	30.0	44.0625	33.4375
16181	30.3125	44.6875	33.4375
16217	30.9375	45.3125	33.75
16253	30.3125	45.9375	33.125
16289	30.3125	46.875	31.875
16325	30.0	48.4375	31.875
16361	28.75	49.0625	30.9375
16397	28.125	49.375	30.9375
16433	27.1875	50.3125	31.25
16469	26.875	51.25	32.1875
16505	27.1875	51.25	31.25
16541	27.1875	52.1875	30.9375
16577	27.5	51.5625	31.25
16613	27.8125	50.9375	30.9375
16649	27.5	50.0	30.625
16685	26.875	49.6875	32.5
16721	27.1875	49.6875	33.4375
16757	28.125	49.0625	32.1875
16793	27.8125	47.5	32.1875
16829	26.875	48.75	31.875
16865	26.5625	48.125	33.125
16901	26.5625	47.8125	34.375
16937	27.8125	47.1875	33.75
16973	28.125	46.25	34.375
17009	29.0625	44.375	34.375
17045	29.375	42.8125	35.625
17081	30.0	41.25	37.5
17117	29.6875	41.5625	39.0625
17153	29.6875	40.625	39.375
17189	29.6875	40.0	40.0
17225	30.0	39.375	40.625
17261	30.3125	37.5	42.5
17297	31.25	35.9375	44.0625
17333	31.25	34.0625	45.3125
17369	32.1875	33.75	45.625
17405	33.125	34.0625	45.3125
17441	33.4375	33.4375	45.9375
17477	33.75	32.1875	47.5
17513	33.125	33.4375	47.8125
17549	32.5	32.5	49.375
17585	33.75	32.1875	49.6875
17621	34.375	32.5	49.0625
17657	35.9375	30.3125	49.375
17693	35.625	30.0	48.75
17729	35.625	30.625	50.625
17765	36.25	30.625	51.25
17801	36.25	29.375	51.25
17837	36.25	29.375	50.0
17873	36.875	27.5	49.6875
17909	36.5625	27.1875	50.9375
17945	36.875	27.1875	51.25
17981	36.5625	26.875	52.1875
18017	35.9375	28.4375	50.9375
18053	35.625	29.375	50.0
18089	35.625	29.375	49.0625
18125	35.625	30.3125	47.8125
18161	36.25	30.9375	47.5
18197	36.25	31.25	46.875
18233	35.9375	31.875	45.9375
18269	36.25	32.5	45.3125
18305	36.875	33.125	45.0
18341	35.9375	32.5	45.625
18377	35.0	33.125	45.625
18413	35.9375	33.4375	43.75
18449	35.9375	34.6875	42.8125
18485	35.625	34.6875	42.5
18521	36.5625	35.3125	41.875
18557	35.3125	35.9375	41.25
18593	35.0	36.25	41.5625
18629	34.0625	37.5	41.5625
18665	33.4375	36.5625	43.4375
18701	33.4375	38.125	41.5625
18737	33.75	38.4375	40.625
18773	34.0625	38.75	39.0625
18809	33.75	39.0625	38.4375
18845	33.75	40.3125	37.1875
18881	33.125	41.25	36.25
18917	33.4375	41.875	35.0
18953	33.75	42.8125	33.75
18989	34.375	42.5	32.8125
19025	33.75	43.75	32.8125
19061	32.8125	43.75	33.4375
19097	33.125	42.8125	32.1875
19133	32.5	43.75	31.5625
19169	31.875	45.3125	30.3125
19205	31.25	45.3125	29.0625
19241	30.625	45.9375	29.6875
19277	29.6875	47.1875	29.6875
19313	29.375	48.125	30.3125
19349	30.0	48.4375	30.0
19385	29.0625	46.25	30.625
19421	28.125	45.625	31.25
19457	28.4375	45.625	32.5
19493	28.4375	45.0	32.5
19529	29.0625	43.4375	33.4375
19565	29.0625	41.5625	33.4375
19601	30.0	40.3125	33.4375
19637	31.25	39.6875	33.4375
19673	30.625	38.125	34.6875
19709	30.9375	37.5	36.5625
19745	30.9375	37.5	36.25
19781	30.9375	36.5625	37.5
19817	31.25	36.5625	37.8125
19853	30.9375	34.6875	37.8125
19889	31.875	33.75	38.4375
19925	31.875	32.1875	38.75
19961	32.1875	31.5625	39.0625
19997	31.875	30.625	39.6875
20033	33.125	30.3125	40.625
20069	33.125	29.375	42.8125
20105	33.125	28.125	42.8125
20141	32.1875	27.1875	43.75
20177	32.8125	26.875	43.4375
20213	33.125	26.875	42.1875
20249	33.75	25.9375	41.875
20285	33.4375	25.625	41.875
20321	33.75	25.0	42.8125
20357	35.0	26.5625	41.875
20393	34.375	26.5625	42.1875
20429	35.3125	26.875	41.5625
20465	35.625	28.75	40.625
20501	34.375	30.0	40.9375
20537	34.375	31.25	40.625
20573	33.75	32.1875	39.375
20609	33.75	32.5	38.75
20645	33.4375	33.4375	37.8125
20681	31.875	34.6875	37.5
20717	30.3125	36.5625	38.125
20753	29.6875	37.5	37.8125
20789	28.75	37.5	36.5625
20825	28.4375	36.875	36.875
20861	27.1875	37.1875	38.125
20897	28.125	37.8125	38.75
20933	27.8125	38.75	38.125
20969	28.75	38.125	38.4375
21005	28.4375	37.8125	37.5
21041	28.4375	39.375	37.8125
21077	30.0	38.125	39.375
21113	30.625	38.125	39.0625
21149	30.3125	38.4375	39.375
21185	30.625	37.8125	40.3125
21221	30.9375	38.125	40.3125
21257	30.625	38.125	40.625
21293	31.25	37.8125	40.3125
21329	32.5	35.9375	41.25
21365	31.875	35.9375	41.875
21401	31.875	35.0	42.1875
21437	32.8125	33.75	42.8125
21473	33.4375	32.8125	43.4375
21509	35.3125	31.25	44.375
21545	34.0625	32.1875	46.25
21581	35.0	32.1875	46.5625
21617	36.25	31.25	46.25
21653	37.1875	30.0	47.1875
21689	37.5	29.0625	46.875
21725	38.75	28.4375	47.5
21761	40.625	28.125	49.0625
21797	42.1875	28.4375	48.4375
21833	40.9375	29.375	47.8125
21869	39.375	29.0625	46.25
21905	38.75	27.8125	46.25
21941	38.4375	28.4375	45.625
21977	37.5	28.75	45.0
22013	36.25	29.0625	45.0
22049	35.0	30.0	44.0625
22085	34.375	28.75	45.0
22121	34.375	29.0625	43.4375
22157	32.8125	28.75	43.4375
22193	32.1875	29.375	43.75
22229	31.5625	29.375	43.4375
22265	30.0	30.3125	42.8125
22301	29.6875	30.9375	42.1875
22337	29.375	30.9375	41.5625
22373	28.4375	30.9375	40.9375
22409	28.125	31.5625	40.625
22445	27.1875	32.5	39.375
22481	25.9375	32.8125	38.4375
22517	25.0	32.1875	38.4375
22553	24.0625	33.125	37.8125
22589	23.4375	32.5	37.1875
22625	23.125	32.1875	38.125
22661	22.1875	31.875	38.75
22697	22.1875	32.1875	38.4375
22733	20.9375	32.5	38.75
22769	20.625	32.1875	39.375
22805	20.625	31.5625	39.6875
22841	21.25	31.875	40.625
22877	22.1875	31.875	40.3125
22913	23.125	31.875	39.6875
22949	24.375	31.5625	40.3125
22985	25.0	30.625	39.6875
23021	25.0	30.625	40.9375
23057	25.3125	30.625	40.0
23093	25.3125	29.6875	41.25
23129	26.5625	30.0	40.9375
23165	27.5	29.6875	39.6875
23201	28.75	29.375	39.375
23237	29.375	30.3125	39.0625
23273	29.0625	29.0625	39.0625
23309	30.0	27.8125	39.375
23345	31.25	28.125	38.125
23381	32.1875	28.4375	37.5
23417	32.5	28.4375	38.4375
23453	32.8125	28.4375	37.8125
23489	32.8125	28.75	36.5625
23525	34.0625	28.4375	35.9375
23561	34.6875	28.75	34.6875
23597	35.625	28.125	33.4375
23633	35.9375	26.875	32.1875
23669	35.9375	28.125	30.0
23705	35.9375	29.0625	29.375
23741	35.9375	29.375	27.8125
23777	35.9375	30.0	27.5
23813	36.25	30.625	26.875
23849	35.0	31.875	28.125
23885	34.0625	32.1875	28.4375
23921	32.8125	32.1875	28.125
23957	33.4375	32.5	28.125
23993	33.75	33.125	27.1875
24029	33.75	33.125	27.8125
24065	34.0625	34.375	26.875
24101	34.6875	33.75	27.1875
24137	32.8125	35.0	28.4375
24173	32.1875	36.5625	27.8125
24209	31.875	37.5	28.75
24245	31.25	39.375	28.125
24281	30.3125	40.9375	27.5
24317	30.0	41.25	28.125
24353	29.6875	40.0	29.375
24389	30.3125	40.625	28.75
24425	30.0	40.0	29.0625
24461	30.3125	39.375	29.375
24497	29.6875	38.75	30.3125
24533	30.9375	38.75	30.3125
24569	31.25	39.375	30.3125
24605	31.875	40.625	30.625
24641	32.8125	39.6875	31.25
24677	33.4375	39.0625	31.5625
24713	33.4375	38.4375	32.1875
24749	32.8125	37.8125	32.5
24785	33.4375	36.5625	32.8125
24821	34.0625	35.625	31.5625
24857	34.0625	36.25	30.9375
24893	33.75	35.3125	30.625
24929	33.4375	35.625	30.625
24965	34.0625	35.625	31.5625
25001	33.75	35.3125	30.9375
25037	33.4375	34.6875	30.625
25073	32.8125	35.0	30.9375
25109	34.0625	33.75	29.375
25145	33.4375	33.75	30.3125
25181	34.0625	32.5	30.3125
25217	34.375	31.875	30.0
25253	36.25	30.625	31.875
25289	34.6875	30.9375	32.1875
25325	34.0625	31.25	30.3125
25361	33.125	30.9375	31.875
25397	32.5	31.875	31.875
25433	31.25	32.8125	32.1875
25469	30.625	34.6875	32.5
25505	28.4375	34.0625	33.4375
25541	28.4375	34.0625	34.375
25577	26.875	34.0625	34.375
25613	26.25	34.0625	35.3125
25649	25.625	34.0625	36.25
25685	25.625	34.6875	36.875
25721	25.625	34.0625	36.5625
25757	25.0	34.375	37.5
25793	24.375	35.0	37.8125
25829	25.0	35.0	38.4375
25865	25.9375	34.6875	39.375
25901	26.875	35.0	39.6875
25937	27.1875	35.0	39.375
25973	26.875	34.6875	40.3125
26009	26.875	34.0625	41.25
26045	26.5625	33.4375	41.5625
26081	26.25	33.4375	43.125
26117	26.25	31.875	43.4375
26153	26.875	30.9375	43.75
26189	25.9375	30.625	44.0625
26225	26.5625	30.625	43.125
26261	26.875	30.9375	43.4375
26297	27.5	30.0	43.4375
26333	27.8125	29.6875	44.375
26369	29.375	29.0625	44.0625
26405	30.625	29.0625	43.4375
26441	31.5625	28.125	42.1875
26477	32.8125	28.75	41.5625
26513	34.375	28.4375	41.5625
26549	35.0	28.75	40.625
26585	35.3125	28.75	39.0625
26621	35.625	29.0625	38.125
26657	35.3125	28.75	37.1875
26693	37.1875	28.4375	36.875
26729	36.5625	28.4375	35.625
26765	37.5	28.4375	34.375
26801	37.1875	29.0625	32.8125
26837	38.4375	29.0625	30.3125
26873	37.1875	29.0625	29.6875
26909	36.875	30.0	28.4375
26945	38.125	31.875	27.1875
26981	38.4375	31.875	26.25
27017	38.75	31.5625	25.625
27053	39.0625	33.125	23.75
27089	39.6875	33.4375	21.875
27125	40.9375	34.6875	20.9375
27161	41.875	35.3125	20.0
27197	41.25	34.6875	20.0
27233	40.9375	35.3125	19.375
27269	40.3125	35.9375	18.125
27305	40.9375	35.625	16.5625
27341	40.3125	35.0	16.5625
27377	40.0	34.375	16.5625
27413	40.0	33.75	16.25
27449	39.0625	34.0625	16.25
27485	38.75	34.375	16.5625
27521	38.75	35.0	15.625
27557	38.75	35.3125	15.3125
27593	38.75	35.3125	14.6875
27629	39.0625	35.9375	14.375
27665	38.75	36.5625	14.0625
27701	38.75	37.5	15.0
27737	38.75	38.4375	15.0
27773	37.5	38.4375	16.5625
27809	38.4375	38.125	17.1875
27845	39.0625	39.0625	17.1875
27881	39.375	38.75	16.875
27917	39.0625	38.4375	16.875
27953	40.0	38.75	16.5625
27989	40.9375	37.8125	17.1875
28025	40.0	36.5625	18.125
28061	39.375	36.5625	18.125
28097	37.8125	37.8125	17.5
28133	37.1875	37.8125	17.1875
28169	37.5	38.4375	17.8125
28205	38.125	39.375	17.1875
28241	39.0625	38.4375	17.8125
28277	38.75	39.375	18.4375
28313	39.375	40.3125	19.0625
28349	39.6875	41.25	18.75
28385	39.375	41.25	18.75
28421	39.6875	41.875	18.125
28457	40.625	42.5	18.125
28493	41.25	43.4375	18.75
28529	41.25	43.125	18.125
28565	40.625	42.5	18.4375
28601	40.3125	41.875	19.0625
28637	40.3125	42.1875	19.0625
28673	40.0	41.25	18.75
28709	40.625	40.3125	18.75
28745	41.25	40.3125	18.4375
28781	40.3125	40.0	17.8125
28817	40.3125	39.375	16.875
28853	40.0	38.75	17.8125
28889	39.6875	39.375	18.125
28925	40.0	40.0	17.8125
28961	38.75	40.3125	18.125
28997	40.0	40.625	17.5
29033	40.0	40.3125	19.0625
29069	40.625	39.6875	19.0625
29105	40.625	39.375	18.125
29141	40.9375	39.0625	17.8125
29177	41.25	38.125	17.5
29213	40.3125	38.125	17.1875
29249	40.625	37.5	17.5
29285	40.0	36.5625	16.875
29321	39.375	36.25	17.5
29357	38.4375	36.25	17.1875
29393	37.5	35.9375	16.5625
29429	36.5625	35.625	15.9375
29465	37.5	35.0	16.875
29501	37.1875	34.6875	17.5
29537	36.25	35.3125	18.125
29573	37.5	35.9375	17.8125
29609	37.1875	36.25	16.875
29645	35.9375	37.1875	17.5
29681	35.9375	37.1875	17.1875
29717	35.9375	36.5625	17.1875
29753	35.9375	36.875	18.4375
29789	36.5625	37.1875	19.0625
29825	36.25	36.5625	20.0
29861	34.6875	34.375	20.625
29897	35.0	34.375	21.25
29933	35.3125	35.0	21.5625
29969	34.0625	34.375	22.1875
30005	35.0	34.0625	22.8125
30041	34.6875	34.375	23.4375
30077	35.0	34.0625	23.75
30113	35.3125	34.0625	24.375
30149	35.3125	34.375	25.0
30185	35.9375	34.375	24.6875
30221	36.875	35.0	24.0625
30257	36.25	35.9375	25.3125
30293	36.5625	36.25	26.25
30329	36.875	36.5625	27.5
30365	36.5625	36.5625	27.5
30401	37.1875	35.625	27.5
30437	35.625	35.625	27.5
30473	35.625	35.0	27.1875
30509	34.6875	35.3125	26.875
30545	34.0625	34.375	27.1875
30581	35.3125	33.75	26.875
30617	35.3125	32.1875	28.4375
30653	35.625	31.5625	29.375
30689	35.3125	31.5625	30.625
30725	35.3125	31.25	30.625
30761	32.8125	31.25	31.25
30797	33.75	31.25	31.25
30833	33.75	30.625	31.25
30869	33.4375	30.0	30.625
30905	32.8125	29.0625	31.875
30941	32.1875	28.125	31.5625
30977	31.875	27.8125	31.875
31013	32.1875	27.1875	32.5
31049	31.5625	26.875	32.5
31085	30.625	25.9375	31.875
31121	30.625	25.0	31.5625
31157	30.3125	24.6875	32.8125
31193	30.0	26.25	33.75
31229	30.3125	25.625	34.6875
31265	30.3125	25.625	35.625
31301	29.6875	26.25	36.5625
31337	28.4375	27.5	37.1875
31373	28.125	28.75	37.8125
31409	29.0625	29.0625	38.75
31445	29.375	30.0	39.0625
31481	29.375	29.375	40.625
31517	27.5	31.875	43.4375
31553	26.5625	34.375	44.6875
31589	25.625	35.9375	44.6875
31625	25.0	36.25	45.3125
31661	24.6875	37.1875	44.375
31697	24.6875	37.8125	44.6875
31733	25.625	37.8125	44.0625
31769	24.0625	40.0	44.375
31805	24.0625	40.9375	44.0625
31841	25.0	41.875	44.0625
31877	24.375	42.8125	44.0625
31913	23.75	43.75	44.375
31949	24.0625	44.375	44.0625
31985	22.5	46.875	45.625
32021	22.1875	47.5	47.1875
32057	21.25	49.6875	48.4375
32093	20.9375	50.625	48.75
32129	20.0	50.625	48.75
32165	19.0625	50.0	48.125
32201	18.125	50.9375	47.5
32237	18.4375	51.875	46.875
32273	20.0	50.3125	45.625
32309	19.375	50.0	45.9375
32345	20.0	48.75	47.1875
32381	19.6875	48.75	47.8125
32417	19.6875	49.375	47.8125
32453	20.0	49.375	46.5625
32489	20.0	48.4375	44.6875
32525	20.625	48.125	44.375
32561	20.625	49.0625	42.1875
32597	20.3125	49.375	42.1875
32633	21.25	48.75	42.1875
32669	20.625	49.375	43.125
32705	20.0	50.0	43.125
32741	20.0	50.0	43.4375
32777	19.375	50.9375	43.75
32813	19.6875	51.5625	44.0625
32849	20.0	52.1875	44.0625
32885	19.6875	53.125	43.75
32921	18.75	53.75	43.75
32957	18.75	52.8125	43.75
32993	18.75	51.875	43.75
33029	18.4375	52.1875	43.4375
33065	18.125	53.125	44.6875
33101	18.75	52.1875	44.375
33137	20.0	52.1875	44.375
33173	20.9375	50.0	45.625
33209	21.25	50.9375	45.9375
33245	20.3125	51.25	45.9375
33281	20.3125	51.875	45.0
33317	20.3125	52.1875	43.75
33353	20.0	52.5	43.4375
33389	19.375	52.5	44.0625
33425	19.6875	51.875	44.6875
33461	20.0	50.9375	45.9375
33497	20.3125	49.6875	45.625
33533	20.625	49.6875	46.25
33569	19.6875	49.6875	46.875
33605	20.0	50.0	46.5625
33641	20.625	48.125	46.5625
33677	22.1875	47.5	45.9375
33713	22.8125	45.9375	46.5625
33749	22.5	45.0	46.875
33785	23.75	44.0625	46.5625
33821	24.0625	42.5	48.125
33857	24.375	41.25	47.8125
33893	25.625	40.0	47.8125
33929	27.1875	39.6875	46.25
33965	28.125	39.375	46.25
34001	28.75	37.5	46.875
34037	29.6875	35.9375	47.1875
34073	29.375	35.625	47.8125
34109	30.625	34.0625	47.8125
34145	30.625	33.4375	48.125
34181	31.875	32.1875	47.8125
34217	32.1875	31.5625	47.8125
34253	32.1875	31.25	49.0625
34289	32.8125	30.625	49.6875
34325	34.0625	30.0	50.0
34361	34.375	30.0	48.4375
34397	35.3125	28.75	49.375
34433	35.625	28.125	49.375
34469	36.25	26.875	49.6875
34505	37.1875	25.625	49.6875
34541	37.5	25.625	50.0
34577	37.8125	25.625	50.3125
34613	37.5	25.3125	50.9375
34649	37.1875	24.375	52.1875
34685	37.8125	24.0625	50.9375
34721	37.5	24.375	51.25
34757	36.5625	24.6875	50.3125
34793	35.9375	24.375	50.9375
34829	36.5625	24.375	50.3125
34865	35.0	24.375	49.375
34901	35.3125	24.375	50.3125
34937	35.9375	23.4375	50.9375
34973	36.25	24.0625	49.375
35009	35.3125	25.3125	48.75
35045	35.0	25.625	48.75
35081	34.6875	25.9375	49.0625
35117	34.375	25.3125	48.75
35153	32.5	25.3125	49.375
35189	32.5	25.0	50.0
35225	32.5	25.0	48.4375
35261	32.1875	25.625	46.5625
35297	30.9375	25.625	46.875
35333	32.1875	25.0	47.1875
35369	31.5625	25.0	47.8125
35405	30.9375	25.0	47.8125
35441	31.5625	24.375	48.4375
35477	30.9375	25.0	48.75
35513	30.625	24.6875	48.75
35549	32.5	25.625	48.125
35585	33.125	25.9375	49.0625
35621	33.4375	25.9375	48.75
35657	34.375	25.3125	49.375
35693	35.625	26.25	47.8125
35729	36.25	25.9375	49.0625
35765	37.1875	25.625	48.75
35801	36.5625	26.5625	48.4375
35837	36.5625	27.1875	49.0625
35873	36.875	27.1875	49.375
35909	37.5	27.1875	48.75
35945	38.75	26.25	50.3125
35981	39.375	25.625	50.0
36017	39.375	25.3125	50.9375
36053	39.0625	26.5625	50.625
36089	40.0	26.875	51.5625
36125	41.5625	26.5625	50.9375
36161	41.5625	25.625	52.5
36197	41.25	25.3125	54.6875
36233	41.5625	25.3125	56.25
36269	41.5625	25.625	55.3125
36305	40.9375	25.9375	56.25
36341	41.5625	25.9375	55.625
36377	42.5	26.25	56.25
36413	41.5625	25.625	55.3125
36449	41.875	26.5625	54.6875
36485	42.5	25.3125	55.3125
36521	42.5	24.375	55.0
36557	42.1875	24.375	54.0625
36593	42.1875	24.0625	54.6875
36629	40.9375	24.375	55.9375
36665	40.3125	22.8125	55.9375
36701	40.625	23.4375	56.25
36737	40.9375	22.8125	56.25
36773	41.875	22.1875	57.5
36809	42.1875	21.5625	57.5
36845	42.1875	21.25	57.8125
36881	42.1875	21.875	58.125
36917	40.625	22.1875	58.125
36953	40.0	21.5625	58.125
36989	40.0	22.5	57.1875
37025	39.6875	21.875	57.5
37061	38.125	22.1875	56.875
37097	37.1875	22.8125	57.1875
37133	37.5	23.125	55.625
37169	37.1875	22.5	55.3125
37205	37.5	21.875	55.3125
37241	37.5	21.5625	55.0
37277	36.5625	21.875	54.375
37313	36.5625	21.875	54.375
37349	35.625	22.1875	54.6875
37385	35.0	22.8125	54.0625
37421	34.0625	22.8125	54.375
37457	32.8125	23.125	55.3125
37493	32.1875	23.75	54.6875
37529	30.9375	24.6875	53.75
37565	30.625	24.375	52.8125
37601	30.3125	24.6875	51.875
37637	30.0	25.3125	51.875
37673	28.75	25.0	52.1875
37709	27.8125	25.0	51.875
37745	27.1875	24.375	51.875
37781	25.9375	24.6875	51.5625
37817	25.3125	24.6875	51.875
37853	25.9375	24.6875	50.625
37889	25.9375	24.6875	50.3125
37925	25.3125	25.3125	50.3125
37961	24.375	24.6875	50.625
37997	25.625	25.0	50.3125
38033	26.875	23.75	50.9375
38069	26.5625	23.125	51.5625
38105	27.1875	23.4375	50.625
38141	26.5625	24.375	50.3125
38177	26.25	24.0625	51.25
38213	26.5625	24.6875	50.3125
38249	27.1875	25.0	49.6875
38285	29.0625	23.75	49.6875
38321	31.25	22.8125	49.0625
38357	32.5	21.5625	51.25
38393	33.125	20.9375	51.5625
38429	33.75	20.625	50.9375
38465	33.75	21.25	51.25
38501	34.375	20.625	51.875
38537	34.0625	21.5625	51.875
38573	33.4375	22.1875	52.1875
38609	34.0625	21.875	51.25
38645	34.375	21.875	51.875
38681	34.0625	22.8125	51.875
38717	33.4375	22.8125	50.9375
38753	33.75	21.875	51.5625
38789	33.125	20.9375	52.5
38825	32.8125	21.875	51.875
38861	34.0625	22.1875	51.25
38897	35.3125	21.25	50.9375
38933	35.9375	20.625	50.9375
38969	35.625	20.9375	49.6875
39005	35.625	22.1875	48.4375
39041	35.625	23.125	48.125
39077	37.5	22.1875	48.4375
39113	37.8125	22.8125	48.4375
39149	37.5	23.4375	47.1875
39185	37.1875	22.8125	46.875
39221	36.25	22.8125	47.1875
39257	35.0	22.5	47.8125
39293	33.4375	23.75	46.5625
39329	32.8125	24.6875	45.9375
39365	33.125	24.375	46.25
39401	33.4375	24.375	45.625
39437	32.8125	23.75	47.1875
39473	33.125	23.4375	47.5
39509	33.125	23.125	46.5625
39545	33.4375	22.5	46.875
39581	33.75	24.0625	46.875
39617	34.0625	23.4375	45.3125
39653	34.6875	23.75	45.0
39689	35.3125	23.75	45.625
39725	35.625	25.0	45.3125
39761	37.8125	24.375	45.625
39797	37.1875	24.0625	45.625
39833	37.1875	24.0625	45.625
39869	36.875	25.0	45.3125
39905	36.5625	25.9375	46.25
39941	36.25	26.875	46.875
39977	36.5625	25.9375	47.5
40013	36.5625	25.3125	47.5
40049	35.9375	25.625	46.875
40085	35.625	25.625	47.5
40121	35.9375	25.3125	48.75
40157	35.0	25.9375	49.0625
40193	35.625	26.25	48.75
40229	36.25	26.5625	48.75
40265	35.625	25.9375	48.75
40301	35.625	26.25	48.4375
40337	35.3125	26.5625	48.125
40373	35.0	26.875	47.5
40409	35.9375	26.875	46.875
40445	35.625	27.8125	45.625
40481	36.875	28.125	45.3125
40517	37.5	27.5	45.625
40553	37.5	26.875	46.25
40589	36.875	26.875	46.25
40625	37.1875	27.1875	46.875
40661	36.5625	27.8125	45.625
40697	35.625	28.125	44.375
40733	34.375	29.0625	44.0625
40769	34.0625	30.0	44.0625
40805	33.125	30.3125	42.8125
40841	34.0625	29.375	42.5
40877	33.125	28.4375	42.1875
40913	33.125	28.125	41.875
40949	31.5625	28.125	41.5625
40985	32.8125	28.125	42.5
41021	33.4375	27.8125	40.9375
41057	33.125	27.8125	40.9375
41093	34.0625	27.8125	39.6875
41129	35.0	27.8125	39.6875
41165	34.0625	28.125	40.0
41201	34.6875	27.5	40.0
41237	35.3125	26.875	40.9375
41273	35.625	26.25	40.625
41309	35.0	26.5625	40.3125
41345	34.6875	26.875	41.25
41381	33.75	27.5	40.625
41417	33.75	26.5625	41.5625
41453	34.0625	25.9375	41.875
41489	34.6875	24.6875	42.8125
41525	32.8125	24.6875	44.0625
41561	34.0625	24.0625	44.6875
41597	33.4375	23.75	43.75
41633	34.375	23.4375	44.375
41669	34.6875	22.8125	45.625
41705	35.625	22.1875	46.25
41741	36.25	20.9375	47.5
41777	36.5625	20.3125	48.4375
41813	36.25	20.625	49.375
41849	36.875	20.0	50.0
41885	37.5	20.3125	50.0
41921	37.1875	20.625	48.75
41957	36.25	21.875	48.4375
41993	36.25	21.875	48.75
42029	36.25	21.875	48.125
42065	35.9375	21.875	49.0625
42101	35.9375	22.5	48.4375
42137	36.875	23.125	48.75
42173	36.25	24.375	47.8125
42209	36.875	25.0	47.8125
42245	36.875	24.6875	46.875
42281	37.5	24.375	46.875
42317	38.125	24.6875	45.0
42353	37.5	25.0	45.0
42389	38.125	24.375	45.0
42425	37.5	24.375	44.0625
42461	38.4375	25.0	42.1875
42497	39.6875	25.625	40.0
42533	40.0	25.625	40.9375
42569	41.5625	25.625	41.25
42605	41.5625	25.625	40.3125
42641	40.625	26.25	39.6875
42677	41.25	26.875	40.0
42713	41.5625	27.8125	38.75
42749	41.875	27.8125	38.4375
42785	42.8125	28.4375	37.5
42821	42.8125	28.4375	36.5625
42857	43.4375	27.8125	36.5625
42893	43.4375	27.5	37.8125
42929	42.5	28.125	38.4375
42965	43.125	27.8125	38.75
43001	43.125	27.8125	39.0625
43037	43.125	26.5625	38.125
43073	43.4375	26.25	38.4375
43109	43.4375	26.5625	37.8125
43145	44.375	25.9375	37.1875
43181	44.0625	26.25	37.8125
43217	44.6875	26.875	38.125
43253	44.375	25.9375	39.375
43289	43.4375	27.1875	40.0
43325	43.75	28.125	39.0625
43361	43.75	28.125	39.0625
43397	43.4375	29.0625	39.0625
43433	44.0625	28.125	40.0
43469	42.8125	29.6875	39.375
43505	42.1875	29.6875	39.375
43541	41.5625	30.9375	38.125
43577	41.25	30.0	39.0625
43613	41.25	30.0	38.4375
43649	40.3125	30.625	37.5
43685	39.375	31.5625	37.1875
43721	39.6875	31.5625	37.1875
43757	39.6875	30.9375	37.5
43793	40.625	31.5625	36.875
43829	41.25	31.5625	35.9375
43865	42.8125	30.625	35.625
43901	43.125	29.375	35.9375
43937	42.5	30.625	35.3125
43973	43.75	31.25	34.0625
44009	43.75	31.875	34.375
44045	43.125	32.5	33.75
44081	43.4375	32.1875	35.0
44117	43.125	32.1875	34.375
44153	43.125	31.875	33.75
44189	42.8125	31.5625	33.125
44225	43.4375	32.5	32.8125
44261	44.0625	30.9375	32.5
44297	43.4375	31.875	33.75
44333	44.375	31.5625	33.4375
44369	43.75	32.1875	32.8125
44405	43.75	33.125	33.125
44441	44.0625	31.875	33.4375
44477	44.0625	33.125	32.8125
44513	45.9375	31.875	32.8125
44549	46.25	32.5	33.125
44585	46.25	33.75	31.875
44621	45.9375	33.4375	32.8125
44657	46.875	32.8125	32.1875
44693	46.875	32.8125	31.875
44729	47.1875	32.8125	31.25
44765	45.9375	33.4375	30.9375
44801	45.625	33.75	31.875
44837	45.625	33.4375	31.25
44873	45.625	34.375	30.9375
44909	46.25	33.4375	32.1875
44945	45.3125	34.6875	32.1875
44981	45.625	34.6875	32.8125
45017	45.3125	34.375	32.5
45053	45.9375	34.0625	31.875
45089	46.5625	34.0625	31.5625
45125	45.3125	35.0	31.875
45161	44.6875	35.3125	31.5625
45197	44.6875	35.3125	30.625
45233	44.0625	35.3125	31.25
45269	44.6875	34.375	31.875
45305	45.0	34.6875	31.875
45341	45.9375	34.375	31.875
45377	45.625	33.75	32.5
45413	45.625	34.375	32.1875
45449	45.0	34.0625	32.5
45485	45.0	33.75	33.4375
45521	45.3125	32.1875	33.4375
45557	45.625	31.875	33.75
45593	45.3125	31.25	33.125
45629	45.625	31.5625	33.75
45665	46.25	30.9375	33.75
45701	45.625	29.6875	35.0
45737	47.1875	29.375	35.9375
45773	47.5	28.75	36.875
45809	47.1875	30.0	37.1875
45845	45.625	29.0625	36.5625
45881	46.25	28.75	36.25
45917	45.625	28.125	36.25
45953	45.9375	28.125	35.3125
45989	45.625	28.75	35.0
46025	45.3125	28.75	34.6875
46061	45.0	28.75	35.3125
46097	45.9375	29.0625	33.75
46133	45.3125	28.75	35.0
46169	46.25	28.125	35.3125
46205	45.625	28.4375	35.0
46241	44.6875	28.4375	35.3125
46277	45.0	29.375	35.3125
46313	44.375	29.0625	34.6875
46349	44.0625	29.375	35.0
46385	43.4375	29.375	34.375
46421	42.1875	29.6875	34.6875
46457	40.625	30.3125	35.625
46493	40.3125	30.9375	36.875
46529	40.0	30.625	37.5
46565	39.375	30.625	38.75
46601	37.5	31.25	38.75
46637	37.1875	31.875	38.125
46673	36.5625	31.875	37.8125
46709	35.9375	32.1875	37.8125
46745	34.0625	32.5	38.75
46781	33.125	33.4375	38.125
46817	33.125	33.4375	38.4375
46853	33.75	33.75	38.4375
46889	33.125	33.125	38.75
46925	31.5625	34.0625	39.0625
46961	31.25	34.375	40.9375
46997	32.1875	33.125	41.5625
47033	31.875	33.125	42.8125
47069	31.5625	33.4375	44.0625
47105	30.625	34.375	44.0625
47141	30.0	34.6875	43.4375
47177	30.0	35.0	44.6875
47213	29.0625	35.0	43.4375
47249	28.125	34.375	44.375
47285	27.5	34.6875	44.375
47321	27.8125	34.375	45.0
47357	27.5	34.6875	44.6875
47393	29.0625	34.375	44.375
47429	29.0625	35.0	43.4375
47465	29.6875	34.375	42.5
47501	29.6875	34.0625	41.875
47537	30.625	34.6875	40.625
47573	30.3125	35.3125	41.875
47609	30.625	35.9375	40.9375
47645	30.625	36.25	41.5625
47681	30.625	36.5625	40.3125
47717	31.875	36.25	40.3125
47753	32.1875	36.5625	41.25
47789	31.875	35.0	41.25
47825	32.1875	34.375	41.875
47861	31.25	36.5625	42.8125
47897	31.875	36.25	43.4375
47933	31.875	36.875	42.8125
47969	32.1875	37.5	42.1875
48005	32.5	37.1875	42.8125
48041	33.4375	35.625	42.5
48077	33.75	34.375	42.1875
48113	35.3125	34.0625	42.8125
48149	35.9375	33.75	42.5
48185	35.9375	32.8125	42.1875
48221	36.25	33.4375	41.875
48257	35.9375	33.4375	42.1875
48293	36.875	34.375	41.25
48329	36.875	34.375	43.125
48365	36.875	33.75	43.125
48401	36.875	34.0625	42.5
48437	35.9375	34.0625	43.75
48473	35.3125	34.375	45.0
48509	34.375	34.0625	45.625
48545	34.6875	33.75	46.25
48581	35.3125	33.125	46.875
48617	35.9375	32.8125	46.5625
48653	35.3125	32.1875	46.875
48689	34.375	32.8125	47.5
48725	36.25	32.1875	46.5625
48761	36.25	33.75	46.25
48797	36.875	32.8125	45.625
48833	37.1875	31.875	45.3125
48869	37.8125	30.625	44.6875
48905	37.1875	31.25	44.6875
48941	36.5625	30.625	44.375
48977	35.9375	32.1875	44.375
49013	35.625	32.5	44.375
49049	35.0	32.8125	45.0
49085	33.4375	33.75	45.0
49121	34.375	32.1875	44.6875
49157	34.6875	32.8125	45.3125
49193	35.0	33.4375	45.9375
49229	34.6875	32.5	45.9375
49265	34.375	33.125	45.3125
49301	35.3125	31.875	45.0
49337	34.6875	32.5	45.3125
49373	34.375	32.1875	45.3125
49409	35.0	31.5625	45.0
49445	34.375	31.5625	45.3125
49481	34.375	31.875	45.0
49517	34.375	31.875	43.125
49553	33.4375	32.5	43.4375
49589	32.8125	33.125	43.75
49625	32.5	33.4375	43.75
49661	33.125	32.8125	44.6875
49697	32.5	31.5625	44.6875
49733	32.5	30.9375	44.375
49769	32.1875	30.9375	44.6875
49805	31.875	30.9375	44.6875
49841	30.9375	31.5625	45.625
49877	30.625	31.875	47.1875
49913	30.3125	31.25	47.5
49949	30.3125	30.9375	47.1875
49985	30.9375	30.3125	46.875
50021	30.625	31.25	46.25
50057	30.625	30.0	47.8125
50093	29.375	31.25	48.75
50129	29.6875	30.3125	49.0625
50165	30.3125	30.0	49.0625
50201	30.0	29.6875	49.375
50237	30.625	29.6875	49.0625
50273	31.25	29.6875	48.75
50309	31.875	29.375	49.0625
50345	30.9375	30.9375	49.0625
50381	31.875	31.5625	49.375
50417	33.125	30.9375	47.1875
50453	32.5	30.625	49.0625
50489	32.1875	30.9375	49.375
50525	32.5	30.9375	49.0625
50561	33.125	31.25	49.375
50597	33.75	30.9375	49.6875
50633	33.125	31.5625	48.75
50669	32.8125	32.1875	48.125
50705	32.8125	32.5	47.8125
50741	32.8125	31.875	47.1875
50777	33.4375	31.875	47.1875
50813	34.375	32.1875	45.625
50849	35.0	31.875	45.3125
50885	35.0	32.1875	44.375
50921	34.6875	33.125	43.75
50957	34.375	34.0625	43.75
50993	35.0	33.75	43.4375
51029	33.75	34.6875	43.75
51065	34.375	33.75	44.0625
51101	33.125	35.0	43.75
51137	34.375	34.375	43.125
51173	33.75	34.6875	43.75
51209	32.8125	35.0	44.0625
51245	31.875	35.0	43.75
51281	30.625	35.0	43.75
51317	30.3125	33.75	45.3125
51353	30.0	33.125	45.625
51389	29.0625	32.1875	46.25
51425	30.0	32.5	45.0
51461	29.6875	33.4375	44.375
51497	29.0625	33.125	45.0
51533	29.0625	32.5	44.6875
51569	29.0625	33.125	45.3125
51605	29.375	32.5	45.3125
51641	29.375	31.875	46.875
51677	29.6875	32.5	46.5625
51713	29.0625	31.875	47.1875
51749	28.125	31.875	47.1875
51785	29.375	30.9375	46.875
51821	29.6875	31.5625	46.875
51857	28.4375	31.25	47.8125
51893	28.125	31.25	48.125
51929	29.0625	30.625	47.8125
51965	28.75	31.5625	47.8125
52001	29.375	30.0	47.1875
52037	29.375	30.625	47.1875
52073	28.75	30.3125	47.1875
52109	28.4375	29.6875	46.5625
52145	28.75	29.375	46.875
52181	29.6875	28.75	46.25
52217	30.0	29.0625	46.875
52253	30.625	28.75	46.5625
52289	31.25	28.75	46.25
52325	31.25	29.375	46.5625
52361	31.25	29.6875	46.25
52397	31.875	29.6875	46.5625
52433	33.75	28.75	45.9375
52469	34.0625	27.8125	46.5625
52505	35.0	28.75	46.5625
52541	34.375	29.0625	46.25
52577	34.0625	28.75	47.1875
52613	32.8125	28.75	47.1875
52649	33.125	28.4375	47.8125
52685	33.125	28.4375	48.125
52721	33.125	30.0	47.8125
52757	33.75	29.375	48.75
52793	33.125	29.6875	49.6875
52829	33.4375	29.6875	49.375
52865	33.75	29.6875	49.6875
52901	34.375	29.375	50.0
52937	33.4375	29.375	49.6875
52973	33.75	29.0625	49.375
53009	34.375	29.0625	48.4375
53045	35.3125	29.0625	48.4375
53081	34.0625	29.375	48.125
53117	35.3125	30.0	46.875
53153	34.375	29.0625	48.125
53189	33.125	30.0	49.0625
53225	33.125	30.3125	49.0625
53261	32.8125	30.625	48.4375
53297	32.8125	31.875	48.125
53333	32.5	31.5625	48.4375
53369	30.625	32.8125	49.6875
53405	30.0	33.125	49.6875
53441	29.0625	33.75	49.6875
53477	29.375	33.4375	49.0625
53513	29.0625	33.4375	50.0
53549	29.0625	33.75	49.375
53585	29.6875	34.375	47.5
53621	29.0625	34.0625	45.9375
53657	28.75	33.4375	45.3125
53693	27.5	33.4375	45.0
53729	27.5	34.0625	44.375
53765	27.5	33.4375	43.75
53801	27.8125	33.125	43.4375
53837	26.875	31.875	42.5
53873	27.1875	32.8125	42.1875
53909	27.5	31.875	42.8125
53945	27.8125	31.25	43.125
53981	28.125	31.875	43.75
54017	27.1875	32.5	45.3125
54053	28.75	31.5625	45.3125
54089	29.0625	31.25	46.25
54125	29.6875	32.8125	44.6875
54161	29.6875	32.1875	44.375
54197	30.625	31.875	44.0625
54233	29.375	31.875	44.6875
54269	29.375	31.5625	44.375
54305	29.375	30.3125	43.75
54341	29.6875	29.375	43.75
54377	29.0625	30.0	41.875
54413	29.0625	30.3125	40.625
54449	28.4375	31.25	39.375
54485	30.625	31.875	37.8125
54521	31.5625	31.25	37.5
54557	31.875	32.1875	38.4375
54593	32.1875	32.8125	39.375
54629	32.8125	33.125	38.75
54665	33.125	32.8125	38.4375
54701	34.0625	34.0625	38.125
54737	34.375	35.3125	37.5
54773	35.3125	35.3125	38.4375
54809	36.25	36.25	37.5
54845	35.0	36.5625	37.8125
54881	34.0625	38.125	36.5625
54917	34.6875	38.75	35.0
54953	34.375	39.375	34.0625
54989	34.375	39.6875	32.8125
55025	34.0625	40.3125	32.1875
55061	33.75	40.9375	31.875
55097	34.0625	41.5625	30.9375
55133	34.375	41.875	29.6875
55169	35.0	42.5	27.8125
55205	36.5625	41.875	26.875
55241	37.5	42.5	25.9375
55277	38.75	42.1875	25.0
55313	39.0625	42.1875	25.625
55349	40.0	42.1875	26.875
55385	40.3125	40.0	27.5
55421	40.3125	40.0	27.1875
55457	39.375	39.0625	28.125
55493	40.625	38.125	29.375
55529	40.9375	38.125	29.0625
55565	41.25	38.4375	29.0625
55601	41.875	36.875	30.3125
55637	41.5625	36.25	30.0
55673	40.9375	35.9375	30.0
55709	40.625	35.3125	30.9375
55745	41.5625	34.6875	29.375
55781	41.25	32.5	30.3125
55817	41.25	33.125	30.3125
55853	42.1875	32.1875	30.9375
55889	42.8125	31.25	30.3125
55925	42.8125	31.875	31.25
55961	43.75	31.875	30.9375
55997	42.1875	31.875	30.9375
56033	42.5	31.25	30.3125
56069	42.8125	30.0	30.9375
56105	42.1875	30.9375	30.9375
56141	41.5625	30.625	30.9375
56177	40.9375	30.625	32.8125
56213	39.6875	30.0	33.75
56249	39.0625	30.625	34.375
56285	39.6875	30.625	33.75
56321	39.375	31.25	33.4375
56357	39.6875	31.25	33.125
56393	39.375	30.625	33.75
56429	40.0	29.375	33.75
56465	38.75	29.6875	33.125
56501	38.4375	28.4375	33.75
56537	37.5	28.4375	33.75
56573	37.8125	29.0625	33.125
56609	37.8125	28.75	32.8125
56645	38.125	28.125	33.75
56681	39.375	27.8125	33.125
56717	39.375	28.4375	32.8125
56753	38.125	28.75	32.1875
56789	37.8125	29.6875	31.25
56825	38.125	29.375	31.875
56861	36.875	29.6875	31.5625
56897	36.875	28.4375	31.25
56933	36.25	29.0625	31.25
56969	36.5625	30.0	30.9375
57005	36.5625	29.6875	30.0
57041	35.9375	28.75	30.9375
57077	36.5625	28.4375	31.875
57113	35.625	27.5	33.4375
57149	35.0	27.1875	33.4375
57185	35.0	26.875	33.75
57221	35.0	28.4375	35.3125
57257	34.375	28.75	35.0
57293	33.4375	27.5	35.0
57329	32.1875	28.4375	35.9375
57365	31.875	29.375	35.9375
57401	30.3125	30.3125	36.25
57437	31.25	30.3125	37.8125
57473	31.25	30.625	37.8125
57509	31.5625	32.1875	37.5
57545	30.625	31.875	38.75
57581	29.6875	34.0625	38.4375
57617	29.0625	34.375	37.8125
57653	27.5	35.0	38.4375
57689	26.875	35.9375	39.0625
57725	27.8125	36.5625	39.375
57761	29.375	36.25	39.0625
57797	28.75	36.875	39.0625
57833	29.375	37.5	39.0625
57869	30.0	37.1875	38.75
57905	29.375	36.875	39.375
57941	30.0	35.3125	40.0
57977	30.9375	35.3125	40.3125
58013	31.25	35.625	39.6875
58049	32.5	35.9375	39.375
58085	33.4375	35.3125	37.1875
58121	33.4375	35.625	36.875
58157	34.6875	35.625	36.25
58193	35.625	33.75	35.0
58229	36.875	35.0	35.9375
58265	38.4375	35.0	36.5625
58301	40.0	34.375	36.875
58337	40.625	34.6875	35.3125
58373	40.3125	35.3125	35.0
58409	39.6875	36.5625	34.375
58445	38.75	36.5625	34.6875
58481	37.5	35.9375	34.0625
58517	38.125	35.625	32.8125
58553	39.0625	35.625	32.8125
58589	38.4375	35.0	33.75
58625	40.0	34.375	32.5
58661	39.6875	34.0625	31.875
58697	40.3125	33.75	32.1875
58733	40.0	33.4375	31.25
58769	39.375	32.1875	32.8125
58805	40.0	32.8125	33.125
58841	40.0	32.5	32.8125
58877	40.3125	33.125	32.8125
58913	39.6875	34.0625	32.5
58949	39.375	34.6875	33.4375
58985	38.75	35.625	33.75
59021	36.875	37.1875	34.0625
59057	36.5625	37.8125	33.75
59093	36.875	36.5625	33.75
59129	37.1875	36.5625	33.125
59165	37.5	36.5625	33.125
59201	35.9375	36.25	33.4375
59237	35.625	35.625	33.125
59273	35.625	36.875	32.1875
59309	35.9375	36.875	33.125
59345	37.8125	35.0	32.8125
59381	38.75	35.0	32.1875
59417	40.0	35.0	31.5625
59453	42.5	34.0625	32.5
59489	43.125	32.8125	33.125
59525	42.1875	32.5	32.8125
59561	41.875	33.4375	33.4375
59597	41.875	33.125	34.0625
59633	42.1875	31.875	34.6875
59669	40.3125	30.625	36.5625
59705	40.3125	30.3125	36.875
59741	40.625	29.375	37.1875
59777	40.0	28.4375	37.5
59813	39.6875	27.8125	37.8125
59849	39.6875	27.5	38.4375
59885	39.6875	26.5625	39.375
59921	40.0	27.1875	39.6875
59957	39.375	27.5	39.375
59993	40.3125	26.5625	38.75
60029	40.625	27.1875	38.125
60065	40.3125	27.5	38.75
60101	40.0	28.4375	38.4375
60137	40.0	28.75	38.75
60173	39.6875	30.3125	37.5
60209	39.0625	31.5625	37.8125
60245	38.75	30.3125	37.8125
60281	38.4375	30.3125	36.875
60317	37.5	30.3125	36.5625
60353	37.5	30.3125	36.875
60389	36.5625	29.375	36.875
60425	36.25	29.375	35.9375
60461	35.625	29.375	35.625
60497	36.25	29.0625	36.25
60533	35.9375	29.375	35.3125
60569	35.3125	29.0625	35.3125
60605	36.25	30.625	34.375
60641	36.875	30.625	34.6875
60677	36.5625	31.25	35.625
60713	36.5625	31.875	35.3125
60749	38.75	31.5625	36.25
60785	38.4375	32.1875	35.625
60821	39.0625	32.1875	34.6875
60857	39.6875	31.875	33.75
60893	40.9375	30.3125	32.1875
60929	41.875	30.3125	32.1875
60965	42.8125	29.375	33.4375
61001	42.5	29.0625	33.4375
61037	42.8125	28.75	33.4375
61073	43.4375	28.4375	33.75
61109	42.8125	28.75	33.75
61145	43.4375	27.5	33.4375
61181	43.75	26.5625	33.75
61217	44.375	27.5	33.75
61253	43.125	29.375	34.0625
61289	43.4375	29.375	33.75
61325	43.75	29.0625	34.0625
61361	43.125	30.0	33.4375
61397	42.8125	30.9375	33.4375
61433	42.5	31.5625	34.0625
61469	43.125	30.625	33.75
61505	43.75	30.9375	33.4375
61541	44.6875	29.6875	33.4375
61577	45.625	30.3125	33.4375
61613	45.9375	30.9375	32.1875
61649	47.1875	31.25	31.5625
61685	45.9375	31.875	32.1875
61721	45.9375	32.5	32.5
61757	45.625	31.5625	31.875
61793	45.0	31.5625	33.75
61829	45.0	31.25	34.0625
61865	44.6875	31.875	34.375
61901	44.0625	32.1875	33.75
61937	44.0625	32.1875	33.4375
61973	45.3125	31.25	34.0625
62009	45.0	31.25	33.75
62045	45.3125	31.25	33.125
62081	43.4375	31.875	32.8125
62117	44.0625	32.5	33.125
62153	43.75	33.125	34.0625
62189	44.375	31.5625	34.0625
62225	45.0	30.9375	35.3125
62261	45.625	32.1875	36.25
62297	46.25	31.875	36.25
62333	48.125	30.9375	37.5
62369	48.4375	30.625	36.25
62405	48.4375	31.25	35.625
62441	47.8125	31.25	35.9375
62477	47.1875	31.5625	35.625
62513	47.5	32.5	35.0
62549	47.5	31.875	34.375
62585	47.8125	31.5625	35.0
62621	48.75	31.25	34.375
62657	50.0	30.625	34.375
62693	49.6875	31.5625	34.375
62729	50.0	31.5625	33.4375
62765	49.0625	32.5	32.1875
62801	49.0625	33.125	31.5625
62837	49.0625	31.875	31.5625
62873	49.375	33.125	31.25
62909	48.75	33.4375	31.5625
62945	48.4375	34.6875	30.9375
62981	48.4375	34.6875	31.875
63017	49.0625	33.75	31.25
63053	49.6875	32.1875	31.875
63089	48.4375	32.1875	33.125
63125	47.5	31.5625	34.0625
63161	45.625	31.875	34.6875
63197	45.3125	31.875	34.6875
63233	44.375	33.125	33.75
63269	43.4375	33.75	33.4375
63305	42.5	34.375	34.0625
63341	42.8125	33.125	34.6875
63377	41.875	33.75	34.375
63413	41.875	34.0625	35.3125
63449	40.625	33.75	35.625
63485	39.375	35.0	36.25
63521	38.125	35.625	36.5625
63557	37.5	36.25	36.25
63593	36.875	37.5	35.625
63629	36.25	38.125	34.6875
63665	36.25	38.125	35.3125
63701	35.625	38.4375	36.5625
63737	35.9375	38.125	37.1875
63773	35.625	38.125	37.5
63809	35.0	40.3125	37.5
63845	34.0625	40.0	38.125
63881	33.125	38.75	38.125
63917	33.125	37.5	39.0625
63953	33.75	37.5	39.6875
63989	33.4375	37.8125	40.9375
64025	34.375	37.5	39.6875
64061	35.625	36.5625	38.75
64097	36.875	36.5625	37.1875
64133	37.8125	35.9375	36.5625
64169	37.1875	35.3125	39.0625
64205	37.5	35.0	40.3125
64241	37.8125	34.375	39.0625
64277	38.125	34.6875	38.4375
64313	38.75	34.375	40.0
64349	39.375	33.125	38.4375
64385	40.0	33.125	38.125
64421	41.25	33.75	37.5
64457	41.5625	32.8125	38.125
64493	42.5	32.5	36.875
64529	41.5625	31.5625	37.8125
64565	41.25	30.625	37.1875
64601	39.6875	30.9375	36.875
64637	39.375	31.5625	35.9375
64673	39.6875	30.3125	35.625
64709	40.0	30.3125	35.3125
64745	40.3125	30.625	35.625
64781	39.6875	30.0	36.25
64817	39.6875	31.25	35.0
64853	40.625	32.8125	33.75
64889	39.6875	34.0625	32.8125
64925	40.0	35.0	33.125
64961	38.4375	36.25	32.5
64997	39.0625	37.1875	31.25
65033	37.8125	38.75	31.25
65069	37.5	40.3125	30.9375
65105	37.8125	40.625	30.0
65141	38.4375	41.5625	28.75
65177	37.5	40.9375	29.0625
65213	36.875	40.625	30.0
65249	35.9375	41.5625	28.75
65285	36.25	42.5	29.0625
65321	36.25	43.75	30.0
65357	37.5	43.4375	29.6875
65393	38.125	42.1875	29.375
65429	37.5	41.5625	30.625
65465	37.8125	41.875	31.25
65501	38.4375	42.5	31.25
65537	38.125	43.4375	31.5625
65573	37.8125	43.125	32.1875
65609	37.8125	43.75	32.5
65645	38.75	44.375	31.875
65681	39.0625	45.3125	30.9375
65717	39.375	44.6875	30.9375
65753	39.375	45.0	30.9375
65789	38.4375	45.0	31.875
65825	37.8125	44.375	32.8125
65861	36.875	45.0	32.8125
65897	36.5625	43.75	32.8125
65933	37.8125	44.0625	31.875
65969	37.1875	44.6875	32.1875
66005	37.8125	44.375	31.875
66041	37.8125	44.375	32.1875
66077	37.5	44.0625	31.25
66113	36.875	44.375	30.0
66149	36.875	46.5625	28.4375
66185	37.1875	46.5625	28.125
66221	37.5	46.25	27.8125
66257	36.5625	47.1875	26.25
66293	35.0	46.875	26.5625
66329	34.0625	46.875	27.5
66365	32.5	48.125	26.5625
66401	34.0625	48.4375	25.3125
66437	33.4375	48.4375	24.375
66473	34.0625	48.125	24.0625
66509	35.0	48.4375	23.4375
66545	36.5625	48.75	23.125
66581	36.875	48.125	22.8125
66617	36.25	47.1875	23.4375
66653	36.5625	47.8125	23.125
66689	36.875	47.5	23.125
66725	37.1875	47.5	22.8125
66761	37.5	45.9375	23.125
66797	38.75	45.9375	22.1875
66833	39.0625	46.25	21.875
66869	39.6875	47.1875	22.1875
66905	38.75	47.1875	22.1875
66941	39.0625	46.25	21.875
66977	39.0625	45.0	21.5625
67013	38.125	44.375	21.25
67049	38.125	43.75	22.1875
67085	39.375	43.75	23.125
67121	38.75	41.875	24.6875
67157	39.6875	41.5625	24.375
67193	39.6875	41.5625	25.0
67229	40.625	40.625	25.625
67265	41.25	40.3125	25.625
67301	41.5625	40.625	25.3125
67337	42.8125	40.3125	24.6875
67373	42.1875	39.6875	25.625
67409	41.875	39.375	25.9375
67445	40.625	40.0	26.25
67481	40.625	38.4375	26.875
67517	40.3125	37.8125	27.1875
67553	40.625	37.8125	26.875
67589	40.0	37.8125	28.125
67625	38.75	36.25	29.375
67661	40.9375	36.25	28.75
67697	40.625	35.3125	29.6875
67733	40.625	35.625	29.0625
67769	41.875	34.6875	30.0
67805	41.875	32.8125	30.625
67841	41.5625	31.875	30.625
67877	41.5625	31.25	31.875
67913	41.875	32.5	32.5
67949	41.875	32.1875	32.8125
67985	40.9375	33.4375	33.4375
68021	40.625	34.6875	33.75
68057	39.6875	34.375	34.375
68093	39.375	35.9375	34.0625
68129	39.0625	35.0	35.0
68165	38.75	35.625	35.9375
68201	38.125	35.625	35.3125
68237	37.5	35.0	36.25
68273	36.5625	33.75	37.5
68309	35.625	33.125	37.8125
68345	35.625	32.1875	38.125
68381	35.0	31.875	38.75
68417	35.625	30.3125	39.0625
68453	34.6875	30.0	39.0625
68489	33.4375	30.625	39.0625
68525	33.4375	30.9375	40.0
68561	33.75	31.25	39.375
68597	33.4375	31.25	40.0
68633	33.125	31.25	39.375
68669	34.0625	31.25	40.0
68705	33.4375	31.875	39.0625
68741	33.125	31.875	39.375
68777	31.25	33.75	37.8125
68813	31.25	34.375	37.8125
68849	31.875	35.3125	35.9375
68885	32.1875	35.0	35.3125
68921	33.125	34.6875	35.625
68957	34.0625	33.125	35.0
68993	35.625	31.875	34.6875
69029	37.8125	31.5625	34.0625
69065	38.75	31.5625	33.4375
69101	39.375	31.25	32.5
69137	39.6875	30.3125	33.125
69173	40.625	30.9375	32.5
69209	40.0	31.5625	31.25
69245	40.3125	32.5	31.5625
69281	40.0	33.4375	31.25
69317	39.6875	34.375	32.5
69353	40.625	34.375	31.875
69389	39.375	35.0	32.1875
69425	39.375	35.625	33.125
69461	40.625	35.0	32.5
69497	40.9375	34.375	32.5
69533	40.625	34.6875	31.875
69569	39.6875	35.3125	31.875
69605	39.375	35.0	31.875
69641	39.0625	35.625	32.5
69677	38.75	35.625	33.75
69713	37.8125	35.3125	34.6875
69749	38.75	33.4375	35.3125
69785	37.8125	33.4375	35.9375
69821	37.5	32.1875	37.5
69857	35.9375	32.1875	38.4375
69893	35.3125	33.125	38.125
69929	34.0625	34.0625	38.4375
69965	33.4375	34.0625	38.4375
70001	31.875	34.6875	38.125
70037	30.9375	35.3125	38.125
70073	30.9375	35.625	37.5
70109	30.625	35.3125	36.875
70145	30.0	36.25	37.8125
70181	30.3125	36.875	39.0625
70217	30.9375	37.1875	38.75
70253	30.625	37.8125	38.75
70289	29.375	38.125	37.1875
70325	30.3125	39.0625	37.1875
70361	30.625	39.0625	36.25
70397	31.25	38.75	35.9375
70433	30.625	38.75	35.9375
70469	30.625	38.125	36.5625
70505	30.0	38.125	36.5625
70541	30.625	39.375	35.625
70577	30.0	39.6875	35.0
70613	29.375	40.0	34.375
70649	29.0625	40.3125	32.8125
70685	29.375	40.9375	31.25
70721	29.6875	40.625	31.25
70757	30.9375	40.0	30.9375
70793	31.875	41.25	29.6875
70829	31.5625	41.5625	29.375
70865	32.8125	40.3125	29.6875
70901	33.125	39.6875	30.625
70937	33.4375	38.75	30.625
70973	33.75	37.5	31.5625
71009	34.6875	37.5	31.875
71045	34.375	37.5	32.1875
71081	35.3125	36.25	32.5
71117	35.9375	35.3125	32.5
71153	36.5625	35.0	31.875
71189	37.5	35.0	31.875
71225	38.75	33.4375	31.5625
71261	40.0	32.1875	32.5
71297	40.9375	31.5625	33.4375
71333	41.25	31.25	33.4375
71369	40.0	30.9375	35.9375
71405	41.5625	29.6875	36.5625
71441	43.4375	29.0625	35.625
71477	45.9375	27.8125	35.3125
71513	46.875	26.875	35.9375
71549	48.125	26.25	36.875
71585	48.4375	25.0	37.1875
71621	50.0	23.4375	37.8125
71657	51.5625	23.4375	38.75
71693	50.625	24.0625	38.4375
71729	50.9375	23.125	40.0
71765	52.1875	23.125	40.9375
71801	53.125	21.5625	40.9375
71837	52.8125	21.5625	39.375
71873	52.1875	21.5625	38.75
71909	50.9375	21.25	39.6875
71945	50.0	21.875	40.625
71981	49.0625	21.5625	41.25
72017	48.125	20.625	41.5625
72053	47.5	21.5625	40.9375
72089	47.5	21.875	41.5625
72125	46.25	22.1875	41.25
72161	44.6875	22.1875	41.875
72197	43.4375	22.5	43.75
72233	42.8125	22.8125	45.0
72269	40.9375	24.0625	45.0
72305	41.25	23.75	45.3125
72341	41.25	25.625	44.6875
72377	40.3125	25.9375	44.6875
72413	38.4375	26.875	44.375
72449	37.5	26.875	44.6875
72485	36.25	26.5625	45.3125
72521	35.3125	26.25	45.625
72557	34.6875	27.5	45.625
72593	32.8125	28.125	46.25
72629	32.1875	28.75	46.5625
72665	32.1875	29.0625	46.25
72701	30.9375	30.3125	46.5625
72737	28.75	31.5625	45.9375
72773	28.4375	31.875	46.5625
72809	28.4375	32.8125	48.125
72845	28.4375	33.125	48.75
72881	29.375	33.4375	46.875
72917	29.375	32.8125	47.1875
72953	30.625	33.75	46.875
72989	30.3125	34.0625	46.875
73025	31.25	32.1875	47.8125
73061	32.1875	31.25	48.4375
73097	32.1875	30.625	48.4375
73133	32.8125	30.3125	46.875
73169	33.75	30.9375	45.3125
73205	33.4375	31.5625	44.375
73241	34.0625	30.625	44.0625
73277	34.375	30.625	44.0625
73313	33.4375	30.0	43.75
73349	34.0625	29.375	42.8125
73385	33.125	29.6875	42.5
73421	32.8125	30.3125	42.1875
73457	32.5	30.9375	42.1875
73493	32.8125	32.5	40.0
73529	33.4375	31.875	40.3125
73565	33.75	31.875	40.3125
73601	35.625	31.25	40.0
73637	37.1875	30.9375	39.6875
73673	38.75	30.3125	39.0625
73709	39.0625	29.0625	39.0625
73745	39.375	28.4375	39.6875
73781	39.0625	28.75	39.6875
73817	39.6875	28.75	39.0625
73853	40.0	28.4375	39.0625
73889	40.3125	28.75	38.4375
73925	40.3125	29.6875	37.8125
73961	40.0	29.375	37.1875
73997	38.75	30.3125	35.3125
74033	38.4375	31.25	34.6875
74069	39.6875	30.625	35.0
74105	40.625	30.625	34.6875
74141	40.0	30.3125	34.0625
74177	40.3125	30.9375	34.6875
74213	40.625	30.625	34.0625
74249	41.5625	31.25	33.75
74285	41.5625	31.875	33.125
74321	42.5	31.875	32.5
74357	43.4375	32.1875	33.125
74393	43.125	32.8125	33.75
74429	44.0625	31.25	33.75
74465	43.75	31.25	34.6875
74501	43.125	31.5625	34.0625
74537	43.4375	30.3125	35.3125
74573	41.875	30.625	36.25
74609	41.25	31.25	37.8125
74645	40.3125	30.9375	39.0625
74681	40.3125	31.875	40.0
74717	40.9375	31.5625	39.0625
74753	40.9375	32.1875	38.4375
74789	41.25	32.5	39.6875
74825	41.875	32.8125	39.0625
74861	41.25	31.875	40.3125
74897	41.875	32.1875	41.25
74933	41.25	33.125	43.125
74969	41.25	32.8125	44.0625
75005	40.9375	33.75	44.6875
75041	39.6875	34.6875	44.6875
75077	40.0	33.75	45.0
75113	38.4375	33.4375	44.375
75149	38.75	33.125	43.125
75185	38.4375	33.125	43.75
75221	38.125	32.1875	44.0625
75257	38.75	32.1875	45.0
75293	38.125	32.1875	44.375
75329	38.4375	31.5625	44.6875
75365	40.0	30.625	44.0625
75401	39.375	30.625	45.3125
75437	39.375	30.3125	45.3125
75473	39.0625	30.3125	45.0
75509	38.125	31.875	44.0625
75545	38.4375	30.9375	42.1875
75581	39.375	30.0	40.625
75617	39.0625	30.625	39.6875
75653	38.125	31.25	37.8125
75689	37.5	32.1875	38.75
75725	37.5	32.1875	38.4375
75761	36.875	32.1875	38.125
75797	36.875	30.9375	38.4375
75833	36.5625	32.1875	37.5
75869	37.1875	32.1875	36.875
75905	37.5	31.5625	37.1875
75941	38.75	31.25	36.25
75977	39.375	29.6875	36.25
76013	39.0625	30.0	36.875
76049	39.6875	30.3125	36.5625
76085	40.625	30.0	36.875
76121	39.375	29.6875	37.8125
76157	37.1875	32.1875	38.4375
76193	36.875	33.4375	38.75
76229	35.0	34.0625	40.3125
76265	35.3125	34.6875	42.1875
76301	34.375	35.9375	42.1875
76337	33.125	36.875	41.5625
76373	32.8125	36.875	41.5625
76409	31.5625	38.125	42.1875
76445	31.25	37.1875	43.125
76481	31.25	36.875	45.0
76517	31.875	37.8125	45.625
76553	31.25	38.125	45.3125
76589	31.875	37.8125	46.5625
76625	31.875	37.8125	47.1875
76661	31.25	38.125	47.1875
76697	30.9375	39.0625	47.1875
76733	30.3125	38.4375	47.8125
76769	31.25	38.125	46.875
76805	30.9375	37.5	47.8125
76841	30.9375	37.5	48.4375
76877	29.6875	37.8125	49.0625
76913	29.6875	37.8125	49.6875
76949	28.75	39.0625	49.6875
76985	28.4375	38.75	50.3125
77021	27.8125	39.375	51.25
77057	28.4375	38.75	50.0
77093	29.0625	38.125	50.625
77129	29.0625	37.5	50.9375
77165	29.0625	36.875	51.875
77201	28.4375	37.1875	53.125
77237	27.8125	36.875	53.4375
77273	28.125	37.1875	53.4375
77309	28.4375	36.875	54.0625
77345	29.375	35.625	54.375
77381	31.25	35.0	52.8125
77417	31.25	35.9375	51.875
77453	31.25	34.6875	49.6875
77489	30.625	35.625	49.375
77525	29.6875	35.3125	49.0625
77561	29.0625	35.625	48.4375
77597	29.0625	34.6875	47.8125
77633	29.0625	34.375	47.1875
77669	28.75	34.375	46.875
77705	29.0625	35.625	47.1875
77741	29.0625	35.3125	48.4375
77777	28.4375	34.6875	48.4375
77813	27.8125	35.625	48.4375
77849	28.4375	35.9375	47.1875
77885	27.5	34.6875	46.875
77921	28.4375	34.6875	46.5625
77957	27.8125	35.3125	45.9375
77993	27.8125	35.3125	46.875
78029	28.125	35.625	47.5
78065	29.0625	35.3125	46.5625
78101	29.6875	35.3125	44.6875
78137	30.9375	34.0625	42.8125
78173	31.875	33.75	41.5625
78209	31.5625	32.8125	40.9375
78245	31.25	31.875	40.625
78281	30.625	33.4375	40.3125
78317	29.6875	34.6875	39.0625
78353	29.0625	33.75	40.9375
78389	29.0625	34.6875	40.9375
78425	28.75	35.625	41.5625
78461	28.4375	35.3125	41.5625
78497	28.75	36.25	41.25
78533	28.4375	36.25	40.9375
78569	28.75	36.25	42.1875
78605	30.625	36.875	41.5625
78641	30.9375	35.3125	41.875
78677	31.875	34.0625	42.1875
78713	31.5625	35.0	39.6875
78749	32.8125	34.375	39.0625
78785	33.75	34.0625	37.8125
78821	34.375	33.4375	39.375
78857	34.6875	34.6875	37.8125
78893	36.5625	34.375	38.125
78929	37.1875	35.3125	38.125
78965	35.9375	36.875	37.1875
79001	35.9375	37.8125	36.5625
79037	35.9375	37.1875	34.6875
79073	36.875	37.5	33.75
79109	37.8125	38.75	33.125
79145	36.875	38.75	33.4375
79181	37.5	39.0625	33.125
79217	37.5	39.6875	31.5625
79253	38.125	38.125	30.9375
79289	39.0625	37.5	31.875
79325	39.375	37.1875	31.5625
79361	39.375	36.875	30.9375
79397	40.3125	37.1875	30.9375
79433	41.875	36.875	31.25
79469	43.4375	36.5625	30.0
79505	44.0625	35.625	29.6875
79541	43.4375	36.5625	30.3125
79577	42.1875	36.25	30.3125
79613	41.875	37.1875	30.0
79649	41.25	38.125	29.6875
79685	41.5625	37.1875	30.9375
79721	41.5625	37.8125	30.625
79757	41.875	38.125	30.3125
79793	41.5625	38.4375	28.75
79829	41.5625	38.125	29.6875
79865	40.9375	37.1875	29.375
79901	40.625	37.5	29.375
79937	40.625	36.875	29.6875
79973	40.9375	36.5625	30.0
80009	40.625	36.5625	30.625
80045	40.0	36.875	30.9375
80081	40.3125	34.6875	31.875
80117	41.875	33.75	31.875
80153	41.875	33.75	31.5625
80189	43.125	32.5	31.5625
80225	43.125	33.4375	31.875
80261	42.1875	34.375	30.3125
80297	41.5625	35.625	30.625
80333	41.25	36.5625	31.25
80369	40.9375	36.5625	32.5
80405	40.0	36.5625	31.875
80441	40.3125	37.5	31.875
80477	40.625	38.75	31.5625
80513	40.625	38.4375	30.625
80549	40.9375	39.0625	30.0
80585	40.3125	38.75	30.3125
80621	39.375	40.0	31.5625
80657	39.375	40.0	30.3125
80693	38.125	38.75	30.3125
80729	38.125	39.6875	29.375
80765	39.375	40.0	30.625
80801	38.75	40.625	29.6875
80837	38.125	41.25	30.3125
80873	39.375	39.6875	30.625
80909	40.0	39.0625	30.9375
80945	39.375	40.9375	29.6875
80981	38.125	41.5625	29.6875
81017	38.125	41.5625	30.625
81053	38.125	43.125	29.6875
81089	37.5	43.75	29.0625
81125	37.5	44.0625	29.0625
81161	36.875	43.75	30.3125
81197	35.9375	44.6875	30.3125
81233	36.875	44.375	29.0625
81269	37.1875	42.5	29.375
81305	37.1875	40.625	29.0625
81341	38.75	40.0	28.4375
81377	39.375	39.0625	29.6875
81413	39.375	39.375	29.0625
81449	39.375	38.4375	29.0625
81485	39.6875	37.8125	30.3125
81521	39.375	37.5	30.3125
81557	40.625	36.25	29.375
81593	42.1875	35.3125	28.125
81629	41.875	35.625	28.75
81665	42.1875	36.5625	29.0625
81701	40.9375	35.625	30.0
81737	40.9375	35.625	30.0
81773	40.625	34.6875	30.3125
81809	40.0	34.0625	30.625
81845	40.3125	34.375	30.3125
81881	39.375	34.6875	30.3125
81917	39.6875	35.0	31.25
81953	40.625	34.6875	31.25
81989	41.25	35.0	30.3125
82025	40.625	35.0	30.0
82061	40.3125	35.0	29.6875
82097	40.3125	35.3125	29.0625
82133	40.0	35.0	29.0625
82169	38.4375	34.6875	28.4375
82205	38.125	36.25	27.8125
82241	38.75	36.5625	27.1875
82277	38.75	36.875	26.5625
82313	37.5	36.875	27.5
82349	36.5625	37.1875	26.875
82385	35.3125	36.25	27.5
82421	34.0625	35.9375	27.5
82457	33.75	35.625	27.1875
82493	34.0625	35.625	27.1875
82529	33.75	35.3125	27.8125
82565	32.5	35.0	27.8125
82601	33.4375	35.625	27.8125
82637	33.125	34.0625	28.75
82673	32.8125	33.4375	29.375
82709	31.875	33.4375	30.9375
82745	33.125	33.125	31.25
82781	33.125	32.1875	31.875
82817	32.8125	31.875	32.8125
82853	32.8125	30.3125	32.5
82889	32.5	30.9375	31.875
82925	32.8125	31.5625	32.1875
82961	31.5625	33.125	31.5625
82997	30.3125	31.875	31.5625
83033	30.625	31.875	32.5
83069	31.25	30.3125	31.875
83105	32.5	30.625	31.875
83141	34.6875	30.0	31.875
83177	34.375	29.0625	33.125
83213	34.6875	29.6875	33.4375
83249	34.0625	30.625	33.4375
83285	33.75	30.9375	33.4375
83321	33.75	30.0	35.0
83357	35.3125	30.0	34.0625
83393	36.5625	29.6875	34.375
83429	36.25	30.625	33.75
83465	36.25	30.0	34.0625
83501	37.5	30.0	33.4375
83537	36.5625	30.625	34.0625
83573	36.5625	30.3125	34.6875
83609	36.875	30.9375	35.625
83645	37.1875	31.5625	33.75
83681	37.1875	31.25	33.125
83717	37.5	30.9375	31.25
83753	38.4375	31.25	30.9375
83789	38.125	31.875	30.3125
83825	39.0625	31.875	30.625
83861	38.4375	30.9375	31.5625
83897	37.5	29.6875	32.1875
83933	38.75	28.125	33.75
83969	39.0625	27.8125	35.625
84005	38.125	27.8125	36.25
84041	38.4375	27.5	36.875
84077	38.4375	27.8125	37.1875
84113	36.875	27.8125	37.1875
84149	36.25	27.5	38.125
84185	37.5	27.8125	37.5
84221	37.5	27.5	37.5
84257	38.125	29.375	36.875
84293	38.75	30.9375	36.25
84329	39.6875	32.8125	35.9375
84365	38.4375	34.6875	35.3125
84401	38.75	35.9375	35.625
84437	37.5	38.125	35.0
84473	36.875	40.0	35.625
84509	37.5	40.625	34.375
84545	37.8125	40.3125	32.5
84581	37.8125	40.9375	31.5625
84617	37.8125	42.1875	30.9375
84653	38.4375	43.125	30.625
84689	38.4375	45.0	30.3125
84725	38.125	46.25	29.6875
84761	37.8125	46.25	30.625
84797	37.1875	45.9375	30.3125
84833	38.125	45.9375	29.6875
84869	39.0625	46.5625	29.0625
84905	38.75	47.1875	28.4375
84941	38.75	48.125	27.8125
84977	38.4375	49.375	27.5
85013	38.4375	50.3125	26.5625
85049	40.0	51.875	25.625
85085	40.0	53.4375	24.375
85121	40.9375	52.1875	23.4375
85157	41.25	53.125	25.0
85193	40.9375	52.8125	24.6875
85229	40.3125	51.875	25.9375
85265	39.6875	52.1875	25.625
85301	38.4375	50.625	25.9375
85337	38.4375	49.0625	26.25
85373	38.75	47.1875	26.875
85409	39.6875	45.9375	25.9375
85445	39.375	45.0	25.625
85481	38.75	43.75	26.875
85517	37.5	43.75	28.4375
85553	37.5	42.1875	28.4375
85589	37.1875	42.1875	29.375
85625	37.8125	41.5625	29.6875
85661	35.9375	41.25	30.9375
85697	35.625	40.625	31.875
85733	35.625	40.3125	31.875
85769	35.9375	40.3125	31.875
85805	35.0	39.6875	31.5625
85841	34.0625	39.375	32.5
85877	33.4375	38.4375	32.5
85913	33.125	38.125	31.5625
85949	33.125	37.5	33.125
85985	33.4375	36.875	35.0
86021	31.875	35.3125	36.5625
86057	32.1875	34.6875	37.5
86093	30.625	35.0	38.4375
86129	30.625	34.6875	38.4375
86165	30.0	34.0625	39.0625
86201	29.0625	32.8125	39.375
86237	30.3125	31.5625	41.5625
86273	30.625	31.5625	41.875
86309	31.875	31.25	42.8125
86345	32.1875	31.875	42.8125
86381	33.4375	30.9375	43.4375
86417	34.375	31.5625	42.8125
86453	35.3125	32.5	41.875
86489	35.9375	32.8125	41.25
86525	36.875	33.4375	40.9375
86561	37.1875	32.8125	40.9375
86597	38.4375	32.5	40.625
86633	39.6875	31.875	39.0625
86669	40.0	31.5625	39.0625
86705	40.0	30.625	38.4375
86741	39.375	31.25	38.75
86777	38.75	31.25	39.0625
86813	39.6875	31.875	39.375
86849	40.3125	30.9375	38.75
86885	40.0	31.5625	38.125
86921	39.0625	31.5625	38.4375
86957	38.4375	31.875	37.1875
86993	38.4375	31.25	37.5
87029	39.0625	31.25	37.8125
87065	40.0	30.625	37.1875
87101	40.625	30.0	37.1875
87137	40.9375	30.3125	35.9375
87173	41.875	31.5625	34.6875
87209	40.9375	31.5625	33.75
87245	40.3125	31.875	33.75
87281	39.0625	32.8125	33.125
87317	37.8125	32.5	32.1875
87353	38.125	33.125	32.1875
87389	37.5	32.1875	32.5
87425	37.1875	33.4375	32.1875
87461	37.8125	31.875	32.1875
87497	36.25	32.1875	32.5
87533	35.9375	32.1875	33.75
87569	35.0	32.5	34.375
87605	34.375	31.875	35.625
87641	34.375	33.4375	36.5625
87677	35.625	34.375	37.1875
87713	36.25	34.6875	36.5625
87749	36.25	35.625	37.5
87785	35.9375	35.625	38.4375
87821	36.5625	36.25	38.75
87857	37.1875	36.875	39.6875
87893	37.1875	36.25	39.0625
87929	37.5	37.1875	39.0625
87965	36.875	36.5625	39.0625
88001	36.5625	37.8125	37.5
88037	36.875	37.8125	38.4375
88073	35.625	38.125	38.75
88109	35.0	38.125	39.0625
88145	34.6875	37.1875	39.6875
88181	35.0	36.875	39.0625
88217	35.3125	36.25	39.375
88253	33.75	35.9375	39.6875
88289	32.5	36.875	40.3125
88325	31.25	36.5625	40.0
88361	30.3125	36.875	39.6875
88397	28.75	36.25	39.0625
88433	29.0625	37.5	39.6875
88469	28.75	36.5625	39.375
88505	26.875	36.5625	39.6875
88541	27.1875	36.25	39.6875
88577	26.875	36.25	38.75
88613	26.875	35.625	38.75
88649	25.9375	34.375	38.4375
88685	25.625	34.375	38.4375
88721	25.9375	34.375	37.8125
88757	25.0	35.0	38.125
88793	24.6875	35.3125	38.125
88829	24.375	33.75	37.5
88865	24.375	32.8125	35.9375
88901	25.3125	32.1875	36.5625
88937	25.625	31.5625	36.5625
88973	26.25	30.625	36.875
89009	26.875	30.0	36.25
89045	27.8125	28.4375	35.625
89081	28.125	28.4375	34.0625
89117	28.125	29.0625	33.75
89153	27.1875	29.6875	34.375
89189	27.5	31.25	34.6875
89225	28.75	31.875	34.6875
89261	29.6875	31.25	34.375
89297	29.0625	31.25	35.0
89333	29.375	31.5625	35.625
89369	30.0	31.5625	35.0
89405	29.6875	32.1875	35.0
89441	30.625	32.1875	35.0
89477	31.875	33.125	34.0625
89513	32.1875	32.5	34.375
89549	32.5	32.8125	34.0625
89585	32.5	32.8125	33.75
89621	32.1875	33.75	35.0
89657	32.8125	33.125	33.75
89693	32.5	31.875	33.4375
89729	33.125	31.25	32.8125
89765	33.4375	31.25	33.125
89801	34.0625	32.1875	33.125
89837	34.375	33.125	33.125
89873	35.0	33.4375	31.875
89909	34.0625	33.75	32.5
89945	33.4375	35.0	31.875
89981	32.5	35.3125	31.875
90017	31.875	36.25	32.8125
90053	32.8125	36.25	32.8125
90089	33.125	35.9375	32.5
90125	34.375	35.625	31.875
90161	33.75	35.0	31.5625
90197	34.0625	33.75	30.9375
90233	33.4375	35.3125	32.1875
90269	34.375	33.4375	32.1875
90305	34.375	33.125	31.875
90341	33.75	33.75	32.8125
90377	35.625	33.4375	33.4375
90413	35.625	33.4375	34.375
90449	36.25	33.4375	34.6875
90485	37.1875	34.375	34.375
90521	37.1875	34.375	33.125
90557	40.0	33.4375	32.8125
90593	39.375	33.4375	32.1875
90629	38.4375	34.0625	31.5625
90665	38.75	35.625	32.5
90701	39.0625	37.8125	32.8125
90737	37.8125	36.5625	31.5625
90773	37.5	36.25	31.5625
90809	35.9375	35.625	32.1875
90845	36.5625	35.9375	31.5625
90881	37.1875	35.625	30.625
90917	37.1875	36.25	30.3125
90953	37.5	36.25	30.3125
90989	39.0625	35.3125	30.0
91025	38.4375	35.625	30.0
91061	38.75	36.25	29.375
91097	38.125	35.3125	29.375
91133	39.0625	34.6875	28.75
91169	38.75	35.0	27.8125
91205	40.625	33.75	27.8125
91241	40.9375	35.0	28.4375
91277	41.25	35.3125	28.125
91313	41.875	34.0625	27.5
91349	41.25	34.0625	27.1875
91385	40.3125	34.0625	26.5625
91421	38.125	33.75	25.625
91457	38.125	32.5	25.9375
91493	36.5625	32.1875	27.5
91529	36.5625	32.5	26.25
91565	36.875	32.1875	26.25
91601	38.125	31.875	26.25
91637	37.8125	30.625	24.375
91673	38.4375	30.0	24.6875
91709	39.375	31.25	25.0
91745	39.0625	31.5625	26.5625
91781	40.3125	30.625	26.25
91817	39.0625	30.625	28.125
91853	39.0625	30.3125	29.0625
91889	38.75	30.0	29.375
91925	38.125	29.6875	30.3125
91961	37.5	30.625	30.0
91997	36.5625	30.9375	31.5625
92033	36.25	30.0	32.1875
92069	35.0	30.3125	32.8125
92105	34.6875	30.625	32.8125
92141	34.6875	30.625	32.1875
92177	33.75	30.0	33.125
92213	31.875	30.3125	33.75
92249	32.1875	30.625	35.0
92285	32.5	30.9375	33.125
92321	33.125	30.0	33.125
92357	32.5	31.25	32.5
92393	33.75	32.1875	32.5
92429	35.3125	32.1875	32.5
92465	35.625	33.4375	32.8125
92501	35.625	32.8125	34.0625
92537	34.6875	33.125	34.375
92573	34.375	34.0625	33.75
92609	35.3125	32.8125	34.6875
92645	35.9375	33.75	34.6875
92681	35.3125	34.0625	35.0
92717	36.25	34.0625	36.25
92753	35.625	34.6875	36.875
92789	37.5	36.25	35.9375
92825	37.5	36.25	35.625
92861	37.1875	36.25	35.0
92897	36.875	36.875	35.9375
92933	35.9375	36.875	37.5
92969	35.625	36.5625	36.5625
93005	35.9375	37.1875	36.875
93041	36.875	37.8125	36.875
93077	36.5625	39.6875	37.8125
93113	37.1875	40.9375	38.4375
93149	37.1875	40.625	38.75
93185	37.8125	40.3125	38.4375
93221	36.25	40.625	39.6875
93257	36.5625	40.625	41.25
93293	36.875	40.9375	41.25
93329	38.125	40.625	41.25
93365	38.125	41.25	40.3125
93401	37.5	41.25	39.375
93437	37.5	41.25	39.6875
93473	37.5	40.9375	39.6875
93509	37.1875	40.9375	40.9375
93545	38.4375	42.1875	41.25
93581	37.5	43.125	41.25
93617	37.1875	41.875	41.875
93653	36.5625	41.875	41.25
93689	35.625	41.875	41.25
93725	34.0625	40.625	40.625
93761	33.125	40.9375	41.5625
93797	31.5625	40.625	41.875
93833	32.1875	40.0	41.25
93869	32.1875	38.75	40.9375
93905	33.125	37.8125	40.9375
93941	33.125	37.5	40.3125
93977	33.125	38.4375	40.3125
94013	32.5	38.4375	40.3125
94049	34.0625	36.875	39.6875
94085	34.0625	36.5625	39.0625
94121	34.0625	37.5	37.8125
94157	34.0625	38.125	37.8125
94193	34.0625	37.5	36.875
94229	33.125	38.4375	36.875
94265	31.875	40.625	36.875
94301	29.6875	40.9375	37.5
94337	30.9375	40.625	39.0625
94373	30.3125	40.9375	39.6875
94409	30.9375	40.9375	39.375
94445	30.3125	41.25	40.0
94481	30.625	40.0	40.0
94517	31.25	39.375	39.375
94553	31.25	38.75	40.625
94589	30.9375	39.375	40.625
94625	32.5	38.75	40.0
94661	34.375	38.75	40.625
94697	35.3125	40.0	40.9375
94733	35.9375	39.375	40.0
94769	36.25	38.75	40.0
94805	35.3125	38.4375	40.3125
94841	35.625	40.625	39.6875
94877	34.6875	40.625	40.0
94913	35.0	40.3125	40.3125
94949	35.3125	39.375	41.25
94985	36.5625	38.75	42.1875
95021	35.625	37.8125	42.8125
95057	35.3125	36.25	42.8125
95093	35.0	35.0	42.5
95129	36.5625	34.6875	41.25
95165	37.5	33.75	40.3125
95201	38.125	32.1875	39.6875
95237	38.75	30.9375	40.3125
95273	39.375	30.9375	39.375
95309	40.625	30.0	37.1875
95345	41.25	29.375	36.875
95381	41.25	30.0	35.9375
95417	41.25	29.375	35.3125
95453	40.625	29.375	34.6875
95489	40.3125	30.3125	34.375
95525	40.9375	29.0625	33.4375
95561	40.625	29.0625	34.0625
95597	40.0	30.0	34.375
95633	40.0	30.0	35.3125
95669	40.3125	29.375	34.375
95705	40.0	30.3125	35.0
95741	40.625	30.625	36.25
95777	41.875	30.625	36.25
95813	42.8125	29.6875	35.9375
95849	43.4375	29.375	35.9375
95885	44.0625	29.375	35.3125
95921	44.6875	28.75	34.375
95957	43.125	28.75	34.0625
95993	42.8125	29.6875	33.75
96029	43.75	30.0	34.375
96065	43.75	30.0	35.0
96101	41.875	30.0	36.875
96137	41.875	30.0	36.875
96173	41.25	30.3125	37.5
96209	40.625	29.375	38.125
96245	39.375	29.6875	39.0625
96281	38.4375	30.625	39.6875
96317	38.4375	30.0	41.25
96353	38.4375	30.3125	42.1875
96389	37.1875	31.5625	41.875
96425	37.8125	30.625	41.875
96461	36.875	29.6875	42.8125
96497	37.1875	30.0	43.4375
96533	35.625	28.75	42.8125
96569	35.3125	29.0625	41.5625
96605	34.6875	29.6875	40.0
96641	34.0625	30.0	40.9375
96677	33.4375	30.9375	40.3125
96713	33.125	30.3125	40.3125
96749	33.75	29.6875	40.3125
96785	32.8125	31.25	40.625
96821	31.875	31.5625	41.5625
96857	31.25	31.25	41.875
96893	31.5625	31.5625	41.25
96929	32.5	31.25	42.8125
96965	32.8125	31.25	43.125
97001	32.1875	31.25	42.8125
97037	33.125	32.1875	41.5625
97073	32.5	33.75	40.625
97109	33.125	34.6875	40.3125
97145	33.75	35.3125	39.375
97181	34.375	35.3125	38.4375
97217	34.0625	35.0	38.75
97253	34.375	34.6875	39.0625
97289	33.125	36.875	37.8125
97325	32.8125	37.1875	37.1875
97361	33.4375	36.875	37.8125
97397	33.125	37.1875	37.1875
97433	33.75	38.4375	35.625
97469	34.0625	38.75	35.0
97505	35.0	39.375	34.6875
97541	35.0	39.0625	34.6875
97577	35.0	39.375	34.6875
97613	36.25	39.0625	33.4375
97649	36.875	38.125	33.125
97685	37.1875	38.75	31.5625
97721	36.875	38.125	31.875
97757	38.4375	37.8125	30.3125
97793	39.375	38.75	30.9375
97829	38.75	39.0625	31.5625
97865	38.4375	39.0625	31.875
97901	37.8125	39.375	30.9375
97937	37.5	40.0	30.0
97973	37.1875	40.0	30.3125
98009	37.8125	39.0625	29.0625
98045	38.125	37.5	29.6875
98081	36.5625	38.125	31.25
98117	35.0	38.75	31.875
98153	33.75	40.3125	31.25
98189	34.0625	40.9375	30.625
98225	33.4375	40.9375	30.9375
98261	34.375	39.6875	30.3125
98297	34.375	40.3125	30.0
98333	34.375	40.9375	28.75
98369	33.125	42.1875	29.375
98405	32.8125	42.5	30.0
98441	31.875	42.1875	29.6875
98477	33.125	41.875	30.0
98513	32.1875	41.5625	30.0
98549	32.5	41.5625	30.0
98585	31.875	41.875	31.25
98621	32.5	40.625	31.25
98657	32.8125	40.9375	32.5
98693	33.4375	41.5625	31.25
98729	32.1875	42.1875	31.25
98765	32.8125	41.5625	30.9375
98801	32.1875	41.5625	30.3125
98837	32.8125	41.875	28.75
98873	34.0625	40.9375	29.0625
98909	34.6875	40.9375	29.375
98945	35.625	41.25	29.375
98981	34.375	40.625	30.3125
99017	34.6875	40.625	30.0
99053	35.0	39.375	29.6875
99089	35.0	38.125	29.375
99125	36.25	37.5	30.0