# BASE VAL1 VAL2
# color 0:255:0 0:0:255 100:100:100
17	45.0	31.25	31.25
53	46.25	30.0	28.75
89	51.25	30.0	27.5
125	52.5	30.0	28.75
161	47.5	33.75	31.25
197	43.75	36.25	35.0
233	41.25	38.75	32.5
269	41.25	36.25	33.75
305	38.75	33.75	35.0
341	37.5	37.5	36.25
377	35.0	37.5	40.0
413	41.25	38.75	33.75
449	41.25	40.0	27.5
485	38.75	38.75	28.75
521	42.5	41.25	27.5
557	45.0	40.0	25.0
593	46.25	40.0	25.0
629	45.0	41.25	23.75
665	38.75	38.75	32.5
701	42.5	31.25	31.25
737	45.0	33.75	28.75
773	45.0	33.75	33.75
809	41.25	36.25	33.75
845	45.0	35.0	31.25
881	46.25	35.0	28.75
917	48.75	38.75	26.25
953	46.25	40.0	26.25
989	40.0	38.75	26.25
1025	42.5	38.75	25.0
1061	41.25	40.0	23.75
1097	43.75	37.5	22.5
1133	42.5	36.25	22.5
1169	45.0	33.75	21.25
1205	48.75	37.5	23.75
1241	43.75	40.0	30.0
1277	53.75	36.25	26.25
1313	51.25	33.75	27.5
1349	48.75	37.5	30.0
1385	52.5	37.5	30.0
1421	48.75	35.0	30.0
1457	51.25	36.25	27.5
1493	53.75	36.25	25.0
1529	48.75	38.75	28.75
1565	50.0	41.25	28.75
1601	50.0	37.5	28.75
1637	46.25	36.25	28.75
1673	40.0	35.0	27.5
1709	40.0	36.25	30.0
1745	36.25	32.5	31.25
1781	37.5	37.5	27.5
1817	33.75	35.0	30.0
1853	38.75	35.0	27.5
1889	40.0	32.5	28.75
1925	41.25	31.25	26.25
1961	42.5	33.75	25.0
1997	45.0	27.5	31.25
2033	47.5	26.25	30.0
2069	47.5	25.0	30.0
2105	45.0	26.25	33.75
2141	46.25	28.75	30.0
2177	45.0	32.5	27.5
2213	42.5	28.75	27.5
2249	41.25	32.5	25.0
2285	40.0	30.0	28.75
2321	45.0	30.0	27.5
2357	42.5	28.75	26.25
2393	42.5	30.0	27.5
2429	42.5	35.0	28.75
2465	41.25	38.75	28.75
2501	40.0	38.75	28.75
2537	37.5	42.5	25.0
2573	32.5	46.25	26.25
2609	31.25	50.0	25.0
2645	31.25	47.5	26.25
2681	31.25	42.5	22.5
2717	32.5	43.75	23.75
2753	33.75	43.75	18.75
2789	31.25	42.5	18.75
2825	30.0	46.25	20.0
2861	30.0	47.5	23.75
2897	32.5	43.75	25.0
2933	35.0	47.5	23.75
2969	31.25	46.25	27.5
3005	31.25	45.0	30.0
3041	31.25	48.75	30.0
3077	32.5	45.0	27.5
3113	30.0	47.5	27.5
3149	26.25	47.5	28.75
3185	22.5	47.5	28.75
3221	27.5	47.5	30.0
3257	27.5	46.25	31.25
3293	28.75	45.0	33.75
3329	27.5	50.0	33.75
3365	31.25	51.25	33.75
3401	33.75	46.25	31.25
3437	36.25	42.5	31.25
3473	32.5	45.0	32.5
3509	35.0	43.75	32.5
3545	32.5	40.0	32.5
3581	31.25	33.75	35.0
3617	32.5	33.75	32.5
3653	32.5	36.25	35.0
3689	31.25	38.75	32.5
3725	32.5	41.25	38.75
3761	26.25	45.0	38.75
3797	30.0	45.0	38.75
3833	32.5	48.75	32.5
3869	31.25	48.75	35.0
3905	27.5	51.25	40.0
3941	27.5	50.0	41.25
3977	28.75	47.5	35.0
4013	30.0	47.5	35.0
4049	30.0	42.5	38.75
4085	28.75	43.75	38.75
4121	25.0	45.0	35.0
4157	28.75	43.75	30.0
4193	30.0	45.0	33.75
4229	27.5	41.25	37.5
4265	23.75	45.0	35.0
4301	26.25	52.5	33.75
4337	26.25	53.75	33.75
4373	31.25	57.5	30.0
4409	27.5	52.5	28.75
4445	26.25	58.75	26.25
4481	22.5	63.75	25.0
4517	22.5	63.75	26.25
4553	22.5	58.75	21.25
4589	21.25	53.75	23.75
4625	20.0	46.25	30.0
4661	17.5	43.75	28.75
4697	23.75	43.75	26.25
4733	26.25	38.75	25.0
4769	30.0	42.5	26.25
4805	27.5	46.25	28.75
4841	35.0	43.75	22.5
4877	40.0	50.0	17.5
4913	45.0	51.25	18.75
4949	47.5	52.5	16.25
4985	50.0	46.25	17.5
5021	47.5	41.25	17.5
5057	46.25	38.75	17.5
5093	41.25	37.5	21.25
5129	37.5	42.5	25.0
5165	31.25	41.25	27.5
5201	30.0	43.75	28.75
5237	28.75	46.25	28.75
5273	23.75	50.0	31.25
5309	20.0	48.75	37.5
5345	21.25	50.0	36.25
5381	22.5	47.5	35.0
5417	26.25	45.0	33.75
5453	23.75	46.25	32.5
5489	21.25	48.75	36.25
5525	26.25	46.25	32.5
5561	26.25	47.5	31.25
5597	26.25	46.25	33.75
5633	27.5	43.75	31.25
5669	26.25	45.0	28.75
5705	23.75	43.75	27.5
5741	22.5	42.5	30.0
5777	21.25	38.75	32.5
5813	17.5	38.75	32.5
5849	20.0	33.75	28.75
5885	16.25	36.25	32.5
5921	16.25	35.0	37.5
5957	18.75	31.25	33.75
5993	17.5	32.5	35.0
6029	18.75	36.25	36.25
6065	17.5	40.0	36.25
6101	13.75	38.75	37.5
6137	12.5	35.0	37.5
6173	11.25	42.5	38.75
6209	10.0	43.75	42.5
6245	12.5	45.0	40.0
6281	12.5	46.25	38.75
6317	12.5	46.25	42.5
6353	11.25	48.75	42.5
6389	11.25	51.25	47.5
6425	13.75	43.75	46.25
6461	16.25	40.0	43.75
6497	16.25	36.25	46.25
6533	18.75	35.0	46.25
6569	21.25	36.25	41.25
6605	23.75	35.0	40.0
6641	25.0	36.25	36.25
6677	25.0	32.5	33.75
6713	22.5	37.5	33.75
6749	16.25	40.0	33.75
6785	12.5	45.0	38.75
6821	12.5	40.0	38.75
6857	11.25	40.0	41.25
6893	10.0	38.75	41.25
6929	7.5	38.75	41.25
6965	8.75	40.0	45.0
7001	10.0	37.5	43.75
7037	11.25	36.25	41.25
7073	8.75	38.75	50.0
7109	15.0	36.25	41.25
7145	17.5	36.25	46.25
7181	18.75	36.25	46.25
7217	18.75	35.0	42.5
7253	20.0	35.0	42.5
7289	22.5	33.75	41.25
7325	25.0	30.0	36.25
7361	23.75	32.5	37.5
7397	22.5	28.75	36.25
7433	23.75	31.25	37.5
7469	28.75	30.0	37.5
7505	27.5	35.0	38.75
7541	25.0	37.5	43.75
7577	22.5	38.75	46.25
7613	21.25	43.75	51.25
7649	21.25	42.5	47.5
7685	18.75	38.75	47.5
7721	16.25	38.75	45.0
7757	16.25	37.5	42.5
7793	25.0	33.75	32.5
7829	27.5	31.25	33.75
7865	32.5	35.0	28.75
7901	33.75	35.0	30.0
7937	36.25	40.0	27.5
7973	41.25	35.0	27.5
8009	37.5	36.25	27.5
8045	40.0	41.25	23.75
8081	40.0	41.25	23.75
8117	41.25	36.25	22.5
8153	45.0	36.25	21.25
8189	43.75	41.25	18.75
8225	40.0	38.75	16.25
8261	36.25	35.0	21.25
8297	31.25	35.0	25.0
8333	35.0	32.5	23.75
8369	33.75	35.0	21.25
8405	35.0	32.5	20.0
8441	40.0	31.25	22.5
8477	41.25	32.5	25.0
8513	41.25	36.25	17.5
8549	40.0	35.0	13.75
8585	38.75	32.5	10.0
8621	42.5	33.75	10.0
8657	41.25	33.75	11.25
8693	35.0	36.25	8.75
8729	36.25	30.0	10.0
8765	38.75	31.25	11.25
8801	37.5	35.0	11.25
8837	41.25	33.75	11.25
8873	38.75	33.75	12.5
8909	37.5	36.25	12.5
8945	41.25	35.0	10.0
8981	43.75	37.5	8.75
9017	43.75	43.75	8.75
9053	46.25	40.0	8.75
9089	42.5	42.5	10.0
9125	38.75	42.5	7.5
9161	45.0	45.0	6.25
9197	45.0	42.5	7.5
9233	45.0	45.0	8.75
9269	40.0	41.25	10.0
9305	42.5	42.5	10.0
9341	43.75	43.75	10.0
9377	38.75	45.0	11.25
9413	36.25	42.5	8.75
9449	32.5	41.25	8.75
9485	38.75	40.0	5.0
9521	40.0	38.75	7.5
9557	36.25	36.25	7.5
9593	41.25	37.5	11.25
9629	42.5	37.5	11.25
9665	41.25	37.5	11.25
9701	42.5	37.5	11.25
9737	38.75	40.0	12.5
9773	40.0	42.5	10.0
9809	38.75	42.5	8.75
9845	37.5	36.25	8.75
9881	35.0	36.25	8.75
9917	33.75	36.25	7.5
9953	37.5	33.75	6.25
9989	42.5	37.5	8.75
10025	38.75	40.0	10.0
10061	41.25	42.5	10.0
10097	41.25	46.25	8.75
10133	42.5	46.25	8.75
10169	45.0	43.75	8.75
10205	40.0	47.5	8.75
10241	40.0	46.25	6.25
10277	41.25	47.5	6.25
10313	41.25	43.75	8.75
10349	37.5	43.75	8.75
10385	36.25	42.5	11.25
10421	37.5	41.25	10.0
10457	35.0	35.0	10.0
10493	38.75	32.5	10.0
10529	38.75	35.0	8.75
10565	38.75	38.75	10.0
10601	38.75	36.25	8.75
10637	37.5	37.5	7.5
10673	42.5	41.25	8.75
10709	42.5	43.75	8.75
10745	37.5	43.75	8.75
10781	36.25	40.0	8.75
10817	35.0	42.5	7.5
10853	35.0	45.0	8.75
10889	35.0	46.25	7.5
10925	31.25	42.5	6.25
10961	33.75	43.75	7.5
10997	36.25	40.0	6.25
11033	35.0	37.5	8.75
11069	33.75	38.75	8.75
11105	33.75	37.5	6.25
11141	33.75	36.25	6.25
11177	32.5	37.5	8.75
11213	35.0	35.0	8.75
11249	33.75	38.75	6.25
11285	36.25	43.75	5.0
11321	35.0	40.0	5.0
11357	40.0	40.0	7.5
11393	40.0	38.75	6.25
11429	36.25	42.5	3.75
11465	38.75	43.75	3.75
11501	38.75	35.0	5.0
11537	36.25	37.5	5.0
11573	33.75	40.0	2.5
11609	33.75	41.25	5.0
11645	28.75	37.5	7.5
11681	27.5	35.0	10.0
11717	30.0	38.75	10.0
11753	28.75	41.25	10.0
11789	33.75	45.0	8.75
11825	32.5	42.5	10.0
11861	33.75	42.5	8.75
11897	35.0	40.0	7.5
11933	32.5	45.0	5.0
11969	35.0	43.75	3.75
12005	35.0	35.0	5.0
12041	37.5	33.75	5.0
12077	38.75	31.25	2.5
12113	37.5	33.75	2.5
12149	38.75	37.5	2.5
12185	45.0	31.25	2.5
12221	41.25	38.75	2.5
12257	40.0	38.75	3.75
12293	37.5	43.75	6.25
12329	37.5	48.75	6.25
12365	35.0	47.5	11.25
12401	28.75	41.25	12.5
12437	28.75	41.25	12.5
12473	31.25	45.0	12.5
12509	35.0	52.5	11.25
12545	33.75	48.75	11.25
12581	37.5	50.0	8.75
12617	41.25	55.0	10.0
12653	43.75	62.5	8.75
12689	46.25	57.5	8.75
12725	36.25	48.75	12.5
12761	37.5	41.25	11.25
12797	38.75	42.5	10.0
12833	35.0	41.25	7.5
12869	35.0	38.75	5.0
12905	32.5	38.75	6.25
12941	35.0	43.75	3.75
12977	38.75	46.25	1.25
13013	35.0	46.25	2.5
13049	31.25	43.75	3.75
13085	32.5	42.5	3.75
13121	32.5	45.0	5.0
13157	32.5	42.5	3.75
13193	32.5	37.5	5.0
13229	30.0	38.75	6.25
13265	28.75	43.75	5.0
13301	33.75	47.5	5.0
13337	32.5	46.25	5.0
13373	33.75	46.25	7.5
13409	28.75	47.5	7.5
13445	28.75	48.75	8.75
13481	33.75	50.0	8.75
13517	33.75	48.75	8.75
13553	37.5	52.5	8.75
13589	37.5	52.5	8.75
13625	38.75	52.5	7.5
13661	41.25	50.0	7.5
13697	42.5	47.5	6.25
13733	43.75	48.75	6.25
13769	43.75	45.0	6.25
13805	41.25	47.5	3.75
13841	40.0	46.25	3.75
13877	37.5	46.25	2.5
13913	41.25	48.75	1.25
13949	40.0	47.5	1.25
13985	38.75	50.0	1.25
14021	40.0	52.5	1.25
14057	43.75	50.0	1.25
14093	43.75	51.25	1.25
14129	35.0	51.25	6.25
14165	28.75	48.75	8.75
14201	23.75	45.0	12.5
14237	25.0	38.75	17.5
14273	20.0	35.0	21.25
14309	20.0	31.25	21.25
14345	20.0	30.0	26.25
14381	21.25	30.0	27.5
14417	25.0	32.5	27.5
14453	23.75	37.5	27.5
14489	25.0	40.0	23.75
14525	30.0	41.25	22.5
14561	27.5	48.75	25.0
14597	27.5	48.75	25.0
14633	30.0	52.5	23.75
14669	32.5	47.5	22.5
14705	35.0	46.25	27.5
14741	30.0	50.0	30.0
14777	28.75	47.5	32.5
14813	33.75	40.0	32.5
14849	37.5	41.25	30.0
14885	32.5	36.25	27.5
14921	35.0	36.25	26.25
14957	33.75	37.5	21.25
14993	32.5	40.0	21.25
15029	31.25	37.5	23.75
15065	31.25	32.5	25.0
15101	32.5	33.75	25.0
15137	40.0	32.5	28.75
15173	37.5	33.75	33.75
15209	41.25	27.5	33.75
15245	38.75	27.5	31.25
15281	37.5	36.25	32.5
15317	32.5	37.5	30.0
15353	28.75	41.25	30.0
15389	23.75	48.75	28.75
15425	20.0	46.25	35.0
15461	16.25	48.75	37.5
15497	15.0	48.75	40.0
15533	15.0	46.25	43.75
15569	15.0	50.0	45.0
15605	15.0	47.5	45.0
15641	18.75	40.0	45.0
15677	22.5	35.0	45.0
15713	25.0	33.75	50.0
15749	26.25	36.25	48.75
15785	31.25	35.0	46.25
15821	31.25	28.75	46.25
15857	38.75	31.25	46.25
15893	36.25	31.25	50.0
15929	37.5	32.5	48.75
15965	35.0	36.25	47.5
16001	36.25	32.5	43.75
16037	35.0	31.25	51.25
16073	30.0	28.75	50.0
16109	33.75	28.75	47.5
16145	36.25	30.0	42.5
16181	38.75	28.75	37.5
16217	40.0	28.75	33.75
16253	37.5	27.5	33.75
16289	38.75	27.5	30.0
16325	37.5	28.75	28.75
16361	32.5	33.75	25.0
16397	27.5	40.0	27.5
16433	25.0	47.5	27.5
16469	23.75	52.5	30.0
16505	22.5	55.0	30.0
16541	20.0	62.5	27.5
16577	22.5	57.5	31.25
16613	26.25	53.75	33.75
16649	28.75	51.25	30.0
16685	30.0	53.75	33.75
16721	31.25	52.5	37.5
16757	28.75	56.25	36.25
16793	27.5	55.0	36.25
16829	25.0	60.0	31.25
16865	25.0	53.75	31.25
16901	26.25	52.5	35.0
16937	31.25	48.75	35.0
16973	30.0	50.0	33.75
17009	33.75	45.0	32.5
17045	32.5	47.5	32.5
17081	32.5	46.25	31.25
17117	28.75	51.25	32.5
17153	26.25	50.0	28.75
17189	25.0	50.0	28.75
17225	25.0	48.75	26.25
17261	25.0	46.25	26.25
17297	28.75	43.75	28.75
17333	27.5	42.5	27.5
17369	25.0	43.75	28.75
17405	22.5	45.0	32.5
17441	23.75	46.25	32.5
17477	25.0	46.25	32.5
17513	22.5	45.0	32.5
17549	22.5	45.0	36.25
17585	23.75	45.0	42.5
17621	27.5	46.25	43.75
17657	32.5	42.5	41.25
17693	31.25	38.75	42.5
17729	33.75	38.75	46.25
17765	36.25	37.5	50.0
17801	36.25	30.0	55.0
17837	38.75	27.5	52.5
17873	40.0	22.5	55.0
17909	37.5	22.5	58.75
17945	40.0	22.5	58.75
17981	38.75	18.75	65.0
18017	40.0	21.25	61.25
18053	36.25	21.25	60.0
18089	38.75	20.0	57.5
18125	41.25	21.25	52.5
18161	38.75	23.75	52.5
18197	41.25	22.5	51.25
18233	36.25	30.0	46.25
18269	31.25	32.5	47.5
18305	36.25	37.5	42.5
18341	31.25	36.25	45.0
18377	32.5	35.0	46.25
18413	33.75	35.0	42.5
18449	32.5	36.25	43.75
18485	33.75	33.75	43.75
18521	38.75	32.5	43.75
18557	35.0	33.75	43.75
18593	36.25	30.0	46.25
18629	35.0	30.0	45.0
18665	35.0	23.75	53.75
18701	36.25	25.0	52.5
18737	36.25	26.25	52.5
18773	37.5	27.5	48.75
18809	35.0	30.0	48.75
18845	35.0	37.5	46.25
18881	35.0	38.75	45.0
18917	35.0	40.0	42.5
18953	38.75	37.5	40.0
18989	40.0	36.25	38.75
19025	41.25	33.75	42.5
19061	41.25	31.25	45.0
19097	38.75	30.0	43.75
19133	38.75	33.75	37.5
19169	37.5	40.0	33.75
19205	35.0	40.0	31.25
19241	31.25	43.75	31.25
19277	30.0	47.5	27.5
19313	28.75	50.0	27.5
19349	27.5	52.5	33.75
19385	25.0	48.75	38.75
19421	23.75	48.75	37.5
19457	23.75	48.75	37.5
19493	28.75	46.25	35.0
19529	31.25	43.75	32.5
19565	30.0	42.5	28.75
19601	35.0	42.5	23.75
19637	36.25	42.5	21.25
19673	36.25	42.5	23.75
19709	40.0	41.25	25.0
19745	36.25	48.75	23.75
19781	31.25	48.75	27.5
19817	31.25	48.75	28.75
19853	31.25	46.25	26.25
19889	30.0	48.75	26.25
19925	27.5	47.5	25.0
19961	27.5	48.75	28.75
19997	25.0	48.75	32.5
20033	26.25	50.0	32.5
20069	26.25	51.25	35.0
20105	25.0	43.75	35.0
20141	21.25	42.5	38.75
20177	25.0	41.25	41.25
20213	22.5	38.75	40.0
20249	27.5	31.25	42.5
20285	26.25	26.25	43.75
20321	27.5	21.25	48.75
20357	35.0	23.75	47.5
20393	31.25	20.0	50.0
20429	33.75	17.5	51.25
20465	37.5	17.5	46.25
20501	37.5	20.0	47.5
20537	42.5	22.5	43.75
20573	37.5	22.5	42.5
20609	38.75	23.75	38.75
20645	42.5	20.0	37.5
20681	42.5	20.0	35.0
20717	37.5	21.25	37.5
20753	40.0	22.5	41.25
20789	41.25	22.5	45.0
20825	40.0	21.25	46.25
20861	32.5	22.5	48.75
20897	31.25	27.5	46.25
20933	30.0	31.25	42.5
20969	30.0	32.5	40.0
21005	28.75	30.0	35.0
21041	27.5	35.0	35.0
21077	32.5	37.5	33.75
21113	32.5	38.75	33.75
21149	36.25	38.75	35.0
21185	33.75	45.0	36.25
21221	31.25	45.0	40.0
21257	26.25	47.5	40.0
21293	28.75	48.75	33.75
21329	31.25	43.75	36.25
21365	25.0	46.25	36.25
21401	21.25	47.5	33.75
21437	20.0	48.75	35.0
21473	20.0	50.0	33.75
21509	20.0	43.75	30.0
21545	13.75	43.75	33.75
21581	13.75	41.25	36.25
21617	21.25	36.25	40.0
21653	27.5	33.75	38.75
21689	31.25	25.0	41.25
21725	36.25	25.0	42.5
21761	41.25	27.5	50.0
21797	46.25	26.25	53.75
21833	43.75	28.75	51.25
21869	37.5	32.5	47.5
21905	38.75	27.5	50.0
21941	40.0	32.5	45.0
21977	38.75	32.5	43.75
22013	40.0	31.25	43.75
22049	40.0	31.25	41.25
22085	40.0	31.25	43.75
22121	42.5	26.25	45.0
22157	40.0	27.5	47.5
22193	41.25	23.75	52.5
22229	45.0	21.25	55.0
22265	40.0	26.25	53.75
22301	40.0	30.0	53.75
22337	42.5	30.0	52.5
22373	40.0	30.0	51.25
22409	40.0	32.5	50.0
22445	37.5	33.75	47.5
22481	38.75	32.5	46.25
22517	42.5	27.5	43.75
22553	38.75	31.25	42.5
22589	35.0	27.5	38.75
22625	36.25	23.75	37.5
22661	32.5	23.75	38.75
22697	30.0	26.25	35.0
22733	22.5	30.0	36.25
22769	18.75	31.25	37.5
22805	16.25	26.25	38.75
22841	17.5	33.75	38.75
22877	16.25	32.5	37.5
22913	16.25	36.25	36.25
22949	15.0	36.25	35.0
22985	16.25	35.0	35.0
23021	21.25	35.0	36.25
23057	21.25	37.5	31.25
23093	18.75	36.25	37.5
23129	22.5	37.5	37.5
23165	23.75	33.75	36.25
23201	23.75	35.0	36.25
23237	22.5	36.25	37.5
23273	18.75	36.25	36.25
23309	20.0	33.75	36.25
23345	18.75	36.25	38.75
23381	17.5	35.0	41.25
23417	21.25	32.5	46.25
23453	21.25	31.25	47.5
23489	22.5	27.5	48.75
23525	25.0	25.0	51.25
23561	26.25	25.0	50.0
23597	33.75	22.5	46.25
23633	35.0	22.5	45.0
23669	38.75	25.0	43.75
23705	37.5	23.75	40.0
23741	35.0	25.0	40.0
23777	32.5	25.0	40.0
23813	35.0	23.75	40.0
23849	33.75	23.75	40.0
23885	31.25	30.0	35.0
23921	31.25	27.5	31.25
23957	33.75	31.25	31.25
23993	37.5	31.25	28.75
24029	41.25	27.5	30.0
24065	41.25	31.25	25.0
24101	46.25	27.5	26.25
24137	40.0	28.75	30.0
24173	36.25	31.25	27.5
24209	37.5	31.25	27.5
24245	38.75	35.0	23.75
24281	37.5	35.0	20.0
24317	35.0	36.25	21.25
24353	33.75	27.5	20.0
24389	33.75	30.0	13.75
24425	33.75	31.25	17.5
24461	32.5	30.0	17.5
24497	32.5	30.0	18.75
24533	31.25	32.5	21.25
24569	28.75	41.25	26.25
24605	28.75	42.5	32.5
24641	27.5	40.0	36.25
24677	27.5	37.5	37.5
24713	25.0	38.75	37.5
24749	22.5	37.5	41.25
24785	27.5	33.75	40.0
24821	30.0	35.0	33.75
24857	27.5	42.5	35.0
24893	28.75	43.75	33.75
24929	28.75	51.25	31.25
24965	28.75	56.25	32.5
25001	26.25	60.0	30.0
25037	25.0	56.25	31.25
25073	25.0	52.5	35.0
25109	30.0	47.5	30.0
25145	27.5	45.0	31.25
25181	33.75	36.25	31.25
25217	33.75	31.25	31.25
25253	42.5	25.0	31.25
25289	40.0	27.5	30.0
25325	42.5	28.75	22.5
25361	42.5	27.5	26.25
25397	46.25	28.75	26.25
25433	46.25	26.25	28.75
25469	43.75	28.75	28.75
25505	41.25	26.25	32.5
25541	40.0	22.5	33.75
25577	37.5	23.75	33.75
25613	33.75	23.75	32.5
25649	27.5	25.0	33.75
25685	28.75	27.5	35.0
25721	30.0	27.5	31.25
25757	27.5	28.75	30.0
25793	23.75	35.0	31.25
25829	27.5	36.25	30.0
25865	30.0	37.5	30.0
25901	28.75	41.25	27.5
25937	31.25	41.25	26.25
25973	35.0	42.5	31.25
26009	32.5	40.0	35.0
26045	30.0	37.5	33.75
26081	27.5	37.5	38.75
26117	25.0	35.0	37.5
26153	23.75	37.5	37.5
26189	17.5	40.0	38.75
26225	12.5	40.0	36.25
26261	17.5	42.5	37.5
26297	15.0	41.25	37.5
26333	15.0	38.75	41.25
26369	18.75	35.0	45.0
26405	23.75	31.25	47.5
26441	23.75	25.0	46.25
26477	23.75	26.25	50.0
26513	25.0	27.5	48.75
26549	30.0	28.75	48.75
26585	30.0	28.75	48.75
26621	35.0	28.75	47.5
26657	33.75	30.0	45.0
26693	36.25	27.5	47.5
26729	33.75	28.75	46.25
26765	32.5	30.0	43.75
26801	31.25	30.0	46.25
26837	30.0	27.5	43.75
26873	27.5	25.0	46.25
26909	28.75	26.25	46.25
26945	32.5	27.5	42.5
26981	31.25	27.5	41.25
27017	35.0	22.5	41.25
27053	33.75	25.0	42.5
27089	36.25	26.25	40.0
27125	37.5	31.25	33.75
27161	37.5	32.5	31.25
27197	41.25	32.5	27.5
27233	46.25	31.25	28.75
27269	43.75	33.75	25.0
27305	43.75	32.5	21.25
27341	42.5	32.5	23.75
27377	41.25	28.75	25.0
27413	42.5	26.25	25.0
27449	36.25	25.0	26.25
27485	38.75	26.25	23.75
27521	38.75	28.75	18.75
27557	43.75	30.0	16.25
27593	41.25	28.75	12.5
27629	38.75	35.0	10.0
27665	40.0	40.0	10.0
27701	38.75	42.5	12.5
27737	37.5	41.25	11.25
27773	36.25	42.5	11.25
27809	37.5	43.75	11.25
27845	43.75	45.0	15.0
27881	47.5	43.75	12.5
27917	45.0	40.0	15.0
27953	42.5	42.5	13.75
27989	41.25	40.0	15.0
28025	42.5	35.0	16.25
28061	38.75	31.25	17.5
28097	32.5	31.25	16.25
28133	32.5	28.75	13.75
28169	36.25	30.0	13.75
28205	37.5	30.0	16.25
28241	37.5	28.75	16.25
28277	35.0	32.5	16.25
28313	36.25	35.0	17.5
28349	37.5	33.75	17.5
28385	37.5	37.5	17.5
28421	36.25	38.75	17.5
28457	37.5	43.75	17.5
28493	35.0	46.25	21.25
28529	42.5	42.5	21.25
28565	38.75	46.25	21.25
28601	41.25	47.5	22.5
28637	41.25	47.5	21.25
28673	45.0	43.75	18.75
28709	47.5	38.75	17.5
28745	45.0	36.25	17.5
28781	41.25	38.75	16.25
28817	40.0	40.0	13.75
28853	38.75	38.75	17.5
28889	35.0	37.5	18.75
28925	35.0	43.75	16.25
28961	33.75	43.75	16.25
28997	37.5	46.25	17.5
29033	38.75	45.0	21.25
29069	41.25	45.0	21.25
29105	40.0	42.5	17.5
29141	45.0	42.5	18.75
29177	47.5	43.75	17.5
29213	46.25	47.5	21.25
29249	43.75	45.0	17.5
29285	42.5	40.0	16.25
29321	41.25	37.5	18.75
29357	40.0	40.0	20.0
29393	33.75	38.75	20.0
29429	36.25	33.75	18.75
29465	38.75	33.75	20.0
29501	38.75	33.75	20.0
29537	38.75	33.75	17.5
29573	40.0	35.0	16.25
29609	41.25	40.0	13.75
29645	41.25	40.0	15.0
29681	38.75	38.75	17.5
29717	41.25	37.5	15.0
29753	41.25	40.0	21.25
29789	42.5	42.5	20.0
29825	42.5	40.0	20.0
29861	37.5	36.25	17.5
29897	40.0	35.0	16.25
29933	41.25	35.0	12.5
29969	37.5	33.75	15.0
30005	38.75	31.25	12.5
30041	36.25	31.25	13.75
30077	31.25	31.25	13.75
30113	32.5	30.0	13.75
30149	30.0	35.0	15.0
30185	33.75	33.75	16.25
30221	31.25	31.25	16.25
30257	27.5	36.25	18.75
30293	33.75	37.5	21.25
30329	35.0	37.5	22.5
30365	31.25	41.25	23.75
30401	33.75	41.25	22.5
30437	31.25	40.0	21.25
30473	32.5	40.0	21.25
30509	36.25	40.0	22.5
30545	35.0	37.5	26.25
30581	36.25	32.5	27.5
30617	36.25	27.5	31.25
30653	36.25	30.0	33.75
30689	36.25	30.0	36.25
30725	38.75	28.75	37.5
30761	32.5	30.0	38.75
30797	40.0	31.25	33.75
30833	40.0	33.75	32.5
30869	42.5	35.0	28.75
30905	43.75	33.75	27.5
30941	48.75	35.0	20.0
30977	43.75	37.5	22.5
31013	42.5	38.75	25.0
31049	38.75	42.5	27.5
31085	35.0	41.25	26.25
31121	37.5	38.75	25.0
31157	31.25	37.5	27.5
31193	27.5	35.0	26.25
31229	22.5	32.5	26.25
31265	23.75	28.75	23.75
31301	28.75	26.25	21.25
31337	26.25	25.0	26.25
31373	28.75	23.75	28.75
31409	31.25	23.75	33.75
31445	32.5	28.75	36.25
31481	31.25	25.0	38.75
31517	28.75	23.75	43.75
31553	30.0	22.5	45.0
31589	26.25	18.75	40.0
31625	25.0	18.75	45.0
31661	23.75	16.25	42.5
31697	26.25	16.25	42.5
31733	31.25	13.75	41.25
31769	30.0	15.0	37.5
31805	30.0	16.25	35.0
31841	35.0	16.25	30.0
31877	35.0	17.5	31.25
31913	37.5	25.0	32.5
31949	38.75	30.0	32.5
31985	33.75	36.25	38.75
32021	30.0	41.25	43.75
32057	26.25	48.75	48.75
32093	26.25	55.0	48.75
32129	25.0	51.25	48.75
32165	22.5	47.5	45.0
32201	17.5	46.25	48.75
32237	17.5	52.5	52.5
32273	18.75	55.0	53.75
32309	16.25	57.5	57.5
32345	17.5	53.75	58.75
32381	13.75	57.5	57.5
32417	13.75	57.5	56.25
32453	17.5	55.0	50.0
32489	17.5	51.25	46.25
32525	21.25	43.75	41.25
32561	23.75	41.25	38.75
32597	22.5	43.75	38.75
32633	21.25	43.75	41.25
32669	23.75	41.25	41.25
32705	21.25	46.25	43.75
32741	21.25	43.75	47.5
32777	18.75	48.75	50.0
32813	20.0	50.0	50.0
32849	18.75	52.5	51.25
32885	18.75	51.25	48.75
32921	17.5	55.0	45.0
32957	15.0	57.5	42.5
32993	20.0	52.5	36.25
33029	18.75	52.5	36.25
33065	21.25	47.5	41.25
33101	23.75	43.75	43.75
33137	25.0	45.0	47.5
33173	25.0	40.0	47.5
33209	23.75	42.5	47.5
33245	20.0	48.75	48.75
33281	18.75	53.75	42.5
33317	18.75	57.5	36.25
33353	20.0	56.25	35.0
33389	17.5	58.75	36.25
33425	17.5	57.5	37.5
33461	18.75	56.25	41.25
33497	17.5	52.5	40.0
33533	18.75	52.5	46.25
33569	16.25	55.0	48.75
33605	17.5	60.0	45.0
33641	15.0	58.75	46.25
33677	17.5	57.5	48.75
33713	17.5	52.5	50.0
33749	13.75	53.75	50.0
33785	13.75	56.25	51.25
33821	13.75	50.0	52.5
33857	20.0	46.25	50.0
33893	22.5	43.75	51.25
33929	25.0	48.75	47.5
33965	27.5	50.0	45.0
34001	28.75	48.75	42.5
34037	30.0	43.75	40.0
34073	26.25	47.5	42.5
34109	22.5	46.25	43.75
34145	18.75	47.5	45.0
34181	18.75	43.75	47.5
34217	21.25	43.75	47.5
34253	18.75	43.75	48.75
34289	20.0	45.0	46.25
34325	20.0	47.5	47.5
34361	22.5	42.5	42.5
34397	27.5	37.5	42.5
34433	27.5	37.5	45.0
34469	28.75	31.25	46.25
34505	32.5	28.75	47.5
34541	33.75	28.75	50.0
34577	35.0	28.75	50.0
34613	37.5	26.25	53.75
34649	36.25	26.25	51.25
34685	37.5	27.5	48.75
34721	36.25	26.25	50.0
34757	37.5	23.75	51.25
34793	38.75	20.0	50.0
34829	43.75	17.5	51.25
34865	40.0	20.0	51.25
34901	42.5	20.0	52.5
34937	41.25	21.25	50.0
34973	43.75	23.75	48.75
35009	40.0	26.25	51.25
35045	41.25	26.25	51.25
35081	37.5	31.25	48.75
35117	37.5	31.25	48.75
35153	33.75	27.5	52.5
35189	36.25	26.25	55.0
35225	38.75	23.75	51.25
35261	38.75	27.5	48.75
35297	33.75	27.5	50.0
35333	35.0	25.0	51.25
35369	33.75	22.5	53.75
35405	36.25	21.25	51.25
35441	35.0	20.0	53.75
35477	28.75	25.0	50.0
35513	25.0	23.75	53.75
35549	32.5	23.75	50.0
35585	30.0	23.75	47.5
35621	30.0	26.25	45.0
35657	31.25	23.75	48.75
35693	31.25	27.5	42.5
35729	33.75	26.25	43.75
35765	37.5	25.0	42.5
35801	36.25	25.0	46.25
35837	37.5	23.75	48.75
35873	30.0	25.0	47.5
35909	27.5	27.5	46.25
35945	27.5	26.25	46.25
35981	27.5	25.0	41.25
36017	25.0	26.25	42.5
36053	28.75	26.25	41.25
36089	28.75	27.5	47.5
36125	28.75	27.5	43.75
36161	33.75	23.75	50.0
36197	32.5	23.75	55.0
36233	33.75	23.75	57.5
36269	36.25	28.75	53.75
36305	37.5	28.75	57.5
36341	41.25	27.5	55.0
36377	50.0	23.75	58.75
36413	51.25	25.0	51.25
36449	51.25	28.75	50.0
36485	51.25	25.0	55.0
36521	48.75	26.25	50.0
36557	42.5	30.0	46.25
36593	45.0	31.25	47.5
36629	41.25	32.5	46.25
36665	43.75	27.5	50.0
36701	45.0	27.5	50.0
36737	45.0	23.75	51.25
36773	45.0	25.0	55.0
36809	47.5	23.75	55.0
36845	45.0	20.0	58.75
36881	42.5	22.5	58.75
36917	37.5	23.75	63.75
36953	36.25	26.25	65.0
36989	36.25	26.25	61.25
37025	35.0	22.5	63.75
37061	32.5	23.75	63.75
37097	32.5	26.25	65.0
37133	33.75	25.0	60.0
37169	35.0	26.25	55.0
37205	38.75	25.0	53.75
37241	40.0	23.75	52.5
37277	42.5	22.5	48.75
37313	46.25	18.75	51.25
37349	47.5	16.25	56.25
37385	45.0	16.25	55.0
37421	46.25	16.25	57.5
37457	45.0	16.25	58.75
37493	43.75	18.75	58.75
37529	43.75	18.75	62.5
37565	47.5	21.25	56.25
37601	46.25	23.75	56.25
37637	45.0	22.5	57.5
37673	42.5	17.5	57.5
37709	40.0	22.5	56.25
37745	37.5	23.75	56.25
37781	31.25	25.0	55.0
37817	23.75	26.25	55.0
37853	25.0	27.5	51.25
37889	23.75	27.5	52.5
37925	23.75	26.25	51.25
37961	25.0	22.5	53.75
37997	23.75	22.5	52.5
38033	26.25	21.25	52.5
38069	23.75	22.5	55.0
38105	25.0	22.5	51.25
38141	23.75	27.5	50.0
38177	18.75	30.0	55.0
38213	22.5	31.25	51.25
38249	21.25	33.75	42.5
38285	23.75	27.5	46.25
38321	26.25	26.25	41.25
38357	27.5	27.5	45.0
38393	26.25	25.0	48.75
38429	25.0	23.75	45.0
38465	26.25	20.0	50.0
38501	25.0	20.0	52.5
38537	26.25	22.5	51.25
38573	27.5	22.5	51.25
38609	30.0	18.75	51.25
38645	28.75	21.25	51.25
38681	26.25	22.5	51.25
38717	30.0	25.0	50.0
38753	33.75	22.5	53.75
38789	28.75	21.25	55.0
38825	30.0	22.5	52.5
38861	27.5	25.0	51.25
38897	31.25	20.0	53.75
38933	30.0	21.25	53.75
38969	28.75	23.75	52.5
39005	33.75	23.75	47.5
39041	41.25	20.0	48.75
39077	46.25	16.25	53.75
39113	48.75	15.0	53.75
39149	50.0	15.0	52.5
39185	47.5	17.5	52.5
39221	48.75	16.25	51.25
39257	42.5	20.0	55.0
39293	32.5	26.25	51.25
39329	31.25	28.75	47.5
39365	32.5	26.25	50.0
39401	28.75	30.0	47.5
39437	23.75	27.5	48.75
39473	22.5	25.0	50.0
39509	23.75	18.75	52.5
39545	25.0	20.0	51.25
39581	28.75	21.25	51.25
39617	32.5	17.5	47.5
39653	37.5	16.25	47.5
39689	40.0	17.5	45.0
39725	40.0	23.75	38.75
39761	41.25	27.5	37.5
39797	43.75	23.75	41.25
39833	40.0	28.75	42.5
39869	38.75	31.25	38.75
39905	37.5	31.25	38.75
39941	32.5	30.0	42.5
39977	33.75	21.25	46.25
40013	32.5	22.5	43.75
40049	28.75	23.75	42.5
40085	30.0	22.5	45.0
40121	33.75	18.75	50.0
40157	32.5	20.0	52.5
40193	33.75	20.0	53.75
40229	36.25	23.75	50.0
40265	32.5	21.25	52.5
40301	36.25	25.0	51.25
40337	33.75	26.25	46.25
40373	32.5	26.25	43.75
40409	33.75	27.5	42.5
40445	32.5	30.0	43.75
40481	41.25	27.5	46.25
40517	42.5	22.5	45.0
40553	43.75	18.75	47.5
40589	43.75	21.25	50.0
40625	45.0	23.75	51.25
40661	45.0	28.75	47.5
40697	41.25	30.0	46.25
40733	38.75	31.25	47.5
40769	37.5	33.75	47.5
40805	32.5	33.75	50.0
40841	35.0	32.5	50.0
40877	31.25	27.5	51.25
40913	33.75	25.0	50.0
40949	27.5	25.0	50.0
40985	28.75	25.0	51.25
41021	27.5	25.0	48.75
41057	27.5	25.0	48.75
41093	30.0	25.0	43.75
41129	36.25	23.75	43.75
41165	35.0	26.25	41.25
41201	38.75	27.5	38.75
41237	42.5	28.75	41.25
41273	43.75	28.75	40.0
41309	38.75	27.5	37.5
41345	38.75	28.75	42.5
41381	33.75	33.75	40.0
41417	32.5	31.25	41.25
41453	30.0	30.0	38.75
41489	30.0	30.0	38.75
41525	26.25	33.75	35.0
41561	31.25	32.5	35.0
41597	28.75	32.5	31.25
41633	31.25	31.25	32.5
41669	28.75	28.75	36.25
41705	32.5	28.75	41.25
41741	33.75	26.25	38.75
41777	35.0	23.75	41.25
41813	35.0	27.5	41.25
41849	38.75	25.0	42.5
41885	38.75	25.0	42.5
41921	38.75	23.75	41.25
41957	36.25	21.25	45.0
41993	35.0	20.0	47.5
42029	36.25	21.25	46.25
42065	35.0	21.25	48.75
42101	33.75	20.0	47.5
42137	36.25	21.25	47.5
42173	36.25	22.5	46.25
42209	38.75	22.5	48.75
42245	33.75	22.5	53.75
42281	36.25	16.25	56.25
42317	33.75	16.25	53.75
42353	32.5	18.75	55.0
42389	33.75	16.25	57.5
42425	32.5	16.25	53.75
42461	37.5	15.0	52.5
42497	41.25	17.5	50.0
42533	41.25	17.5	53.75
42569	41.25	17.5	55.0
42605	42.5	20.0	55.0
42641	37.5	20.0	50.0
42677	35.0	28.75	47.5
42713	35.0	30.0	42.5
42749	33.75	30.0	37.5
42785	32.5	32.5	40.0
42821	33.75	36.25	35.0
42857	36.25	35.0	36.25
42893	37.5	35.0	40.0
42929	38.75	32.5	41.25
42965	38.75	31.25	38.75
43001	38.75	33.75	38.75
43037	42.5	31.25	32.5
43073	40.0	27.5	33.75
43109	43.75	26.25	32.5
43145	43.75	21.25	30.0
43181	42.5	23.75	30.0
43217	45.0	23.75	27.5
43253	43.75	20.0	33.75
43289	48.75	18.75	38.75
43325	46.25	21.25	36.25
43361	46.25	23.75	38.75
43397	46.25	25.0	40.0
43433	51.25	23.75	42.5
43469	48.75	27.5	43.75
43505	50.0	28.75	41.25
43541	46.25	30.0	38.75
43577	50.0	26.25	42.5
43613	47.5	26.25	42.5
43649	38.75	32.5	42.5
43685	37.5	30.0	42.5
43721	38.75	30.0	42.5
43757	33.75	26.25	43.75
43793	37.5	28.75	41.25
43829	36.25	30.0	41.25
43865	43.75	26.25	38.75
43901	45.0	23.75	38.75
43937	43.75	27.5	38.75
43973	46.25	27.5	38.75
44009	41.25	33.75	38.75
44045	42.5	35.0	36.25
44081	42.5	32.5	36.25
44117	42.5	33.75	36.25
44153	40.0	32.5	36.25
44189	37.5	35.0	33.75
44225	38.75	35.0	32.5
44261	41.25	32.5	30.0
44297	35.0	31.25	36.25
44333	36.25	31.25	36.25
44369	35.0	32.5	33.75
44405	35.0	37.5	33.75
44441	37.5	32.5	35.0
44477	40.0	35.0	32.5
44513	45.0	32.5	33.75
44549	48.75	31.25	32.5
44585	51.25	31.25	31.25
44621	50.0	26.25	36.25
44657	51.25	27.5	33.75
44693	52.5	28.75	31.25
44729	51.25	30.0	32.5
44765	46.25	32.5	30.0
44801	45.0	32.5	38.75
44837	43.75	33.75	33.75
44873	46.25	32.5	31.25
44909	46.25	28.75	32.5
44945	43.75	31.25	33.75
44981	45.0	30.0	33.75
45017	42.5	32.5	32.5
45053	45.0	31.25	31.25
45089	46.25	32.5	30.0
45125	41.25	37.5	32.5
45161	40.0	36.25	33.75
45197	42.5	36.25	33.75
45233	45.0	35.0	33.75
45269	46.25	35.0	33.75
45305	43.75	38.75	30.0
45341	46.25	37.5	31.25
45377	47.5	35.0	31.25
45413	48.75	36.25	28.75
45449	50.0	33.75	27.5
45485	46.25	36.25	27.5
45521	48.75	33.75	26.25
45557	50.0	28.75	30.0
45593	50.0	30.0	28.75
45629	48.75	31.25	33.75
45665	47.5	37.5	32.5
45701	43.75	35.0	37.5
45737	47.5	35.0	38.75
45773	47.5	33.75	37.5
45809	47.5	37.5	35.0
45845	43.75	35.0	33.75
45881	43.75	35.0	32.5
45917	40.0	33.75	27.5
45953	38.75	32.5	27.5
45989	38.75	33.75	28.75
46025	42.5	35.0	32.5
46061	42.5	35.0	33.75
46097	42.5	33.75	33.75
46133	43.75	32.5	37.5
46169	45.0	31.25	40.0
46205	48.75	31.25	38.75
46241	46.25	27.5	38.75
46277	47.5	27.5	36.25
46313	42.5	25.0	33.75
46349	47.5	27.5	35.0
46385	51.25	22.5	33.75
46421	51.25	20.0	37.5
46457	52.5	21.25	36.25
46493	56.25	20.0	40.0
46529	56.25	21.25	43.75
46565	51.25	21.25	43.75
46601	47.5	23.75	42.5
46637	43.75	27.5	41.25
46673	45.0	30.0	37.5
46709	42.5	31.25	32.5
46745	37.5	32.5	27.5
46781	38.75	33.75	27.5
46817	42.5	35.0	23.75
46853	41.25	35.0	25.0
46889	43.75	32.5	26.25
46925	37.5	32.5	27.5
46961	37.5	33.75	31.25
46997	40.0	37.5	33.75
47033	38.75	37.5	35.0
47069	37.5	35.0	37.5
47105	35.0	36.25	36.25
47141	30.0	36.25	36.25
47177	30.0	36.25	43.75
47213	27.5	36.25	43.75
47249	25.0	32.5	46.25
47285	25.0	32.5	48.75
47321	25.0	32.5	50.0
47357	27.5	32.5	47.5
47393	32.5	28.75	48.75
47429	33.75	28.75	45.0
47465	32.5	26.25	47.5
47501	26.25	30.0	45.0
47537	28.75	31.25	41.25
47573	30.0	33.75	42.5
47609	28.75	33.75	40.0
47645	25.0	38.75	42.5
47681	23.75	40.0	42.5
47717	31.25	35.0	42.5
47753	36.25	33.75	46.25
47789	33.75	32.5	46.25
47825	30.0	35.0	48.75
47861	31.25	37.5	43.75
47897	31.25	35.0	46.25
47933	30.0	38.75	41.25
47969	26.25	42.5	42.5
48005	22.5	42.5	42.5
48041	22.5	37.5	40.0
48077	23.75	35.0	40.0
48113	26.25	35.0	41.25
48149	28.75	36.25	41.25
48185	30.0	32.5	40.0
48221	35.0	32.5	36.25
48257	36.25	32.5	35.0
48293	38.75	36.25	33.75
48329	40.0	37.5	35.0
48365	40.0	33.75	37.5
48401	40.0	35.0	32.5
48437	38.75	33.75	36.25
48473	36.25	38.75	41.25
48509	33.75	31.25	43.75
48545	36.25	30.0	42.5
48581	30.0	37.5	48.75
48617	30.0	41.25	51.25
48653	28.75	40.0	52.5
48689	30.0	40.0	51.25
48725	36.25	37.5	52.5
48761	37.5	38.75	51.25
48797	37.5	32.5	47.5
48833	45.0	27.5	42.5
48869	45.0	25.0	43.75
48905	43.75	26.25	41.25
48941	40.0	25.0	41.25
48977	36.25	30.0	40.0
49013	35.0	32.5	40.0
49049	35.0	33.75	42.5
49085	32.5	37.5	42.5
49121	31.25	36.25	43.75
49157	32.5	36.25	46.25
49193	32.5	36.25	47.5
49229	31.25	35.0	50.0
49265	30.0	35.0	51.25
49301	36.25	31.25	50.0
49337	35.0	30.0	51.25
49373	35.0	28.75	51.25
49409	36.25	28.75	50.0
49445	38.75	28.75	46.25
49481	40.0	30.0	46.25
49517	42.5	30.0	41.25
49553	37.5	33.75	43.75
49589	38.75	32.5	42.5
49625	37.5	35.0	41.25
49661	37.5	33.75	41.25
49697	36.25	33.75	41.25
49733	35.0	32.5	41.25
49769	31.25	33.75	46.25
49805	28.75	32.5	43.75
49841	32.5	31.25	42.5
49877	32.5	33.75	46.25
49913	32.5	35.0	47.5
49949	31.25	32.5	45.0
49985	32.5	33.75	43.75
50021	35.0	32.5	41.25
50057	36.25	32.5	43.75
50093	31.25	35.0	45.0
50129	31.25	31.25	45.0
50165	31.25	28.75	46.25
50201	31.25	30.0	45.0
50237	28.75	30.0	43.75
50273	30.0	30.0	43.75
50309	28.75	30.0	43.75
50345	26.25	33.75	46.25
50381	31.25	32.5	46.25
50417	32.5	28.75	42.5
50453	31.25	27.5	46.25
50489	32.5	26.25	45.0
50525	32.5	28.75	45.0
50561	32.5	27.5	50.0
50597	30.0	30.0	52.5
50633	26.25	30.0	52.5
50669	26.25	32.5	52.5
50705	26.25	31.25	53.75
50741	25.0	32.5	52.5
50777	26.25	27.5	56.25
50813	27.5	28.75	53.75
50849	31.25	27.5	55.0
50885	32.5	28.75	52.5
50921	30.0	30.0	53.75
50957	35.0	31.25	51.25
50993	38.75	30.0	48.75
51029	38.75	32.5	48.75
51065	41.25	32.5	45.0
51101	37.5	36.25	47.5
51137	42.5	33.75	40.0
51173	41.25	33.75	42.5
51209	36.25	35.0	46.25
51245	33.75	35.0	46.25
51281	32.5	36.25	45.0
51317	36.25	30.0	50.0
51353	35.0	31.25	46.25
51389	31.25	32.5	45.0
51425	35.0	33.75	40.0
51461	35.0	32.5	36.25
51497	36.25	32.5	38.75
51533	36.25	32.5	33.75
51569	33.75	35.0	36.25
51605	33.75	35.0	35.0
51641	33.75	35.0	37.5
51677	31.25	38.75	38.75
51713	31.25	37.5	40.0
51749	25.0	40.0	43.75
51785	26.25	36.25	46.25
51821	27.5	41.25	47.5
51857	27.5	38.75	48.75
51893	26.25	36.25	55.0
51929	30.0	35.0	51.25
51965	28.75	36.25	48.75
52001	26.25	35.0	48.75
52037	26.25	33.75	50.0
52073	26.25	28.75	51.25
52109	22.5	25.0	52.5
52145	23.75	26.25	48.75
52181	25.0	26.25	48.75
52217	23.75	26.25	48.75
52253	26.25	26.25	50.0
52289	31.25	27.5	46.25
52325	32.5	28.75	45.0
52361	32.5	30.0	47.5
52397	32.5	32.5	46.25
52433	33.75	28.75	47.5
52469	35.0	26.25	45.0
52505	36.25	26.25	45.0
52541	35.0	27.5	42.5
52577	31.25	27.5	46.25
52613	28.75	32.5	41.25
52649	27.5	31.25	45.0
52685	27.5	33.75	46.25
52721	28.75	33.75	45.0
52757	26.25	36.25	47.5
52793	23.75	35.0	50.0
52829	27.5	32.5	45.0
52865	28.75	28.75	48.75
52901	31.25	27.5	46.25
52937	30.0	30.0	48.75
52973	31.25	27.5	46.25
53009	32.5	23.75	47.5
53045	36.25	23.75	50.0
53081	32.5	26.25	51.25
53117	38.75	26.25	47.5
53153	40.0	22.5	47.5
53189	40.0	22.5	48.75
53225	45.0	27.5	46.25
53261	43.75	28.75	45.0
53297	43.75	28.75	47.5
53333	40.0	26.25	48.75
53369	36.25	27.5	52.5
53405	32.5	28.75	52.5
53441	31.25	31.25	50.0
53477	31.25	28.75	52.5
53513	28.75	32.5	56.25
53549	30.0	32.5	53.75
53585	33.75	35.0	52.5
53621	32.5	36.25	53.75
53657	31.25	35.0	50.0
53693	28.75	32.5	52.5
53729	30.0	35.0	45.0
53765	31.25	32.5	43.75
53801	31.25	31.25	40.0
53837	33.75	30.0	36.25
53873	32.5	30.0	38.75
53909	28.75	30.0	46.25
53945	28.75	28.75	47.5
53981	27.5	30.0	48.75
54017	25.0	36.25	50.0
54053	26.25	31.25	52.5
54089	22.5	36.25	56.25
54125	23.75	38.75	52.5
54161	25.0	40.0	51.25
54197	31.25	40.0	46.25
54233	28.75	37.5	51.25
54269	27.5	37.5	52.5
54305	27.5	36.25	42.5
54341	30.0	32.5	36.25
54377	27.5	30.0	35.0
54413	26.25	28.75	32.5
54449	23.75	33.75	32.5
54485	23.75	32.5	31.25
54521	26.25	28.75	31.25
54557	22.5	27.5	36.25
54593	25.0	31.25	40.0
54629	27.5	28.75	41.25
54665	28.75	23.75	45.0
54701	31.25	26.25	42.5
54737	30.0	28.75	48.75
54773	36.25	28.75	50.0
54809	41.25	26.25	52.5
54845	41.25	30.0	51.25
54881	36.25	31.25	51.25
54917	38.75	30.0	50.0
54953	32.5	31.25	52.5
54989	32.5	30.0	45.0
55025	28.75	30.0	46.25
55061	25.0	27.5	47.5
55097	22.5	27.5	41.25
55133	23.75	35.0	35.0
55169	23.75	36.25	28.75
55205	33.75	36.25	23.75
55241	36.25	38.75	21.25
55277	38.75	42.5	16.25
55313	40.0	42.5	20.0
55349	41.25	43.75	23.75
55385	43.75	40.0	25.0
55421	42.5	45.0	28.75
55457	40.0	43.75	30.0
55493	38.75	42.5	36.25
55529	40.0	45.0	33.75
55565	37.5	46.25	35.0
55601	32.5	47.5	33.75
55637	33.75	48.75	30.0
55673	33.75	46.25	28.75
55709	27.5	47.5	32.5
55745	33.75	47.5	27.5
55781	31.25	42.5	30.0
55817	36.25	50.0	26.25
55853	36.25	45.0	26.25
55889	37.5	42.5	25.0
55925	40.0	42.5	25.0
55961	43.75	38.75	20.0
55997	45.0	37.5	22.5
56033	43.75	35.0	22.5
56069	47.5	31.25	23.75
56105	46.25	30.0	26.25
56141	47.5	26.25	25.0
56177	43.75	26.25	30.0
56213	47.5	23.75	33.75
56249	47.5	26.25	33.75
56285	47.5	27.5	32.5
56321	50.0	25.0	35.0
56357	48.75	25.0	37.5
56393	46.25	30.0	37.5
56429	46.25	28.75	40.0
56465	41.25	28.75	36.25
56501	41.25	26.25	37.5
56537	35.0	27.5	37.5
56573	36.25	28.75	33.75
56609	38.75	28.75	28.75
56645	40.0	31.25	31.25
56681	42.5	36.25	32.5
56717	37.5	35.0	30.0
56753	38.75	36.25	28.75
56789	40.0	37.5	27.5
56825	36.25	37.5	27.5
56861	32.5	40.0	27.5
56897	33.75	35.0	28.75
56933	31.25	31.25	32.5
56969	31.25	33.75	35.0
57005	32.5	31.25	36.25
57041	35.0	33.75	37.5
57077	37.5	32.5	36.25
57113	36.25	26.25	37.5
57149	43.75	21.25	33.75
57185	43.75	20.0	31.25
57221	45.0	17.5	33.75
57257	41.25	16.25	33.75
57293	41.25	16.25	35.0
57329	41.25	18.75	38.75
57365	41.25	20.0	40.0
57401	40.0	22.5	36.25
57437	45.0	25.0	36.25
57473	40.0	27.5	31.25
57509	37.5	31.25	28.75
57545	37.5	30.0	28.75
57581	35.0	32.5	25.0
57617	33.75	33.75	23.75
57653	27.5	38.75	23.75
57689	27.5	41.25	23.75
57725	31.25	40.0	22.5
57761	28.75	35.0	23.75
57797	30.0	32.5	27.5
57833	28.75	32.5	35.0
57869	26.25	28.75	38.75
57905	25.0	25.0	43.75
57941	23.75	27.5	52.5
57977	25.0	30.0	55.0
58013	26.25	30.0	52.5
58049	22.5	31.25	50.0
58085	25.0	31.25	45.0
58121	26.25	31.25	45.0
58157	27.5	31.25	47.5
58193	30.0	25.0	41.25
58229	31.25	31.25	43.75
58265	31.25	33.75	50.0
58301	31.25	40.0	48.75
58337	30.0	41.25	43.75
58373	30.0	42.5	42.5
58409	27.5	47.5	40.0
58445	27.5	51.25	35.0
58481	31.25	47.5	33.75
58517	31.25	47.5	28.75
58553	35.0	43.75	27.5
58589	35.0	46.25	28.75
58625	37.5	43.75	25.0
58661	40.0	37.5	25.0
58697	41.25	33.75	27.5
58733	37.5	30.0	26.25
58769	42.5	27.5	31.25
58805	43.75	25.0	30.0
58841	42.5	22.5	32.5
58877	45.0	23.75	33.75
58913	45.0	23.75	33.75
58949	48.75	27.5	37.5
58985	52.5	27.5	40.0
59021	51.25	26.25	41.25
59057	55.0	28.75	37.5
59093	52.5	30.0	40.0
59129	47.5	35.0	37.5
59165	41.25	36.25	41.25
59201	31.25	36.25	37.5
59237	27.5	37.5	35.0
59273	26.25	46.25	32.5
59309	22.5	42.5	35.0
59345	27.5	40.0	32.5
59381	30.0	38.75	28.75
59417	35.0	40.0	25.0
59453	40.0	36.25	23.75
59489	36.25	33.75	27.5
59525	40.0	32.5	27.5
59561	40.0	37.5	25.0
59597	41.25	36.25	25.0
59633	40.0	37.5	27.5
59669	33.75	37.5	33.75
59705	35.0	41.25	32.5
59741	35.0	45.0	35.0
59777	31.25	42.5	36.25
59813	30.0	40.0	35.0
59849	32.5	37.5	36.25
59885	35.0	32.5	37.5
59921	37.5	31.25	38.75
59957	41.25	27.5	37.5
59993	47.5	23.75	33.75
60029	52.5	25.0	35.0
60065	53.75	23.75	37.5
60101	51.25	27.5	36.25
60137	50.0	28.75	35.0
60173	56.25	30.0	32.5
60209	56.25	28.75	36.25
60245	48.75	27.5	35.0
60281	45.0	30.0	35.0
60317	40.0	32.5	37.5
60353	43.75	27.5	40.0
60389	37.5	22.5	42.5
60425	30.0	21.25	41.25
60461	27.5	21.25	42.5
60497	28.75	18.75	45.0
60533	30.0	13.75	43.75
60569	30.0	15.0	43.75
60605	32.5	20.0	41.25
60641	33.75	26.25	42.5
60677	31.25	32.5	42.5
60713	32.5	36.25	40.0
60749	33.75	38.75	40.0
60785	35.0	38.75	37.5
60821	33.75	42.5	33.75
60857	37.5	42.5	31.25
60893	38.75	41.25	30.0
60929	42.5	41.25	30.0
60965	43.75	38.75	31.25
61001	43.75	35.0	30.0
61037	43.75	35.0	28.75
61073	41.25	32.5	28.75
61109	38.75	30.0	27.5
61145	42.5	23.75	28.75
61181	40.0	20.0	28.75
61217	41.25	22.5	28.75
61253	35.0	27.5	30.0
61289	32.5	27.5	31.25
61325	37.5	27.5	35.0
61361	35.0	26.25	37.5
61397	32.5	27.5	42.5
61433	31.25	30.0	42.5
61469	38.75	26.25	45.0
61505	40.0	27.5	45.0
61541	45.0	25.0	42.5
61577	47.5	26.25	41.25
61613	50.0	26.25	32.5
61649	53.75	28.75	27.5
61685	53.75	27.5	31.25
61721	50.0	30.0	28.75
61757	52.5	25.0	28.75
61793	51.25	27.5	31.25
61829	50.0	28.75	33.75
61865	48.75	30.0	35.0
61901	48.75	28.75	32.5
61937	47.5	31.25	31.25
61973	47.5	36.25	31.25
62009	46.25	35.0	30.0
62045	45.0	35.0	27.5
62081	40.0	36.25	25.0
62117	37.5	38.75	26.25
62153	35.0	38.75	30.0
62189	37.5	32.5	27.5
62225	36.25	32.5	28.75
62261	38.75	31.25	31.25
62297	42.5	31.25	33.75
62333	46.25	31.25	35.0
62369	48.75	30.0	35.0
62405	47.5	31.25	36.25
62441	48.75	33.75	41.25
62477	46.25	32.5	37.5
62513	46.25	32.5	43.75
62549	45.0	31.25	43.75
62585	43.75	31.25	41.25
62621	43.75	31.25	38.75
62657	46.25	28.75	35.0
62693	48.75	25.0	36.25
62729	48.75	25.0	35.0
62765	48.75	26.25	31.25
62801	46.25	30.0	31.25
62837	47.5	30.0	30.0
62873	46.25	33.75	33.75
62909	45.0	33.75	35.0
62945	46.25	33.75	36.25
62981	47.5	37.5	41.25
63017	50.0	36.25	40.0
63053	57.5	31.25	41.25
63089	56.25	30.0	38.75
63125	53.75	31.25	36.25
63161	48.75	31.25	32.5
63197	46.25	32.5	30.0
63233	45.0	35.0	27.5
63269	45.0	33.75	22.5
63305	46.25	35.0	25.0
63341	51.25	31.25	28.75
63377	55.0	30.0	33.75
63413	56.25	35.0	35.0
63449	57.5	31.25	32.5
63485	53.75	32.5	32.5
63521	48.75	37.5	30.0
63557	47.5	32.5	28.75
63593	45.0	38.75	25.0
63629	42.5	37.5	22.5
63665	43.75	38.75	22.5
63701	43.75	36.25	28.75
63737	48.75	31.25	27.5
63773	48.75	28.75	32.5
63809	42.5	32.5	37.5
63845	40.0	28.75	43.75
63881	33.75	26.25	50.0
63917	32.5	25.0	50.0
63953	31.25	31.25	47.5
63989	30.0	36.25	51.25
64025	30.0	37.5	47.5
64061	32.5	35.0	42.5
64097	32.5	38.75	33.75
64133	35.0	36.25	31.25
64169	30.0	38.75	32.5
64205	26.25	42.5	37.5
64241	26.25	38.75	36.25
64277	27.5	43.75	33.75
64313	30.0	47.5	35.0
64349	35.0	48.75	33.75
64385	35.0	50.0	35.0
64421	36.25	51.25	33.75
64457	38.75	46.25	36.25
64493	37.5	45.0	33.75
64529	37.5	47.5	33.75
64565	33.75	45.0	35.0
64601	28.75	40.0	37.5
64637	32.5	35.0	40.0
64673	38.75	31.25	40.0
64709	38.75	27.5	41.25
64745	42.5	23.75	45.0
64781	45.0	16.25	45.0
64817	48.75	16.25	45.0
64853	50.0	20.0	43.75
64889	45.0	17.5	50.0
64925	47.5	21.25	50.0
64961	43.75	23.75	45.0
64997	45.0	26.25	41.25
65033	43.75	27.5	46.25
65069	40.0	26.25	38.75
65105	42.5	27.5	33.75
65141	47.5	33.75	26.25
65177	43.75	35.0	28.75
65213	43.75	31.25	28.75
65249	40.0	31.25	28.75
65285	38.75	36.25	26.25
65321	37.5	41.25	26.25
65357	33.75	42.5	26.25
65393	30.0	36.25	26.25
65429	31.25	36.25	26.25
65465	31.25	40.0	26.25
65501	31.25	41.25	28.75
65537	27.5	46.25	26.25
65573	33.75	43.75	27.5
65609	36.25	47.5	26.25
65645	38.75	47.5	27.5
65681	33.75	50.0	28.75
65717	37.5	48.75	26.25
65753	38.75	51.25	26.25
65789	38.75	50.0	31.25
65825	40.0	47.5	32.5
65861	38.75	46.25	35.0
65897	36.25	42.5	33.75
65933	38.75	41.25	35.0
65969	33.75	45.0	33.75
66005	38.75	40.0	33.75
66041	35.0	40.0	35.0
66077	40.0	38.75	31.25
66113	46.25	37.5	28.75
66149	42.5	38.75	32.5
66185	46.25	37.5	33.75
66221	47.5	35.0	37.5
66257	47.5	38.75	32.5
66293	40.0	40.0	35.0
66329	33.75	41.25	38.75
66365	32.5	48.75	33.75
66401	40.0	51.25	26.25
66437	38.75	50.0	25.0
66473	32.5	48.75	26.25
66509	31.25	51.25	26.25
66545	33.75	50.0	30.0
66581	32.5	52.5	27.5
66617	28.75	43.75	32.5
66653	28.75	47.5	31.25
66689	30.0	48.75	30.0
66725	32.5	47.5	31.25
66761	37.5	46.25	31.25
66797	41.25	45.0	27.5
66833	37.5	45.0	23.75
66869	38.75	52.5	20.0
66905	35.0	50.0	21.25
66941	35.0	51.25	16.25
66977	32.5	50.0	13.75
67013	26.25	51.25	12.5
67049	28.75	48.75	16.25
67085	28.75	48.75	20.0
67121	30.0	45.0	21.25
67157	31.25	43.75	22.5
67193	36.25	43.75	22.5
67229	42.5	45.0	22.5
67265	43.75	46.25	21.25
67301	47.5	46.25	20.0
67337	50.0	47.5	20.0
67373	51.25	46.25	18.75
67409	48.75	43.75	22.5
67445	43.75	46.25	22.5
67481	41.25	40.0	27.5
67517	40.0	40.0	26.25
67553	41.25	42.5	23.75
67589	42.5	43.75	27.5
67625	35.0	43.75	27.5
67661	41.25	45.0	23.75
67697	41.25	38.75	26.25
67733	40.0	38.75	23.75
67769	38.75	37.5	27.5
67805	38.75	33.75	27.5
67841	33.75	31.25	30.0
67877	36.25	31.25	26.25
67913	37.5	35.0	27.5
67949	37.5	33.75	28.75
67985	41.25	35.0	28.75
68021	40.0	37.5	30.0
68057	41.25	33.75	26.25
68093	43.75	37.5	26.25
68129	43.75	36.25	27.5
68165	42.5	41.25	27.5
68201	42.5	37.5	25.0
68237	41.25	36.25	25.0
68273	43.75	36.25	28.75
68309	38.75	38.75	31.25
68345	41.25	33.75	35.0
68381	42.5	31.25	36.25
68417	43.75	30.0	36.25
68453	41.25	28.75	36.25
68489	42.5	30.0	36.25
68525	46.25	25.0	40.0
68561	51.25	23.75	36.25
68597	45.0	23.75	41.25
68633	43.75	28.75	40.0
68669	46.25	25.0	41.25
68705	41.25	32.5	42.5
68741	35.0	37.5	41.25
68777	28.75	42.5	41.25
68813	25.0	46.25	40.0
68849	27.5	46.25	37.5
68885	22.5	46.25	40.0
68921	25.0	47.5	38.75
68957	26.25	41.25	42.5
68993	25.0	31.25	42.5
69029	27.5	26.25	41.25
69065	28.75	25.0	40.0
69101	30.0	22.5	38.75
69137	30.0	16.25	40.0
69173	30.0	16.25	37.5
69209	30.0	18.75	37.5
69245	30.0	26.25	37.5
69281	31.25	30.0	37.5
69317	33.75	30.0	41.25
69353	37.5	30.0	37.5
69389	36.25	35.0	37.5
69425	35.0	37.5	35.0
69461	40.0	33.75	37.5
69497	40.0	33.75	33.75
69533	41.25	37.5	30.0
69569	36.25	41.25	27.5
69605	41.25	41.25	23.75
69641	42.5	41.25	26.25
69677	42.5	40.0	25.0
69713	43.75	40.0	23.75
69749	52.5	33.75	26.25
69785	55.0	32.5	25.0
69821	55.0	30.0	27.5
69857	52.5	28.75	31.25
69893	53.75	33.75	28.75
69929	48.75	32.5	26.25
69965	43.75	32.5	30.0
70001	35.0	32.5	31.25
70037	32.5	35.0	36.25
70073	32.5	35.0	35.0
70109	28.75	32.5	37.5
70145	26.25	32.5	42.5
70181	32.5	32.5	42.5
70217	33.75	35.0	41.25
70253	32.5	33.75	41.25
70289	33.75	35.0	35.0
70325	33.75	35.0	38.75
70361	33.75	37.5	36.25
70397	35.0	37.5	38.75
70433	30.0	33.75	46.25
70469	32.5	31.25	45.0
70505	28.75	32.5	45.0
70541	30.0	30.0	47.5
70577	28.75	31.25	48.75
70613	27.5	30.0	48.75
70649	22.5	33.75	42.5
70685	25.0	36.25	38.75
70721	27.5	38.75	35.0
70757	28.75	41.25	32.5
70793	31.25	43.75	28.75
70829	31.25	43.75	25.0
70865	33.75	45.0	26.25
70901	36.25	45.0	28.75
70937	32.5	45.0	30.0
70973	31.25	45.0	35.0
71009	26.25	45.0	35.0
71045	26.25	46.25	35.0
71081	28.75	42.5	35.0
71117	31.25	40.0	33.75
71153	33.75	40.0	30.0
71189	32.5	38.75	30.0
71225	32.5	35.0	32.5
71261	35.0	37.5	31.25
71297	31.25	38.75	31.25
71333	30.0	41.25	26.25
71369	26.25	43.75	30.0
71405	28.75	42.5	27.5
71441	27.5	41.25	25.0
71477	32.5	37.5	23.75
71513	35.0	36.25	23.75
71549	36.25	37.5	27.5
71585	37.5	32.5	28.75
71621	36.25	30.0	35.0
71657	42.5	26.25	36.25
71693	41.25	27.5	36.25
71729	43.75	30.0	37.5
71765	43.75	31.25	37.5
71801	47.5	26.25	37.5
71837	47.5	26.25	36.25
71873	47.5	28.75	33.75
71909	47.5	30.0	35.0
71945	47.5	28.75	35.0
71981	48.75	26.25	36.25
72017	51.25	21.25	38.75
72053	51.25	22.5	38.75
72089	48.75	22.5	46.25
72125	52.5	17.5	47.5
72161	55.0	16.25	45.0
72197	58.75	15.0	47.5
72233	58.75	16.25	46.25
72269	56.25	20.0	42.5
72305	61.25	16.25	41.25
72341	63.75	16.25	37.5
72377	65.0	17.5	37.5
72413	56.25	22.5	35.0
72449	52.5	20.0	41.25
72485	55.0	21.25	43.75
72521	53.75	20.0	43.75
72557	52.5	20.0	36.25
72593	45.0	20.0	36.25
72629	41.25	17.5	42.5
72665	38.75	21.25	42.5
72701	37.5	21.25	42.5
72737	26.25	22.5	41.25
72773	23.75	27.5	41.25
72809	26.25	30.0	45.0
72845	23.75	32.5	45.0
72881	23.75	32.5	42.5
72917	23.75	31.25	46.25
72953	27.5	32.5	50.0
72989	25.0	35.0	52.5
73025	25.0	31.25	57.5
73061	28.75	35.0	56.25
73097	31.25	33.75	57.5
73133	33.75	33.75	53.75
73169	35.0	32.5	47.5
73205	35.0	31.25	43.75
73241	35.0	25.0	43.75
73277	36.25	28.75	46.25
73313	31.25	27.5	46.25
73349	32.5	30.0	43.75
73385	32.5	31.25	45.0
73421	26.25	36.25	47.5
73457	26.25	40.0	46.25
73493	27.5	40.0	43.75
73529	27.5	38.75	46.25
73565	25.0	40.0	47.5
73601	30.0	37.5	45.0
73637	28.75	36.25	45.0
73673	35.0	32.5	45.0
73709	33.75	31.25	45.0
73745	36.25	30.0	42.5
73781	38.75	26.25	46.25
73817	36.25	23.75	46.25
73853	37.5	21.25	43.75
73889	42.5	21.25	41.25
73925	38.75	23.75	45.0
73961	38.75	25.0	43.75
73997	36.25	26.25	40.0
74033	35.0	31.25	38.75
74069	37.5	30.0	37.5
74105	35.0	27.5	36.25
74141	32.5	28.75	35.0
74177	32.5	28.75	33.75
74213	32.5	33.75	28.75
74249	32.5	33.75	31.25
74285	32.5	35.0	31.25
74321	38.75	37.5	33.75
74357	47.5	36.25	36.25
74393	48.75	37.5	33.75
74429	53.75	30.0	35.0
74465	52.5	22.5	46.25
74501	48.75	25.0	43.75
74537	48.75	25.0	41.25
74573	43.75	23.75	41.25
74609	41.25	28.75	41.25
74645	38.75	31.25	38.75
74681	38.75	32.5	36.25
74717	35.0	33.75	28.75
74753	35.0	35.0	25.0
74789	36.25	31.25	28.75
74825	40.0	31.25	25.0
74861	38.75	26.25	25.0
74897	38.75	28.75	32.5
74933	40.0	30.0	33.75
74969	47.5	31.25	33.75
75005	48.75	33.75	32.5
75041	48.75	33.75	26.25
75077	47.5	32.5	31.25
75113	46.25	37.5	33.75
75149	46.25	32.5	30.0
75185	43.75	36.25	32.5
75221	40.0	33.75	35.0
75257	42.5	31.25	41.25
75293	37.5	32.5	48.75
75329	38.75	32.5	55.0
75365	40.0	30.0	53.75
75401	36.25	30.0	62.5
75437	41.25	27.5	61.25
75473	40.0	28.75	58.75
75509	41.25	32.5	56.25
75545	43.75	32.5	51.25
75581	42.5	33.75	48.75
75617	45.0	37.5	47.5
75653	40.0	37.5	45.0
75689	33.75	38.75	50.0
75725	33.75	40.0	48.75
75761	28.75	38.75	50.0
75797	32.5	33.75	45.0
75833	25.0	33.75	41.25
75869	27.5	32.5	37.5
75905	30.0	31.25	36.25
75941	36.25	28.75	32.5
75977	40.0	23.75	31.25
76013	40.0	26.25	27.5
76049	42.5	26.25	30.0
76085	51.25	25.0	33.75
76121	51.25	25.0	37.5
76157	45.0	26.25	40.0
76193	45.0	25.0	38.75
76229	38.75	31.25	41.25
76265	41.25	28.75	41.25
76301	41.25	26.25	40.0
76337	36.25	28.75	35.0
76373	35.0	31.25	32.5
76409	35.0	35.0	32.5
76445	36.25	35.0	31.25
76481	36.25	36.25	33.75
76517	35.0	36.25	38.75
76553	33.75	40.0	36.25
76589	36.25	43.75	37.5
76625	38.75	36.25	40.0
76661	37.5	35.0	38.75
76697	40.0	32.5	41.25
76733	40.0	30.0	42.5
76769	43.75	28.75	37.5
76805	40.0	25.0	38.75
76841	36.25	22.5	40.0
76877	30.0	32.5	40.0
76913	28.75	37.5	42.5
76949	25.0	41.25	45.0
76985	22.5	43.75	51.25
77021	21.25	48.75	55.0
77057	21.25	52.5	53.75
77093	23.75	51.25	55.0
77129	22.5	50.0	53.75
77165	22.5	42.5	55.0
77201	23.75	41.25	57.5
77237	27.5	38.75	53.75
77273	28.75	37.5	52.5
77309	30.0	32.5	55.0
77345	31.25	36.25	55.0
77381	36.25	35.0	51.25
77417	35.0	42.5	47.5
77453	32.5	38.75	45.0
77489	31.25	40.0	43.75
77525	33.75	38.75	45.0
77561	32.5	37.5	45.0
77597	31.25	33.75	48.75
77633	32.5	33.75	50.0
77669	30.0	32.5	51.25
77705	32.5	33.75	51.25
77741	30.0	35.0	52.5
77777	30.0	27.5	47.5
77813	28.75	28.75	46.25
77849	27.5	32.5	48.75
77885	26.25	31.25	53.75
77921	25.0	33.75	58.75
77957	22.5	36.25	63.75
77993	21.25	41.25	66.25
78029	22.5	45.0	71.25
78065	26.25	41.25	70.0
78101	30.0	40.0	60.0
78137	33.75	38.75	52.5
78173	37.5	32.5	42.5
78209	38.75	32.5	35.0
78245	33.75	27.5	33.75
78281	32.5	32.5	32.5
78317	28.75	36.25	26.25
78353	25.0	31.25	28.75
78389	25.0	33.75	28.75
78425	25.0	41.25	36.25
78461	27.5	36.25	42.5
78497	28.75	36.25	43.75
78533	28.75	36.25	46.25
78569	30.0	37.5	48.75
78605	27.5	37.5	50.0
78641	28.75	32.5	50.0
78677	25.0	33.75	47.5
78713	26.25	33.75	43.75
78749	28.75	30.0	42.5
78785	32.5	28.75	38.75
78821	33.75	30.0	42.5
78857	37.5	27.5	38.75
78893	37.5	28.75	41.25
78929	36.25	27.5	46.25
78965	33.75	30.0	45.0
79001	32.5	36.25	43.75
79037	28.75	35.0	41.25
79073	27.5	36.25	45.0
79109	27.5	42.5	45.0
79145	23.75	41.25	41.25
79181	25.0	42.5	37.5
79217	25.0	46.25	35.0
79253	22.5	43.75	33.75
79289	23.75	42.5	35.0
79325	30.0	43.75	30.0
79361	32.5	38.75	33.75
79397	38.75	35.0	38.75
79433	40.0	32.5	37.5
79469	46.25	30.0	35.0
79505	50.0	27.5	33.75
79541	48.75	27.5	37.5
79577	45.0	31.25	35.0
79613	50.0	32.5	33.75
79649	45.0	36.25	32.5
79685	45.0	38.75	32.5
79721	41.25	42.5	31.25
79757	41.25	42.5	25.0
79793	43.75	45.0	18.75
79829	46.25	43.75	20.0
79865	40.0	43.75	22.5
79901	38.75	42.5	25.0
79937	38.75	41.25	22.5
79973	41.25	37.5	25.0
80009	40.0	37.5	32.5
80045	33.75	36.25	36.25
80081	33.75	32.5	36.25
80117	38.75	32.5	32.5
80153	42.5	36.25	30.0
80189	47.5	33.75	28.75
80225	43.75	33.75	30.0
80261	43.75	37.5	27.5
80297	41.25	36.25	28.75
80333	41.25	37.5	31.25
80369	45.0	38.75	32.5
80405	38.75	33.75	36.25
80441	38.75	36.25	37.5
80477	43.75	38.75	37.5
80513	42.5	35.0	32.5
80549	43.75	37.5	32.5
80585	43.75	31.25	30.0
80621	40.0	35.0	31.25
80657	40.0	37.5	27.5
80693	36.25	37.5	27.5
80729	36.25	35.0	26.25
80765	42.5	36.25	30.0
80801	38.75	33.75	27.5
80837	41.25	31.25	31.25
80873	43.75	26.25	32.5
80909	50.0	21.25	32.5
80945	48.75	26.25	32.5
80981	43.75	28.75	31.25
81017	40.0	33.75	35.0
81053	38.75	41.25	32.5
81089	35.0	46.25	33.75
81125	33.75	48.75	30.0
81161	36.25	51.25	32.5
81197	32.5	53.75	31.25
81233	37.5	53.75	27.5
81269	40.0	50.0	25.0
81305	40.0	46.25	27.5
81341	41.25	52.5	28.75
81377	36.25	47.5	32.5
81413	32.5	40.0	31.25
81449	33.75	41.25	28.75
81485	36.25	38.75	32.5
81521	36.25	41.25	32.5
81557	36.25	40.0	28.75
81593	41.25	35.0	26.25
81629	40.0	37.5	28.75
81665	42.5	43.75	25.0
81701	36.25	41.25	30.0
81737	37.5	41.25	30.0
81773	37.5	43.75	27.5
81809	37.5	40.0	27.5
81845	37.5	42.5	27.5
81881	36.25	37.5	30.0
81917	35.0	42.5	32.5
81953	37.5	40.0	31.25
81989	36.25	38.75	31.25
82025	33.75	33.75	31.25
82061	37.5	28.75	31.25
82097	42.5	30.0	30.0
82133	46.25	32.5	26.25
82169	47.5	28.75	27.5
82205	48.75	32.5	31.25
82241	50.0	32.5	28.75
82277	52.5	31.25	30.0
82313	50.0	33.75	28.75
82349	46.25	31.25	30.0
82385	46.25	30.0	31.25
82421	42.5	30.0	31.25
82457	41.25	31.25	30.0
82493	41.25	31.25	31.25
82529	35.0	31.25	33.75
82565	33.75	32.5	35.0
82601	30.0	37.5	32.5
82637	33.75	35.0	35.0
82673	36.25	37.5	33.75
82709	37.5	38.75	31.25
82745	37.5	43.75	26.25
82781	37.5	45.0	23.75
82817	38.75	46.25	23.75
82853	37.5	41.25	25.0
82889	30.0	41.25	20.0
82925	27.5	42.5	18.75
82961	26.25	42.5	18.75
82997	27.5	40.0	17.5
83033	27.5	36.25	23.75
83069	28.75	37.5	18.75
83105	28.75	36.25	21.25
83141	30.0	35.0	23.75
83177	30.0	30.0	27.5
83213	31.25	27.5	31.25
83249	32.5	26.25	32.5
83285	30.0	25.0	31.25
83321	35.0	25.0	36.25
83357	37.5	25.0	36.25
83393	37.5	21.25	41.25
83429	35.0	22.5	45.0
83465	37.5	20.0	47.5
83501	35.0	20.0	51.25
83537	31.25	20.0	53.75
83573	30.0	17.5	50.0
83609	33.75	25.0	47.5
83645	37.5	31.25	40.0
83681	33.75	38.75	33.75
83717	26.25	41.25	25.0
83753	31.25	42.5	22.5
83789	31.25	41.25	21.25
83825	36.25	41.25	21.25
83861	37.5	36.25	18.75
83897	35.0	30.0	23.75
83933	40.0	28.75	26.25
83969	41.25	33.75	27.5
84005	40.0	35.0	26.25
84041	38.75	33.75	31.25
84077	37.5	33.75	31.25
84113	37.5	33.75	31.25
84149	35.0	35.0	30.0
84185	38.75	30.0	33.75
84221	45.0	23.75	31.25
84257	43.75	25.0	33.75
84293	42.5	26.25	37.5
84329	41.25	27.5	41.25
84365	36.25	28.75	41.25
84401	41.25	25.0	42.5
84437	40.0	23.75	38.75
84473	36.25	27.5	42.5
84509	38.75	25.0	37.5
84545	38.75	27.5	31.25
84581	38.75	25.0	32.5
84617	37.5	27.5	33.75
84653	38.75	27.5	35.0
84689	33.75	28.75	42.5
84725	31.25	27.5	43.75
84761	32.5	26.25	45.0
84797	33.75	23.75	43.75
84833	32.5	21.25	40.0
84869	31.25	22.5	45.0
84905	35.0	28.75	38.75
84941	35.0	31.25	35.0
84977	37.5	40.0	30.0
85013	40.0	47.5	27.5
85049	43.75	53.75	27.5
85085	45.0	63.75	22.5
85121	43.75	66.25	20.0
85157	41.25	70.0	23.75
85193	42.5	68.75	25.0
85229	40.0	67.5	25.0
85265	37.5	60.0	23.75
85301	35.0	58.75	23.75
85337	35.0	56.25	23.75
85373	38.75	51.25	23.75
85409	43.75	50.0	18.75
85445	41.25	51.25	18.75
85481	38.75	47.5	23.75
85517	37.5	47.5	25.0
85553	38.75	45.0	28.75
85589	41.25	43.75	30.0
85625	40.0	43.75	30.0
85661	36.25	42.5	31.25
85697	35.0	40.0	33.75
85733	37.5	42.5	30.0
85769	45.0	46.25	23.75
85805	40.0	50.0	20.0
85841	41.25	47.5	22.5
85877	45.0	50.0	25.0
85913	46.25	53.75	20.0
85949	45.0	51.25	25.0
85985	45.0	56.25	26.25
86021	38.75	50.0	30.0
86057	38.75	46.25	30.0
86093	35.0	43.75	31.25
86129	36.25	41.25	30.0
86165	36.25	40.0	26.25
86201	32.5	32.5	28.75
86237	28.75	28.75	36.25
86273	31.25	25.0	32.5
86309	33.75	30.0	35.0
86345	32.5	28.75	35.0
86381	28.75	31.25	40.0
86417	27.5	33.75	43.75
86453	27.5	35.0	41.25
86489	30.0	36.25	41.25
86525	30.0	33.75	41.25
86561	25.0	33.75	40.0
86597	22.5	32.5	40.0
86633	23.75	30.0	33.75
86669	25.0	28.75	36.25
86705	30.0	27.5	41.25
86741	28.75	30.0	41.25
86777	28.75	31.25	42.5
86813	28.75	33.75	48.75
86849	32.5	35.0	47.5
86885	33.75	36.25	51.25
86921	30.0	35.0	48.75
86957	32.5	35.0	51.25
86993	33.75	35.0	50.0
87029	36.25	31.25	50.0
87065	43.75	31.25	48.75
87101	47.5	26.25	48.75
87137	51.25	30.0	42.5
87173	56.25	30.0	38.75
87209	53.75	31.25	32.5
87245	56.25	35.0	30.0
87281	55.0	35.0	30.0
87317	53.75	33.75	26.25
87353	52.5	33.75	26.25
87389	50.0	31.25	30.0
87425	45.0	28.75	26.25
87461	42.5	26.25	31.25
87497	35.0	26.25	32.5
87533	33.75	28.75	33.75
87569	28.75	27.5	32.5
87605	23.75	26.25	30.0
87641	23.75	30.0	36.25
87677	25.0	31.25	35.0
87713	25.0	30.0	36.25
87749	30.0	32.5	38.75
87785	30.0	30.0	40.0
87821	33.75	32.5	42.5
87857	38.75	31.25	42.5
87893	40.0	32.5	36.25
87929	41.25	35.0	38.75
87965	38.75	33.75	36.25
88001	38.75	37.5	31.25
88037	37.5	37.5	30.0
88073	37.5	38.75	28.75
88109	37.5	37.5	28.75
88145	38.75	38.75	30.0
88181	42.5	35.0	25.0
88217	42.5	33.75	27.5
88253	42.5	32.5	33.75
88289	42.5	33.75	35.0
88325	37.5	31.25	41.25
88361	35.0	33.75	46.25
88397	33.75	35.0	47.5
88433	36.25	38.75	48.75
88469	33.75	40.0	51.25
88505	30.0	42.5	51.25
88541	33.75	42.5	48.75
88577	33.75	46.25	43.75
88613	35.0	43.75	46.25
88649	32.5	40.0	42.5
88685	30.0	38.75	45.0
88721	31.25	40.0	37.5
88757	32.5	38.75	41.25
88793	31.25	40.0	40.0
88829	30.0	37.5	40.0
88865	30.0	35.0	38.75
88901	32.5	35.0	38.75
88937	32.5	32.5	37.5
88973	27.5	31.25	36.25
89009	21.25	32.5	36.25
89045	22.5	30.0	35.0
89081	21.25	33.75	28.75
89117	18.75	33.75	26.25
89153	17.5	37.5	30.0
89189	18.75	36.25	28.75
89225	20.0	33.75	31.25
89261	23.75	30.0	33.75
89297	22.5	28.75	40.0
89333	23.75	28.75	42.5
89369	22.5	28.75	43.75
89405	23.75	27.5	43.75
89441	23.75	32.5	46.25
89477	25.0	37.5	43.75
89513	23.75	38.75	42.5
89549	26.25	36.25	37.5
89585	26.25	33.75	33.75
89621	27.5	30.0	37.5
89657	30.0	28.75	35.0
89693	32.5	23.75	36.25
89729	40.0	20.0	32.5
89765	42.5	15.0	28.75
89801	43.75	16.25	28.75
89837	43.75	21.25	31.25
89873	42.5	26.25	26.25
89909	37.5	31.25	31.25
89945	35.0	37.5	28.75
89981	30.0	38.75	28.75
90017	25.0	41.25	32.5
90053	26.25	45.0	33.75
90089	26.25	45.0	32.5
90125	27.5	46.25	31.25
90161	30.0	38.75	28.75
90197	32.5	36.25	28.75
90233	35.0	36.25	36.25
90269	36.25	32.5	37.5
90305	36.25	32.5	37.5
90341	32.5	36.25	41.25
90377	33.75	32.5	40.0
90413	30.0	31.25	40.0
90449	28.75	30.0	40.0
90485	30.0	35.0	37.5
90521	30.0	33.75	31.25
90557	36.25	32.5	28.75
90593	35.0	27.5	28.75
90629	36.25	31.25	28.75
90665	36.25	35.0	30.0
90701	38.75	35.0	28.75
90737	37.5	36.25	26.25
90773	36.25	33.75	28.75
90809	36.25	32.5	30.0
90845	38.75	35.0	27.5
90881	36.25	36.25	27.5
90917	37.5	33.75	25.0
90953	32.5	37.5	28.75
90989	33.75	33.75	30.0
91025	30.0	33.75	30.0
91061	28.75	36.25	35.0
91097	33.75	35.0	38.75
91133	37.5	33.75	41.25
91169	42.5	35.0	42.5
91205	48.75	31.25	45.0
91241	50.0	36.25	43.75
91277	55.0	33.75	43.75
91313	55.0	33.75	36.25
91349	46.25	32.5	31.25
91385	43.75	38.75	32.5
91421	36.25	48.75	30.0
91457	32.5	40.0	26.25
91493	30.0	41.25	26.25
91529	22.5	40.0	23.75
91565	25.0	40.0	25.0
91601	30.0	36.25	25.0
91637	28.75	33.75	18.75
91673	33.75	30.0	18.75
91709	42.5	31.25	20.0
91745	42.5	31.25	22.5
91781	47.5	33.75	18.75
91817	42.5	33.75	20.0
91853	45.0	30.0	18.75
91889	42.5	28.75	16.25
91925	43.75	27.5	20.0
91961	41.25	32.5	22.5
91997	41.25	33.75	23.75
92033	43.75	28.75	28.75
92069	43.75	31.25	32.5
92105	43.75	32.5	33.75
92141	42.5	28.75	35.0
92177	38.75	27.5	37.5
92213	32.5	23.75	38.75
92249	36.25	25.0	38.75
92285	33.75	25.0	31.25
92321	35.0	26.25	27.5
92357	32.5	30.0	26.25
92393	35.0	33.75	25.0
92429	38.75	35.0	21.25
92465	38.75	38.75	21.25
92501	37.5	33.75	23.75
92537	33.75	32.5	32.5
92573	33.75	32.5	36.25
92609	32.5	28.75	40.0
92645	35.0	26.25	40.0
92681	35.0	27.5	38.75
92717	35.0	28.75	41.25
92753	31.25	31.25	41.25
92789	27.5	33.75	36.25
92825	25.0	31.25	33.75
92861	26.25	30.0	27.5
92897	25.0	28.75	31.25
92933	21.25	31.25	37.5
92969	23.75	30.0	36.25
93005	30.0	32.5	35.0
93041	37.5	28.75	36.25
93077	37.5	33.75	33.75
93113	40.0	36.25	36.25
93149	43.75	35.0	35.0
93185	48.75	36.25	32.5
93221	47.5	33.75	35.0
93257	43.75	35.0	33.75
93293	41.25	41.25	31.25
93329	45.0	37.5	33.75
93365	42.5	43.75	32.5
93401	38.75	43.75	30.0
93437	40.0	41.25	33.75
93473	36.25	40.0	37.5
93509	45.0	41.25	41.25
93545	47.5	40.0	43.75
93581	41.25	42.5	41.25
93617	41.25	40.0	46.25
93653	36.25	40.0	46.25
93689	31.25	38.75	41.25
93725	27.5	37.5	38.75
93761	23.75	41.25	38.75
93797	20.0	43.75	42.5
93833	26.25	46.25	42.5
93869	26.25	43.75	43.75
93905	27.5	42.5	45.0
93941	27.5	46.25	48.75
93977	35.0	45.0	51.25
94013	36.25	41.25	50.0
94049	43.75	35.0	48.75
94085	43.75	35.0	43.75
94121	45.0	36.25	38.75
94157	48.75	40.0	37.5
94193	52.5	35.0	32.5
94229	46.25	37.5	32.5
94265	46.25	46.25	31.25
94301	38.75	48.75	35.0
94337	37.5	47.5	38.75
94373	33.75	45.0	38.75
94409	32.5	45.0	42.5
94445	27.5	40.0	41.25
94481	26.25	37.5	45.0
94517	21.25	35.0	42.5
94553	21.25	30.0	40.0
94589	20.0	28.75	42.5
94625	22.5	26.25	42.5
94661	23.75	22.5	38.75
94697	25.0	28.75	38.75
94733	23.75	32.5	35.0
94769	30.0	32.5	33.75
94805	32.5	33.75	33.75
94841	35.0	40.0	31.25
94877	31.25	45.0	35.0
94913	32.5	47.5	33.75
94949	33.75	46.25	36.25
94985	35.0	50.0	36.25
95021	28.75	51.25	38.75
95057	32.5	48.75	43.75
95093	32.5	48.75	47.5
95129	37.5	50.0	43.75
95165	37.5	50.0	43.75
95201	38.75	45.0	42.5
95237	43.75	40.0	43.75
95273	41.25	40.0	48.75
95309	38.75	41.25	41.25
95345	41.25	33.75	41.25
95381	43.75	36.25	45.0
95417	46.25	36.25	46.25
95453	43.75	35.0	43.75
95489	40.0	33.75	42.5
95525	38.75	28.75	40.0
95561	35.0	32.5	38.75
95597	27.5	31.25	40.0
95633	26.25	28.75	40.0
95669	25.0	26.25	41.25
95705	25.0	31.25	43.75
95741	28.75	28.75	46.25
95777	31.25	25.0	42.5
95813	32.5	21.25	41.25
95849	38.75	22.5	38.75
95885	41.25	22.5	35.0
95921	45.0	18.75	30.0
95957	41.25	20.0	27.5
95993	46.25	26.25	25.0
96029	55.0	25.0	25.0
96065	57.5	30.0	23.75
96101	55.0	32.5	23.75
96137	51.25	33.75	23.75
96173	51.25	32.5	23.75
96209	50.0	35.0	22.5
96245	46.25	33.75	23.75
96281	38.75	38.75	28.75
96317	38.75	37.5	32.5
96353	38.75	35.0	42.5
96389	41.25	37.5	40.0
96425	41.25	36.25	45.0
96461	41.25	33.75	48.75
96497	43.75	37.5	48.75
96533	43.75	31.25	46.25
96569	41.25	27.5	43.75
96605	40.0	27.5	41.25
96641	42.5	25.0	41.25
96677	40.0	26.25	38.75
96713	36.25	23.75	35.0
96749	37.5	20.0	35.0
96785	37.5	21.25	37.5
96821	33.75	22.5	42.5
96857	31.25	23.75	42.5
96893	32.5	25.0	42.5
96929	32.5	23.75	45.0
96965	32.5	23.75	47.5
97001	32.5	27.5	47.5
97037	38.75	28.75	46.25
97073	37.5	35.0	45.0
97109	35.0	38.75	42.5
97145	38.75	37.5	41.25
97181	36.25	36.25	42.5
97217	33.75	35.0	42.5
97253	27.5	31.25	42.5
97289	26.25	35.0	36.25
97325	27.5	32.5	32.5
97361	27.5	31.25	38.75
97397	25.0	35.0	40.0
97433	27.5	37.5	37.5
97469	31.25	37.5	36.25
97505	31.25	40.0	40.0
97541	27.5	37.5	43.75
97577	30.0	31.25	45.0
97613	31.25	32.5	42.5
97649	36.25	26.25	46.25
97685	35.0	27.5	43.75
97721	36.25	23.75	45.0
97757	37.5	25.0	41.25
97793	40.0	32.5	37.5
97829	37.5	37.5	38.75
97865	37.5	40.0	32.5
97901	38.75	40.0	27.5
97937	40.0	40.0	30.0
97973	41.25	43.75	33.75
98009	38.75	46.25	31.25
98045	38.75	46.25	31.25
98081	36.25	47.5	32.5
98117	33.75	45.0	33.75
98153	30.0	48.75	31.25
98189	32.5	50.0	27.5
98225	31.25	48.75	25.0
98261	35.0	41.25	25.0
98297	33.75	41.25	26.25
98333	38.75	37.5	22.5
98369	40.0	38.75	25.0
98405	41.25	38.75	23.75
98441	38.75	36.25	23.75
98477	45.0	35.0	25.0
98513	43.75	33.75	28.75
98549	42.5	30.0	32.5
98585	42.5	30.0	38.75
98621	40.0	28.75	38.75
98657	37.5	31.25	40.0
98693	36.25	31.25	36.25
98729	32.5	32.5	33.75
98765	35.0	30.0	32.5
98801	28.75	33.75	35.0
98837	26.25	41.25	31.25
98873	26.25	41.25	31.25
98909	25.0	45.0	33.75
98945	25.0	50.0	36.25
98981	25.0	53.75	35.0
99017	26.25	58.75	30.0
99053	28.75	60.0	23.75
99089	23.75	58.75	22.5
99125	27.5	58.75	25.0
99161	23.75	55.0	22.5
99197	31.25	50.0	21.25
99233	27.5	46.25	25.0
99269	31.25	45.0	26.25
99305	31.25	41.25	31.25
99341	37.5	36.25	30.0
99377	40.0	32.5	32.5
99413	45.0	33.75	31.25
99449	43.75	35.0	32.5
99485	45.0	32.5	33.75
99521	43.75	30.0	35.0
99557	46.25	30.0	30.0
99593	45.0	31.25	28.75
99629	45.0	28.75	27.5
99665	46.25	28.75	27.5
99701	41.25	23.75	28.75
99737	42.5	26.25	28.75
99773	37.5	26.25	30.0
99809	36.25	26.25	35.0
99845	33.75	26.25	36.25