# BASE VAL1 VAL2
# color 0:255:0 0:0:255 100:100:100
17	44.375	34.375	31.25
53	43.125	32.5	31.875
89	43.75	33.125	31.875
125	43.75	33.75	33.75
161	43.75	36.25	33.75
197	41.875	38.75	31.875
233	40.625	40.0	31.25
269	41.25	38.125	30.625
305	41.875	38.125	30.625
341	41.875	38.125	30.625
377	39.375	38.75	31.875
413	40.625	38.125	31.25
449	41.25	36.875	29.375
485	42.5	36.25	29.375
521	45.0	36.875	29.375
557	44.375	38.125	28.75
593	44.375	37.5	28.125
629	45.0	38.125	26.875
665	44.375	38.125	29.375
701	44.375	36.25	29.375
737	43.125	35.625	26.875
773	43.75	35.0	28.75
809	41.25	38.125	28.125
845	45.0	36.875	26.25
881	44.375	36.25	25.0
917	45.625	36.875	23.125
953	45.625	38.125	24.375
989	43.125	39.375	27.5
1025	46.25	38.125	25.625
1061	46.875	36.25	25.625
1097	46.25	37.5	25.0
1133	46.25	36.25	26.25
1169	48.125	34.375	25.0
1205	48.125	36.25	26.875
1241	50.0	36.25	26.875
1277	51.25	37.5	26.875
1313	50.625	37.5	28.75
1349	50.0	37.5	28.125
1385	50.0	36.25	28.75
1421	46.25	35.0	29.375
1457	46.875	35.625	28.75
1493	45.0	34.375	28.75
1529	43.75	37.5	29.375
1565	43.125	37.5	28.125
1601	42.5	36.25	27.5
1637	44.375	35.0	27.5
1673	41.875	33.125	27.5
1709	40.625	33.125	28.125
1745	41.25	31.25	30.0
1781	41.25	31.875	29.375
1817	41.875	30.625	28.75
1853	42.5	30.625	30.625
1889	43.125	31.25	30.0
1925	43.125	31.875	27.5
1961	42.5	31.25	26.25
1997	42.5	29.375	27.5
2033	43.75	28.125	28.75
2069	45.0	28.125	29.375
2105	43.75	28.125	30.625
2141	44.375	28.75	28.75
2177	44.375	31.875	28.125
2213	41.875	33.75	28.75
2249	41.25	34.375	26.875
2285	38.75	35.625	28.125
2321	39.375	36.875	27.5
2357	37.5	38.125	25.0
2393	37.5	38.125	27.5
2429	36.875	39.375	26.25
2465	36.875	40.625	25.625
2501	36.875	41.25	24.375
2537	33.75	42.5	22.5
2573	32.5	45.0	22.5
2609	30.0	48.125	24.375
2645	31.25	46.25	25.0
2681	33.125	44.375	23.75
2717	32.5	45.625	25.0
2753	31.875	45.0	24.375
2789	31.25	45.0	25.0
2825	30.625	46.875	25.0
2861	30.625	46.25	25.0
2897	30.625	47.5	26.875
2933	28.75	47.5	28.125
2969	28.125	48.125	29.375
3005	30.0	46.25	30.625
3041	29.375	46.875	31.25
3077	31.25	45.625	29.375
3113	30.625	48.125	30.0
3149	29.375	48.125	30.625
3185	28.75	46.25	30.625
3221	30.625	45.625	31.25
3257	30.625	45.625	33.125
3293	31.25	42.5	32.5
3329	30.0	42.5	33.125
3365	31.875	41.875	33.125
3401	31.875	41.25	33.75
3437	33.125	40.625	33.125
3473	31.875	42.5	34.375
3509	31.25	43.75	35.625
3545	30.0	42.5	36.25
3581	31.875	40.625	34.375
3617	31.25	40.625	33.75
3653	30.0	43.75	36.25
3689	28.75	45.625	36.875
3725	30.0	45.0	36.875
3761	28.125	46.25	36.875
3797	31.25	45.0	36.875
3833	30.625	45.625	36.875
3869	28.75	46.875	36.25
3905	27.5	48.125	35.625
3941	28.75	49.375	36.25
3977	29.375	45.0	35.0
4013	28.125	45.0	35.0
4049	26.875	45.625	36.875
4085	27.5	48.75	35.625
4121	26.875	51.25	33.75
4157	28.125	50.625	30.625
4193	28.75	50.625	31.25
4229	25.625	52.5	30.0
4265	23.75	54.375	30.625
4301	23.75	57.5	28.125
4337	25.0	55.0	27.5
4373	25.625	53.125	28.75
4409	23.125	48.75	29.375
4445	24.375	51.875	25.625
4481	24.375	51.875	25.625
4517	25.625	53.125	25.0
4553	26.25	51.25	25.0
4589	27.5	49.375	24.375
4625	30.0	46.875	23.75
4661	31.875	46.875	23.75
4697	35.625	47.5	21.875
4733	37.5	44.375	21.875
4769	38.75	43.125	22.5
4805	37.5	41.875	23.125
4841	39.375	40.0	21.875
4877	39.375	45.0	21.875
4913	40.0	47.5	23.125
4949	38.125	46.875	23.125
4985	39.375	45.625	23.75
5021	36.25	43.75	24.375
5057	34.375	43.125	27.5
5093	31.25	43.75	28.125
5129	30.625	45.0	29.375
5165	28.125	42.5	31.875
5201	26.875	43.75	31.875
5237	25.625	46.875	32.5
5273	25.0	48.75	32.5
5309	24.375	48.75	34.375
5345	25.0	47.5	34.375
5381	25.625	44.375	33.75
5417	25.625	44.375	31.875
5453	25.0	43.75	30.625
5489	22.5	45.625	31.25
5525	24.375	43.125	32.5
5561	23.75	43.125	31.25
5597	21.875	40.0	31.875
5633	22.5	40.0	31.25
5669	21.25	40.0	31.25
5705	20.625	39.375	31.875
5741	20.0	38.125	32.5
5777	18.125	38.75	34.375
5813	17.5	38.125	34.375
5849	17.5	37.5	33.125
5885	15.0	36.875	34.375
5921	14.375	36.875	36.875
5957	14.375	38.75	37.5
5993	15.0	40.0	37.5
6029	15.625	40.625	38.125
6065	15.625	43.125	38.75
6101	12.5	44.375	39.375
6137	11.875	43.125	40.625
6173	12.5	43.75	42.5
6209	13.125	43.125	43.75
6245	13.75	41.875	42.5
6281	14.375	41.25	42.5
6317	16.25	41.25	43.125
6353	16.25	43.125	42.5
6389	17.5	43.75	42.5
6425	18.75	39.375	40.625
6461	19.375	38.125	39.375
6497	16.875	38.125	39.375
6533	16.25	39.375	42.5
6569	16.875	39.375	41.25
6605	17.5	38.125	38.75
6641	17.5	37.5	39.375
6677	16.25	37.5	38.125
6713	15.0	37.5	39.375
6749	13.125	39.375	39.375
6785	11.875	41.25	40.625
6821	10.625	38.75	42.5
6857	11.875	38.125	43.125
6893	13.125	37.5	42.5
6929	13.125	37.5	43.125
6965	13.125	37.5	43.125
7001	14.375	36.25	42.5
7037	16.25	35.625	43.75
7073	16.25	33.75	43.125
7109	18.75	35.0	40.0
7145	19.375	32.5	40.625
7181	20.0	34.375	41.875
7217	22.5	33.75	40.0
7253	24.375	34.375	40.625
7289	24.375	34.375	41.875
7325	23.125	35.0	41.875
7361	21.25	37.5	43.125
7397	21.875	37.5	42.5
7433	20.625	36.25	41.875
7469	21.875	34.375	41.875
7505	21.25	36.25	40.625
7541	23.75	36.25	40.0
7577	23.75	34.375	40.625
7613	25.625	38.75	40.0
7649	27.5	39.375	37.5
7685	27.5	39.375	36.875
7721	26.875	36.875	35.0
7757	27.5	36.25	34.375
7793	31.875	36.875	29.375
7829	34.375	36.25	28.75
7865	36.25	36.25	26.25
7901	40.0	35.0	25.625
7937	40.0	39.375	24.375
7973	40.0	38.75	22.5
8009	38.125	37.5	23.75
8045	36.25	36.25	24.375
8081	37.5	37.5	23.75
8117	37.5	36.875	22.5
8153	39.375	35.625	21.875
8189	41.25	35.625	20.625
8225	40.625	35.625	20.0
8261	38.75	35.625	20.625
8297	36.25	35.0	20.0
8333	37.5	34.375	17.5
8369	36.25	34.375	15.625
8405	38.125	33.125	15.0
8441	38.75	32.5	16.25
8477	38.75	32.5	16.25
8513	40.625	34.375	14.375
8549	39.375	33.125	12.5
8585	39.375	33.75	10.625
8621	41.25	34.375	10.625
8657	39.375	34.375	11.25
8693	38.125	35.0	10.0
8729	40.0	34.375	9.375
8765	41.25	36.25	9.375
8801	41.875	37.5	10.0
8837	42.5	38.75	10.0
8873	38.75	36.875	10.625
8909	40.625	40.0	8.75
8945	43.125	38.75	9.375
8981	45.0	40.625	8.75
9017	42.5	40.625	9.375
9053	43.75	41.875	9.375
9089	41.875	42.5	10.0
9125	40.0	43.125	8.75
9161	40.625	43.125	8.125
9197	38.75	43.75	8.75
9233	40.625	41.875	8.125
9269	41.25	40.625	8.125
9305	40.0	39.375	9.375
9341	41.25	40.0	9.375
9377	40.0	41.25	10.625
9413	38.75	40.625	10.0
9449	37.5	39.375	10.0
9485	38.75	40.625	8.75
9521	40.625	40.625	8.75
9557	38.125	39.375	8.75
9593	39.375	37.5	9.375
9629	39.375	36.875	10.0
9665	39.375	36.875	9.375
9701	38.125	36.25	9.375
9737	40.0	37.5	10.0
9773	39.375	40.625	10.0
9809	39.375	41.875	9.375
9845	38.75	41.25	8.75
9881	38.125	41.875	8.75
9917	39.375	40.0	7.5
9953	39.375	40.625	8.125
9989	40.0	42.5	8.125
10025	39.375	43.75	8.125
10061	41.25	43.75	8.75
10097	40.0	45.0	8.125
10133	40.0	44.375	10.0
10169	41.25	43.125	10.0
10205	38.125	43.125	9.375
10241	38.125	38.75	8.125
10277	38.75	41.875	7.5
10313	39.375	41.25	9.375
10349	38.75	40.625	8.75
10385	37.5	38.75	9.375
10421	38.125	39.375	9.375
10457	39.375	38.75	9.375
10493	38.125	37.5	9.375
10529	36.875	38.75	9.375
10565	36.25	40.0	8.125
10601	36.875	40.0	8.125
10637	35.625	40.0	7.5
10673	36.25	41.25	7.5
10709	36.875	43.125	8.125
10745	35.0	43.125	8.125
10781	34.375	40.625	8.75
10817	35.0	40.0	8.125
10853	35.0	40.625	7.5
10889	33.75	40.625	6.875
10925	30.625	39.375	7.5
10961	33.75	40.0	8.125
10997	33.75	38.75	7.5
11033	33.75	40.625	7.5
11069	34.375	40.0	6.875
11105	36.25	40.0	6.875
11141	36.875	37.5	6.875
11177	35.625	39.375	6.875
11213	36.875	39.375	6.25
11249	36.25	38.125	5.625
11285	35.625	40.0	5.0
11321	35.0	39.375	5.0
11357	36.25	40.625	6.25
11393	34.375	40.0	6.875
11429	33.75	40.0	6.25
11465	33.125	39.375	6.875
11501	33.75	37.5	7.5
11537	33.75	40.625	6.875
11573	33.125	42.5	5.625
11609	32.5	41.25	6.875
11645	31.875	40.0	7.5
11681	30.625	38.75	7.5
11717	31.25	41.25	7.5
11753	31.875	40.625	7.5
11789	33.75	40.0	6.875
11825	34.375	38.125	6.25
11861	36.25	38.125	5.625
11897	36.25	36.875	5.0
11933	37.5	39.375	3.75
11969	38.125	40.0	3.125
12005	38.125	38.125	4.375
12041	37.5	38.125	5.0
12077	37.5	40.0	4.375
12113	36.875	40.625	6.875
12149	35.625	40.625	6.875
12185	35.625	36.25	7.5
12221	35.625	41.25	8.125
12257	37.5	45.0	7.5
12293	36.875	47.5	8.75
12329	36.25	49.375	8.125
12365	36.875	50.0	10.625
12401	36.25	50.625	10.625
12437	37.5	50.625	10.625
12473	35.625	48.125	11.875
12509	36.875	48.125	11.25
12545	35.625	45.625	10.625
12581	37.5	46.25	8.75
12617	37.5	46.875	7.5
12653	38.75	50.0	7.5
12689	39.375	50.0	7.5
12725	37.5	46.875	6.875
12761	36.875	44.375	6.25
12797	35.625	42.5	6.875
12833	33.125	40.625	5.625
12869	34.375	41.875	5.0
12905	33.125	40.625	5.0
12941	34.375	41.25	3.75
12977	35.0	43.75	3.125
13013	32.5	44.375	3.75
13049	32.5	44.375	3.75
13085	30.625	44.375	5.0
13121	33.125	43.75	5.625
13157	31.875	44.375	5.625
13193	30.625	43.125	6.875
13229	31.25	43.75	7.5
13265	31.875	46.25	6.875
13301	33.125	49.375	6.25
13337	34.375	49.375	6.875
13373	35.0	50.0	6.875
13409	34.375	47.5	7.5
13445	35.625	48.125	8.125
13481	37.5	48.125	7.5
13517	38.75	48.125	7.5
13553	39.375	48.125	6.875
13589	38.75	48.75	6.25
13625	38.75	48.125	5.0
13661	40.0	48.125	4.375
13697	41.875	48.125	3.75
13733	43.125	50.0	3.75
13769	41.875	49.375	3.75
13805	41.875	50.0	2.5
13841	41.25	48.125	2.5
13877	38.125	50.0	1.875
13913	35.625	48.75	3.75
13949	33.125	48.75	5.625
13985	31.25	45.625	7.5
14021	30.625	44.375	10.625
14057	31.875	41.875	11.25
14093	31.875	42.5	13.125
14129	27.5	40.625	15.625
14165	26.875	40.625	17.5
14201	23.75	41.25	20.0
14237	24.375	39.375	20.625
14273	25.0	38.75	21.25
14309	24.375	38.75	22.5
14345	24.375	39.375	25.625
14381	25.0	41.25	25.625
14417	28.125	41.875	25.625
14453	28.75	42.5	25.625
14489	28.75	44.375	26.25
14525	29.375	45.0	28.125
14561	31.25	44.375	29.375
14597	31.875	44.375	27.5
14633	31.875	45.0	26.875
14669	33.125	41.875	24.375
14705	34.375	41.25	23.75
14741	31.875	45.0	26.25
14777	30.625	41.875	27.5
14813	31.875	38.125	28.125
14849	35.0	37.5	27.5
14885	35.625	33.75	26.875
14921	36.25	34.375	29.375
14957	36.25	33.75	28.125
14993	36.875	32.5	25.625
15029	35.0	34.375	26.875
15065	33.125	34.375	28.125
15101	31.875	35.625	28.125
15137	31.875	39.375	30.0
15173	29.375	40.0	32.5
15209	28.125	38.125	34.375
15245	27.5	38.75	35.625
15281	26.25	40.625	36.875
15317	23.75	43.125	38.125
15353	21.875	45.0	38.75
15389	20.0	45.625	37.5
15425	20.625	42.5	40.0
15461	20.0	42.5	42.5
15497	20.625	41.25	45.0
15533	22.5	40.0	45.625
15569	23.75	40.0	46.25
15605	26.25	38.75	45.625
15641	27.5	35.0	46.875
15677	29.375	34.375	48.125
15713	30.625	34.375	48.75
15749	32.5	33.75	47.5
15785	32.5	33.125	46.875
15821	32.5	29.375	48.125
15857	35.625	28.75	47.5
15893	36.25	29.375	47.5
15929	37.5	31.25	44.375
15965	36.875	31.875	40.625
16001	36.875	29.375	40.0
16037	36.875	29.375	38.75
16073	34.375	28.125	39.375
16109	33.75	31.25	36.875
16145	33.125	33.75	34.375
16181	33.125	37.5	33.125
16217	32.5	39.375	31.875
16253	31.25	40.625	30.625
16289	29.375	44.375	28.75
16325	29.375	45.0	30.625
16361	29.375	45.0	30.0
16397	27.5	46.875	30.0
16433	26.875	50.0	31.25
16469	26.875	52.5	33.125
16505	25.625	55.0	32.5
16541	24.375	58.75	32.5
16577	25.0	57.5	32.5
16613	25.625	55.625	33.125
16649	28.125	51.875	31.875
16685	29.375	51.875	33.75
16721	30.0	52.5	36.25
16757	31.25	49.375	35.625
16793	31.25	50.625	34.375
16829	28.75	54.375	31.875
16865	28.75	52.5	30.625
16901	26.875	51.25	31.875
16937	28.125	48.75	31.25
16973	28.125	48.75	30.625
17009	29.375	46.875	29.375
17045	31.25	44.375	30.0
17081	30.0	45.0	28.75
17117	26.875	48.125	28.75
17153	25.0	46.25	30.625
17189	24.375	47.5	30.625
17225	25.0	48.75	30.0
17261	23.75	46.25	30.0
17297	24.375	43.75	31.875
17333	25.0	43.75	34.375
17369	26.25	43.75	36.25
17405	26.875	45.0	36.25
17441	29.375	43.75	36.25
17477	27.5	42.5	39.375
17513	28.125	41.875	40.625
17549	29.375	38.125	44.375
17585	31.875	35.625	47.5
17621	33.75	36.25	48.75
17657	34.375	32.5	48.75
17693	35.0	30.0	50.0
17729	36.25	30.0	53.75
17765	37.5	28.75	57.5
17801	36.875	25.0	58.125
17837	38.125	23.75	55.625
17873	40.625	22.5	53.125
17909	38.75	23.125	55.0
17945	39.375	22.5	55.625
17981	38.125	23.125	56.25
18017	36.875	25.625	55.0
18053	35.0	28.75	53.125
18089	35.0	28.75	50.625
18125	37.5	27.5	49.375
18161	36.875	28.75	48.75
18197	36.25	30.625	46.875
18233	35.0	31.875	45.625
18269	34.375	33.125	45.0
18305	34.375	35.625	44.375
18341	33.125	33.125	45.0
18377	33.125	31.875	46.25
18413	34.375	30.625	46.875
18449	35.625	30.625	46.875
18485	35.0	30.0	47.5
18521	37.5	30.0	47.5
18557	35.625	31.25	46.875
18593	35.0	32.5	46.875
18629	35.0	33.75	45.0
18665	36.25	30.625	47.5
18701	36.25	31.875	46.875
18737	39.375	31.25	46.875
18773	39.375	31.25	45.625
18809	38.75	31.875	46.875
18845	38.125	33.125	45.625
18881	35.625	36.25	42.5
18917	36.25	38.125	40.0
18953	36.875	38.125	37.5
18989	35.625	40.625	35.0
19025	35.0	40.0	36.25
19061	34.375	40.0	37.5
19097	33.75	41.875	36.875
19133	31.25	41.875	38.75
19169	31.25	43.75	36.875
19205	29.375	45.625	33.75
19241	29.375	45.625	32.5
19277	28.75	45.625	30.625
19313	29.375	46.875	29.375
19349	30.0	46.25	30.0
19385	30.625	45.625	30.625
19421	29.375	46.875	30.0
19457	31.25	46.25	31.25
19493	31.875	46.875	29.375
19529	31.875	46.25	29.375
19565	31.25	45.625	28.75
19601	33.75	45.625	25.625
19637	33.75	46.875	23.75
19673	33.125	45.625	24.375
19709	33.125	45.625	25.625
19745	30.625	48.75	26.875
19781	29.375	48.125	30.0
19817	29.375	50.0	31.875
19853	27.5	46.875	30.625
19889	26.25	45.0	31.875
19925	26.25	44.375	33.125
19961	25.0	44.375	36.25
19997	25.0	41.875	37.5
20033	26.875	38.75	37.5
20069	25.625	36.875	41.875
20105	28.75	33.75	41.875
20141	28.125	31.875	44.375
20177	30.0	29.375	45.625
20213	30.0	26.875	45.0
20249	33.125	25.0	45.0
20285	33.75	23.75	44.375
20321	33.125	22.5	45.625
20357	35.0	23.75	43.125
20393	36.875	20.625	43.75
20429	38.125	19.375	42.5
20465	39.375	18.75	41.875
20501	38.75	21.25	43.125
20537	40.0	22.5	45.0
20573	38.125	21.875	43.75
20609	36.25	23.125	42.5
20645	36.875	23.75	41.25
20681	35.0	26.25	39.375
20717	33.75	26.25	40.0
20753	33.125	26.875	38.75
20789	34.375	27.5	39.375
20825	35.0	29.375	40.625
20861	32.5	30.625	41.25
20897	33.125	33.75	40.0
20933	31.875	36.25	40.0
20969	31.25	38.75	38.75
21005	28.75	39.375	37.5
21041	28.125	41.875	35.625
21077	31.25	40.625	34.375
21113	30.625	42.5	33.75
21149	29.375	43.125	35.0
21185	26.875	45.625	35.625
21221	26.25	46.25	36.875
21257	22.5	47.5	35.625
21293	21.875	46.25	31.875
21329	21.875	43.75	35.0
21365	23.125	41.25	37.5
21401	24.375	41.25	36.25
21437	26.25	38.75	37.5
21473	26.25	37.5	37.5
21509	29.375	35.625	40.0
21545	28.125	35.625	43.75
21581	29.375	34.375	43.75
21617	31.25	32.5	44.375
21653	33.125	30.625	45.0
21689	34.375	30.0	44.375
21725	36.875	29.375	44.375
21761	38.75	29.375	46.875
21797	43.125	28.75	48.125
21833	42.5	28.75	47.5
21869	40.0	29.375	46.875
21905	39.375	27.5	48.125
21941	40.0	28.125	48.75
21977	40.625	27.5	48.75
22013	41.25	27.5	50.0
22049	40.0	30.0	48.125
22085	40.625	30.0	48.125
22121	42.5	28.125	48.75
22157	40.0	29.375	48.75
22193	40.625	28.75	49.375
22229	41.875	27.5	51.25
22265	41.875	28.125	49.375
22301	39.375	30.0	48.125
22337	40.0	29.375	46.875
22373	38.125	28.125	45.0
22409	37.5	27.5	44.375
22445	35.0	28.75	42.5
22481	31.875	30.625	41.25
22517	30.625	29.375	40.625
22553	28.75	29.375	40.0
22589	26.25	28.75	39.375
22625	26.875	27.5	37.5
22661	24.375	29.375	38.75
22697	21.875	31.875	36.875
22733	20.0	33.125	35.625
22769	18.75	31.875	36.875
22805	18.75	32.5	35.625
22841	18.75	34.375	36.875
22877	18.75	35.625	37.5
22913	20.0	35.625	36.875
22949	20.0	35.0	35.625
22985	19.375	35.625	35.625
23021	20.625	35.625	35.625
23057	21.25	37.5	33.75
23093	19.375	35.625	37.5
23129	20.0	35.625	39.375
23165	21.875	33.125	40.0
23201	21.875	33.125	41.875
23237	23.125	32.5	41.875
23273	21.875	30.625	43.75
23309	23.125	29.375	43.75
23345	23.75	29.375	43.75
23381	25.0	30.0	42.5
23417	29.375	26.875	45.0
23453	30.0	26.875	45.0
23489	28.75	26.875	45.0
23525	30.0	25.0	45.625
23561	29.375	25.0	45.0
23597	33.125	23.125	43.75
23633	32.5	25.625	40.625
23669	35.0	26.25	38.75
23705	35.625	26.875	36.875
23741	35.0	28.125	34.375
23777	35.625	26.875	35.0
23813	37.5	27.5	33.125
23849	38.125	25.625	32.5
23885	36.875	29.375	31.25
23921	35.625	28.75	30.625
23957	36.875	30.625	29.375
23993	38.125	31.875	26.875
24029	39.375	31.875	25.0
24065	38.125	33.125	22.5
24101	38.75	29.375	23.125
24137	36.875	28.75	22.5
24173	35.625	30.0	21.875
24209	35.625	30.625	22.5
24245	35.625	31.875	21.25
24281	35.0	33.125	20.625
24317	33.125	36.875	21.875
24353	31.875	34.375	25.0
24389	31.25	35.0	25.625
24425	31.25	35.625	26.25
24461	28.75	34.375	28.125
24497	28.125	32.5	28.75
24533	29.375	33.75	31.25
24569	30.0	36.875	30.625
24605	28.75	40.625	32.5
24641	28.75	41.25	35.0
24677	28.75	42.5	34.375
24713	26.25	45.625	34.375
24749	26.25	46.875	35.0
24785	25.625	46.25	33.75
24821	26.875	45.625	33.125
24857	27.5	46.25	33.75
24893	28.75	45.0	32.5
24929	30.625	45.0	30.0
24965	30.625	45.0	32.5
25001	32.5	42.5	30.0
25037	33.125	41.875	30.0
25073	33.75	41.25	29.375
25109	36.25	37.5	27.5
25145	37.5	36.25	28.75
25181	39.375	31.25	29.375
25217	40.0	29.375	29.375
25253	41.875	26.25	31.25
25289	40.0	26.25	30.625
25325	41.25	25.625	28.125
25361	38.75	25.625	29.375
25397	37.5	26.875	30.0
25433	36.875	26.25	31.875
25469	36.25	28.125	31.25
25505	35.0	27.5	31.875
25541	32.5	28.125	32.5
25577	30.625	29.375	31.875
25613	31.25	29.375	31.875
25649	29.375	33.125	31.875
25685	28.75	35.0	31.25
25721	31.875	35.0	31.25
25757	29.375	35.0	32.5
25793	28.125	35.625	33.125
25829	27.5	36.25	33.75
25865	28.125	36.875	33.125
25901	26.25	38.75	32.5
25937	26.25	40.0	32.5
25973	23.75	41.875	33.75
26009	24.375	41.25	35.625
26045	23.125	39.375	36.25
26081	21.25	38.75	38.125
26117	21.25	35.625	40.625
26153	22.5	35.0	41.25
26189	20.0	33.75	43.125
26225	19.375	33.75	42.5
26261	21.25	34.375	42.5
26297	22.5	33.75	43.75
26333	22.5	33.125	45.625
26369	25.625	32.5	45.625
26405	29.375	29.375	46.25
26441	29.375	28.125	45.0
26477	29.375	26.875	47.5
26513	28.75	28.75	48.125
26549	30.0	29.375	46.875
26585	30.0	28.125	46.875
26621	30.625	27.5	45.625
26657	31.25	26.875	45.0
26693	33.125	26.875	45.625
26729	32.5	28.75	44.375
26765	33.125	26.875	43.125
26801	33.125	26.875	43.75
26837	34.375	26.25	41.875
26873	32.5	27.5	41.25
26909	33.125	28.125	40.0
26945	35.625	30.625	36.25
26981	38.75	29.375	33.75
27017	40.0	28.75	33.75
27053	39.375	29.375	33.125
27089	39.375	30.0	31.25
27125	40.625	31.25	28.75
27161	40.625	30.625	28.125
27197	40.0	29.375	27.5
27233	42.5	28.75	25.625
27269	41.25	30.625	23.125
27305	43.125	31.875	19.375
27341	41.875	30.625	18.75
27377	40.625	30.625	18.125
27413	41.25	31.875	18.125
27449	38.125	33.125	18.75
27485	37.5	33.75	17.5
27521	38.125	36.25	15.0
27557	39.375	36.875	13.75
27593	41.25	37.5	13.125
27629	43.75	39.375	12.5
27665	42.5	40.0	12.5
27701	40.625	41.25	12.5
27737	40.0	40.625	13.125
27773	39.375	39.375	13.75
27809	38.75	39.375	15.0
27845	38.75	38.125	14.375
27881	38.75	36.875	14.375
27917	39.375	35.0	14.375
27953	40.0	35.625	15.0
27989	40.0	34.375	16.25
28025	38.125	33.125	16.875
28061	36.25	31.25	17.5
28097	36.25	32.5	16.25
28133	34.375	33.125	15.0
28169	36.25	33.75	16.25
28205	36.875	35.625	16.875
28241	36.875	36.875	18.125
28277	36.875	37.5	20.0
28313	38.75	40.0	19.375
28349	38.75	41.25	20.0
28385	38.75	43.125	19.375
28421	38.75	43.125	18.125
28457	41.25	42.5	18.75
28493	41.25	41.25	18.75
28529	42.5	41.25	18.75
28565	40.0	41.25	18.125
28601	40.0	43.75	18.125
28637	39.375	43.125	20.0
28673	40.0	43.125	17.5
28709	40.0	41.25	18.125
28745	40.625	40.0	17.5
28781	38.75	41.25	18.125
28817	41.25	42.5	16.875
28853	40.0	41.25	18.125
28889	40.0	40.0	18.75
28925	40.625	42.5	18.125
28961	38.75	44.375	18.75
28997	40.625	46.25	17.5
29033	40.625	43.75	17.5
29069	41.25	41.875	18.75
29105	40.0	41.25	18.125
29141	40.625	40.0	20.0
29177	42.5	38.75	19.375
29213	41.25	40.0	20.0
29249	41.25	38.75	18.75
29285	40.0	36.875	16.875
29321	39.375	35.625	18.125
29357	39.375	37.5	18.125
29393	40.0	38.75	18.125
29429	38.125	36.25	18.125
29465	38.125	35.0	17.5
29501	39.375	35.625	20.0
29537	40.0	37.5	20.0
29573	41.25	38.125	18.75
29609	41.25	38.75	15.625
29645	40.625	37.5	15.625
29681	39.375	36.25	15.0
29717	40.0	35.625	16.25
29753	40.0	36.25	16.875
29789	39.375	36.25	17.5
29825	37.5	35.0	16.875
29861	34.375	33.125	16.25
29897	35.0	34.375	15.625
29933	36.875	35.0	15.625
29969	34.375	33.125	15.625
30005	33.75	32.5	15.625
30041	34.375	34.375	16.25
30077	33.125	34.375	17.5
30113	32.5	35.625	18.75
30149	33.125	38.125	18.75
30185	31.875	36.875	18.75
30221	31.25	36.25	18.75
30257	32.5	38.125	19.375
30293	34.375	38.125	22.5
30329	35.0	35.625	25.0
30365	34.375	35.625	26.25
30401	33.75	35.0	28.125
30437	33.125	35.0	28.75
30473	35.0	35.625	29.375
30509	36.25	35.0	29.375
30545	36.875	34.375	30.0
30581	38.125	33.125	30.0
30617	38.75	31.25	30.625
30653	39.375	30.625	31.25
30689	41.875	32.5	30.0
30725	40.625	32.5	31.25
30761	38.75	33.75	30.625
30797	39.375	36.25	30.0
30833	38.125	37.5	30.0
30869	40.0	37.5	26.875
30905	38.75	36.875	26.875
30941	36.875	34.375	25.0
30977	34.375	35.0	24.375
31013	33.125	35.0	24.375
31049	32.5	35.625	23.125
31085	31.25	32.5	25.0
31121	32.5	32.5	27.5
31157	30.625	30.625	28.75
31193	29.375	31.875	30.0
31229	27.5	28.75	32.5
31265	28.125	26.25	33.125
31301	30.625	23.75	33.125
31337	27.5	22.5	33.75
31373	26.25	22.5	35.0
31409	27.5	21.875	36.875
31445	29.375	22.5	39.375
31481	31.25	19.375	40.625
31517	30.0	19.375	41.25
31553	30.0	19.375	40.0
31589	30.0	17.5	36.875
31625	30.0	18.125	38.125
31661	30.0	20.0	36.875
31697	31.875	22.5	37.5
31733	33.75	23.125	38.125
31769	30.625	28.125	39.375
31805	28.75	30.625	41.25
31841	31.25	35.0	38.75
31877	29.375	36.25	40.0
31913	30.625	36.25	39.375
31949	29.375	39.375	40.625
31985	25.625	43.75	44.375
32021	24.375	47.5	48.125
32057	21.25	53.125	51.875
32093	21.25	55.0	53.125
32129	19.375	53.75	51.875
32165	17.5	53.125	52.5
32201	16.25	52.5	50.625
32237	17.5	53.125	49.375
32273	19.375	51.25	48.75
32309	19.375	50.0	47.5
32345	19.375	48.75	48.75
32381	17.5	50.0	48.75
32417	18.125	50.0	48.125
32453	19.375	50.0	46.875
32489	20.625	46.875	45.625
32525	20.625	45.625	46.25
32561	21.875	46.25	44.375
32597	20.0	47.5	45.625
32633	20.625	46.875	44.375
32669	20.625	48.125	43.75
32705	18.75	50.0	43.125
32741	20.0	49.375	41.875
32777	19.375	50.0	43.75
32813	21.25	49.375	43.75
32849	20.625	48.75	46.25
32885	21.875	47.5	46.875
32921	21.25	48.125	46.875
32957	19.375	48.75	44.375
32993	20.0	50.625	43.125
33029	20.0	52.5	40.625
33065	20.625	52.5	40.0
33101	22.5	50.0	39.375
33137	21.875	50.625	41.25
33173	21.25	48.75	42.5
33209	21.25	49.375	43.75
33245	18.75	51.875	44.375
33281	19.375	52.5	44.375
33317	19.375	55.625	41.875
33353	18.75	58.125	40.0
33389	16.875	60.0	40.625
33425	18.125	57.5	42.5
33461	18.125	55.0	44.375
33497	16.875	51.875	45.0
33533	16.875	53.75	48.125
33569	13.75	53.75	50.625
33605	18.125	53.125	46.25
33641	20.0	50.625	48.75
33677	21.25	52.5	48.75
33713	22.5	51.25	47.5
33749	20.625	51.875	46.25
33785	21.875	50.625	45.625
33821	21.25	47.5	46.875
33857	21.875	45.625	47.5
33893	20.625	46.25	48.125
33929	22.5	46.875	46.875
33965	23.125	47.5	45.625
34001	25.0	46.875	45.0
34037	25.0	45.0	43.75
34073	23.125	46.25	45.625
34109	21.875	45.0	44.375
34145	22.5	43.125	43.75
34181	23.125	41.25	44.375
34217	24.375	38.125	45.625
34253	25.0	36.875	48.75
34289	26.25	37.5	49.375
34325	26.875	37.5	48.125
34361	28.75	35.0	47.5
34397	31.25	32.5	48.125
34433	32.5	31.875	47.5
34469	33.125	28.75	48.75
34505	34.375	26.875	49.375
34541	35.625	25.0	50.0
34577	38.75	23.75	50.0
34613	40.0	23.125	52.5
34649	38.75	22.5	53.125
34685	40.0	23.75	50.0
34721	40.0	25.0	49.375
34757	40.0	25.0	50.0
34793	40.0	21.875	51.875
34829	40.0	23.75	50.625
34865	38.125	25.625	49.375
34901	38.125	23.75	52.5
34937	38.125	25.0	51.875
34973	40.625	24.375	50.625
35009	39.375	25.625	50.0
35045	38.125	26.875	50.0
35081	36.25	27.5	50.625
35117	36.25	26.25	50.0
35153	35.625	25.0	51.875
35189	35.0	24.375	53.125
35225	35.0	23.75	51.875
35261	33.125	25.625	50.625
35297	32.5	25.0	51.25
35333	32.5	24.375	50.0
35369	30.625	24.375	48.75
35405	34.375	23.75	48.75
35441	33.75	22.5	50.0
35477	31.875	25.625	47.5
35513	30.625	23.75	48.75
35549	34.375	23.75	47.5
35585	33.125	24.375	48.125
35621	31.25	24.375	46.25
35657	29.375	26.25	47.5
35693	28.75	28.125	43.75
35729	31.25	25.625	44.375
35765	31.25	25.625	41.875
35801	31.25	25.625	44.375
35837	31.875	26.25	46.25
35873	29.375	25.0	46.875
35909	28.75	26.25	45.625
35945	30.0	25.0	50.625
35981	30.625	23.75	48.75
36017	31.25	25.625	48.75
36053	32.5	26.875	49.375
36089	35.0	26.875	51.875
36125	37.5	26.25	50.0
36161	41.875	25.0	51.875
36197	40.625	25.0	53.125
36233	42.5	24.375	55.625
36269	41.875	26.875	53.125
36305	40.0	29.375	51.875
36341	42.5	29.375	50.625
36377	46.25	28.75	51.875
36413	46.25	26.875	50.625
36449	48.125	26.875	50.0
36485	48.125	25.0	53.125
36521	47.5	25.0	52.5
36557	45.0	26.875	51.25
36593	46.25	26.25	51.875
36629	42.5	28.125	51.875
36665	40.625	25.0	55.0
36701	40.0	26.875	56.875
36737	40.625	24.375	56.25
36773	41.25	23.125	60.0
36809	40.625	22.5	59.375
36845	38.125	22.5	61.875
36881	37.5	24.375	60.625
36917	36.25	25.0	60.0
36953	36.25	25.625	58.75
36989	37.5	25.625	58.125
37025	38.75	21.875	57.5
37061	38.125	21.875	56.875
37097	38.75	21.875	60.0
37133	40.625	20.0	57.5
37169	40.625	20.625	56.25
37205	42.5	20.625	55.625
37241	42.5	20.0	55.625
37277	43.125	20.625	54.375
37313	46.25	20.0	53.75
37349	46.875	19.375	55.625
37385	45.625	20.625	55.0
37421	44.375	18.125	57.5
37457	42.5	18.75	57.5
37493	41.25	21.25	56.25
37529	38.75	21.875	58.125
37565	36.875	23.125	56.25
37601	35.625	26.25	54.375
37637	35.0	25.0	54.375
37673	33.75	22.5	54.375
37709	32.5	23.125	53.75
37745	30.0	22.5	54.375
37781	28.125	23.125	54.375
37817	25.0	24.375	54.375
37853	25.0	24.375	53.75
37889	23.75	26.875	50.625
37925	22.5	28.75	51.25
37961	22.5	26.875	52.5
37997	23.125	27.5	50.0
38033	24.375	25.625	48.75
38069	25.0	24.375	50.0
38105	26.25	24.375	48.75
38141	24.375	27.5	49.375
38177	22.5	27.5	49.375
38213	24.375	26.25	49.375
38249	23.75	26.25	47.5
38285	24.375	25.625	48.75
38321	26.875	25.0	46.875
38357	28.75	23.75	48.125
38393	28.125	21.25	50.0
38429	26.25	23.125	48.125
38465	28.125	21.875	49.375
38501	28.75	21.25	53.125
38537	28.125	21.875	52.5
38573	28.125	21.875	52.5
38609	28.75	20.625	53.125
38645	28.75	21.875	52.5
38681	28.75	22.5	53.125
38717	29.375	23.75	51.25
38753	33.125	23.125	51.25
38789	35.0	21.25	50.625
38825	36.875	19.375	52.5
38861	38.125	20.0	53.125
38897	39.375	18.75	53.125
38933	40.0	19.375	53.75
38969	39.375	20.0	52.5
39005	40.0	21.25	50.625
39041	38.75	23.125	51.25
39077	39.375	22.5	50.625
39113	40.625	21.25	51.25
39149	38.75	22.5	51.25
39185	36.875	22.5	50.625
39221	35.625	21.25	51.25
39257	33.125	20.625	53.125
39293	29.375	23.125	51.875
39329	30.625	23.75	50.0
39365	31.875	22.5	49.375
39401	31.875	22.5	48.125
39437	30.625	21.875	47.5
39473	31.875	23.125	45.625
39509	32.5	24.375	44.375
39545	35.0	21.875	45.0
39581	35.625	24.375	46.25
39617	36.25	23.125	44.375
39653	36.875	24.375	42.5
39689	36.875	23.75	43.75
39725	37.5	24.375	41.875
39761	37.5	23.75	41.875
39797	36.875	25.0	42.5
39833	33.75	25.625	43.75
39869	34.375	25.625	43.125
39905	33.75	26.25	45.0
39941	34.375	24.375	47.5
39977	34.375	21.875	48.75
40013	32.5	22.5	48.75
40049	30.625	24.375	47.5
40085	31.875	23.75	46.25
40121	33.75	23.125	46.875
40157	31.875	23.75	47.5
40193	33.125	25.625	48.125
40229	37.5	25.625	49.375
40265	38.125	23.125	49.375
40301	39.375	22.5	48.75
40337	39.375	24.375	47.5
40373	38.125	25.0	48.125
40409	38.75	29.375	46.25
40445	38.125	29.375	45.625
40481	40.0	29.375	46.25
40517	40.625	27.5	46.25
40553	38.75	26.875	48.75
40589	39.375	27.5	50.0
40625	38.125	26.875	51.25
40661	38.125	27.5	48.75
40697	36.25	27.5	48.75
40733	33.75	28.75	48.75
40769	31.875	30.625	48.125
40805	30.625	30.0	48.75
40841	32.5	28.75	48.75
40877	33.125	25.625	46.875
40913	34.375	23.75	46.875
40949	32.5	26.25	45.0
40985	33.75	28.125	46.25
41021	35.0	26.875	44.375
41057	35.0	26.25	43.75
41093	35.625	26.875	41.875
41129	36.875	26.875	43.125
41165	35.0	27.5	41.25
41201	35.625	28.75	40.625
41237	36.25	28.75	38.75
41273	35.625	30.0	38.125
41309	33.75	30.0	37.5
41345	34.375	28.75	38.125
41381	31.875	31.875	36.25
41417	30.625	30.625	38.125
41453	31.25	29.375	40.0
41489	31.25	28.75	38.125
41525	30.625	28.125	38.125
41561	33.125	28.125	38.75
41597	33.125	28.125	36.25
41633	34.375	28.125	38.125
41669	33.75	26.875	38.75
41705	35.0	25.625	41.875
41741	35.625	22.5	43.125
41777	36.25	21.875	44.375
41813	34.375	24.375	44.375
41849	36.25	23.75	45.0
41885	37.5	21.875	45.0
41921	37.5	23.125	44.375
41957	38.125	21.25	46.25
41993	35.0	21.875	50.0
42029	35.0	19.375	51.25
42065	35.0	18.75	50.625
42101	34.375	19.375	51.25
42137	35.0	19.375	51.875
42173	36.25	19.375	51.25
42209	37.5	19.375	51.25
42245	36.875	19.375	53.125
42281	37.5	16.875	55.625
42317	38.75	16.875	53.125
42353	37.5	18.125	55.0
42389	37.5	17.5	55.0
42425	33.75	20.625	52.5
42461	36.875	21.875	49.375
42497	38.125	23.125	45.625
42533	37.5	24.375	46.25
42569	37.5	26.875	46.25
42605	38.75	26.875	46.25
42641	36.875	28.75	43.75
42677	37.5	30.625	44.375
42713	36.25	31.25	41.25
42749	36.875	30.625	40.0
42785	36.875	32.5	37.5
42821	38.125	32.5	34.375
42857	38.75	31.25	34.375
42893	40.625	28.75	36.25
42929	41.25	26.875	35.625
42965	41.25	28.75	34.375
43001	42.5	27.5	35.625
43037	44.375	25.625	35.0
43073	43.75	23.75	36.25
43109	43.75	25.0	34.375
43145	44.375	23.75	34.375
43181	46.25	24.375	35.625
43217	48.125	24.375	36.25
43253	47.5	23.75	38.125
43289	48.125	24.375	38.75
43325	48.125	25.0	38.75
43361	46.25	25.625	40.0
43397	43.75	29.375	40.0
43433	45.0	27.5	43.125
43469	43.75	28.125	41.875
43505	41.875	28.125	41.875
43541	41.25	29.375	41.875
43577	43.125	28.125	41.875
43613	44.375	27.5	41.25
43649	41.875	28.75	40.0
43685	40.625	28.125	40.625
43721	41.25	29.375	39.375
43757	38.75	28.75	42.5
43793	40.0	30.625	40.0
43829	40.625	31.25	38.75
43865	42.5	30.0	37.5
43901	43.125	28.75	37.5
43937	41.875	30.0	36.25
43973	42.5	31.875	35.625
44009	41.875	31.875	35.625
44045	38.75	33.125	35.0
44081	38.75	32.5	35.625
44117	38.75	32.5	35.625
44153	37.5	34.375	33.75
44189	36.875	34.375	33.75
44225	38.75	35.0	32.5
44261	41.875	31.875	33.125
44297	42.5	31.25	34.375
44333	43.75	31.25	33.75
44369	42.5	30.0	34.375
44405	43.125	31.875	34.375
44441	45.0	30.625	33.125
44477	45.625	32.5	31.875
44513	45.625	31.875	31.875
44549	48.125	31.25	34.375
44585	47.5	32.5	32.5
44621	46.875	30.625	33.75
44657	50.0	29.375	32.5
44693	48.75	29.375	33.125
44729	46.25	30.625	31.875
44765	45.625	31.25	31.875
44801	44.375	31.25	33.75
44837	44.375	33.125	31.875
44873	43.125	35.0	31.875
44909	43.75	33.75	33.125
44945	42.5	33.75	33.75
44981	44.375	33.75	33.75
45017	44.375	33.125	31.875
45053	45.0	34.375	31.875
45089	45.0	35.0	31.25
45125	42.5	37.5	31.875
45161	45.0	35.625	31.25
45197	46.875	35.625	30.625
45233	46.25	35.625	29.375
45269	46.875	35.625	30.0
45305	46.25	34.375	29.375
45341	46.875	33.75	30.0
45377	49.375	32.5	31.25
45413	46.875	36.875	30.625
45449	46.875	35.625	31.875
45485	45.625	36.25	33.125
45521	47.5	33.75	31.875
45557	48.125	31.875	32.5
45593	48.125	32.5	31.875
45629	45.625	33.125	32.5
45665	44.375	35.625	30.0
45701	42.5	33.75	32.5
45737	43.75	33.75	33.75
45773	43.75	33.125	34.375
45809	44.375	36.25	34.375
45845	43.75	34.375	35.0
45881	44.375	33.75	33.75
45917	43.125	32.5	35.0
45953	43.75	30.625	33.75
45989	43.75	31.25	34.375
46025	43.75	30.625	35.0
46061	43.125	30.625	35.0
46097	44.375	30.0	34.375
46133	46.875	28.125	36.875
46169	48.125	25.625	36.875
46205	50.0	25.625	37.5
46241	50.625	24.375	38.75
46277	51.875	23.125	39.375
46313	48.125	23.125	38.125
46349	48.125	25.0	38.75
46385	48.125	23.75	38.125
46421	48.75	24.375	38.125
46457	47.5	25.625	35.625
46493	47.5	26.25	35.0
46529	46.875	26.875	35.625
46565	46.875	27.5	34.375
46601	44.375	28.125	33.75
46637	43.75	29.375	33.125
46673	41.875	31.25	31.875
46709	39.375	31.875	31.25
46745	39.375	33.75	30.625
46781	38.75	35.625	30.625
46817	39.375	35.0	31.25
46853	38.75	35.0	30.625
46889	37.5	34.375	32.5
46925	34.375	34.375	33.125
46961	34.375	35.0	37.5
46997	33.125	35.625	38.75
47033	31.875	34.375	41.25
47069	31.25	33.75	43.75
47105	31.25	33.75	43.125
47141	30.0	32.5	44.375
47177	32.5	32.5	44.375
47213	30.0	31.25	45.625
47249	27.5	30.625	46.25
47285	26.875	31.875	44.375
47321	28.75	32.5	45.625
47357	28.125	33.75	44.375
47393	29.375	32.5	46.875
47429	28.75	34.375	45.0
47465	31.25	31.25	43.75
47501	30.0	30.625	44.375
47537	31.25	31.875	43.75
47573	30.625	33.75	45.0
47609	29.375	36.25	43.75
47645	28.125	37.5	45.0
47681	28.125	38.125	42.5
47717	28.75	39.375	43.125
47753	28.75	37.5	44.375
47789	28.125	36.25	42.5
47825	26.25	36.25	45.0
47861	28.125	35.625	43.125
47897	28.75	35.0	43.125
47933	29.375	36.875	41.875
47969	29.375	37.5	40.0
48005	29.375	38.125	38.75
48041	30.625	36.875	38.125
48077	31.875	35.625	38.125
48113	33.125	35.625	40.0
48149	33.75	35.625	38.75
48185	35.0	32.5	38.75
48221	36.25	34.375	38.75
48257	35.0	33.75	38.75
48293	38.125	33.125	37.5
48329	36.25	36.25	41.875
48365	35.0	36.25	44.375
48401	34.375	36.875	41.25
48437	35.0	36.25	43.75
48473	35.625	38.125	45.625
48509	35.625	34.375	47.5
48545	36.25	33.125	45.625
48581	36.875	33.125	46.25
48617	38.125	32.5	46.25
48653	37.5	33.125	45.625
48689	35.625	33.125	46.25
48725	36.25	32.5	45.625
48761	36.25	35.0	43.75
48797	36.875	33.125	44.375
48833	37.5	32.5	42.5
48869	38.125	30.625	43.125
48905	38.125	31.25	43.125
48941	35.625	30.625	44.375
48977	34.375	31.875	43.75
49013	33.125	32.5	46.25
49049	33.75	33.125	46.25
49085	33.75	33.125	48.125
49121	33.125	31.875	46.875
49157	34.375	31.875	48.125
49193	35.0	33.125	46.875
49229	36.875	30.625	48.125
49265	36.25	33.125	47.5
49301	37.5	31.875	46.25
49337	35.625	31.875	46.875
49373	36.875	31.25	46.25
49409	38.125	30.625	43.75
49445	36.875	31.875	45.0
49481	37.5	31.25	43.75
49517	36.875	31.875	42.5
49553	33.75	33.125	43.125
49589	35.0	33.125	42.5
49625	35.0	33.75	42.5
49661	34.375	35.0	43.75
49697	33.125	33.75	44.375
49733	32.5	33.75	44.375
49769	33.125	33.125	43.125
49805	32.5	32.5	45.0
49841	31.875	33.75	44.375
49877	32.5	33.125	46.25
49913	31.25	31.875	46.25
49949	31.25	31.25	46.875
49985	32.5	31.25	43.75
50021	32.5	32.5	43.125
50057	31.25	31.875	44.375
50093	29.375	34.375	45.0
50129	30.0	31.875	45.625
50165	30.625	30.625	46.25
50201	31.875	28.75	44.375
50237	30.625	28.75	45.0
50273	30.625	29.375	45.625
50309	30.625	28.125	46.25
50345	28.125	31.25	48.75
50381	28.125	30.625	48.75
50417	30.0	30.625	46.875
50453	28.75	30.0	50.0
50489	29.375	29.375	50.0
50525	28.125	29.375	50.625
50561	30.0	28.125	51.875
50597	29.375	29.375	53.125
50633	28.75	29.375	53.125
50669	28.125	31.25	53.75
50705	28.75	31.25	53.75
50741	31.25	30.625	51.875
50777	32.5	29.375	52.5
50813	33.75	30.625	50.625
50849	35.0	32.5	50.0
50885	36.25	31.25	47.5
50921	36.875	32.5	46.25
50957	35.0	33.125	48.75
50993	36.25	32.5	47.5
51029	35.625	33.75	46.25
51065	38.125	33.125	46.25
51101	36.875	32.5	46.25
51137	36.875	33.125	43.75
51173	37.5	33.75	41.875
51209	36.25	33.75	41.25
51245	34.375	34.375	42.5
51281	35.0	32.5	41.25
51317	33.75	31.875	42.5
51353	33.75	31.875	40.625
51389	33.75	31.875	41.25
51425	33.75	35.0	38.75
51461	33.75	35.0	37.5
51497	31.875	35.0	41.25
51533	31.875	33.75	40.0
51569	30.0	36.25	41.25
51605	30.625	36.875	41.875
51641	30.625	35.625	44.375
51677	30.0	36.25	46.25
51713	29.375	36.875	45.625
51749	25.625	37.5	46.25
51785	26.875	35.0	47.5
51821	26.25	35.0	50.0
51857	25.625	32.5	49.375
51893	24.375	30.625	52.5
51929	27.5	30.625	50.0
51965	26.25	31.875	50.0
52001	26.25	30.625	50.0
52037	28.125	30.0	48.75
52073	28.125	28.125	48.75
52109	27.5	28.75	48.125
52145	28.125	30.0	48.125
52181	29.375	27.5	47.5
52217	30.0	26.875	47.5
52253	31.875	25.625	46.875
52289	32.5	26.875	44.375
52325	31.875	29.375	44.375
52361	31.25	30.625	44.375
52397	30.625	31.875	44.375
52433	31.25	31.25	45.625
52469	31.875	30.0	45.0
52505	31.25	31.875	46.25
52541	30.0	31.25	45.625
52577	28.75	30.625	46.25
52613	28.75	30.625	45.0
52649	28.125	30.0	45.625
52685	29.375	31.25	45.625
52721	30.0	31.875	46.875
52757	29.375	30.625	48.125
52793	29.375	28.75	48.75
52829	31.25	28.75	47.5
52865	31.875	27.5	48.75
52901	35.0	26.25	47.5
52937	35.0	26.25	48.75
52973	36.875	26.875	46.875
53009	37.5	26.25	47.5
53045	40.0	26.25	47.5
53081	36.25	26.875	50.0
53117	37.5	26.25	49.375
53153	36.25	25.625	50.625
53189	35.625	27.5	48.75
53225	37.5	28.125	48.125
53261	37.5	29.375	50.625
53297	36.875	30.625	51.25
53333	37.5	31.25	50.625
53369	33.75	32.5	52.5
53405	32.5	32.5	51.875
53441	31.875	31.875	51.25
53477	30.0	32.5	50.0
53513	30.625	32.5	50.0
53549	31.875	31.25	47.5
53585	32.5	33.125	46.25
53621	31.875	33.125	45.625
53657	31.25	32.5	47.5
53693	28.75	31.875	48.75
53729	28.125	31.875	46.875
53765	28.125	33.75	45.0
53801	28.125	32.5	47.5
53837	28.125	33.75	46.25
53873	27.5	33.75	46.875
53909	27.5	33.125	48.125
53945	28.125	34.375	46.875
53981	29.375	34.375	50.0
54017	26.875	35.625	51.875
54053	26.25	35.625	49.375
54089	26.25	35.0	46.875
54125	25.625	35.0	43.75
54161	26.875	35.0	41.875
54197	28.125	36.875	40.0
54233	26.25	34.375	41.875
54269	26.875	33.75	40.625
54305	25.625	31.25	39.375
54341	26.25	30.625	38.125
54377	26.25	30.625	38.125
54413	28.75	27.5	38.75
54449	26.875	30.0	38.125
54485	28.125	29.375	38.75
54521	29.375	28.125	40.625
54557	31.25	28.125	44.375
54593	32.5	29.375	45.625
54629	33.125	30.0	46.25
54665	33.125	28.125	47.5
54701	32.5	28.125	47.5
54737	32.5	29.375	47.5
54773	32.5	28.75	48.75
54809	33.125	28.125	50.625
54845	31.25	28.75	47.5
54881	30.625	30.625	43.75
54917	30.625	33.125	40.625
54953	31.875	32.5	39.375
54989	34.375	33.75	33.75
55025	33.125	35.625	33.125
55061	31.875	36.875	32.5
55097	31.875	35.0	31.25
55133	33.75	38.75	30.625
55169	33.75	38.75	29.375
55205	35.625	40.0	26.875
55241	38.75	41.875	26.875
55277	37.5	43.75	25.625
55313	38.75	45.0	26.875
55349	37.5	45.625	28.75
55385	39.375	43.75	29.375
55421	38.125	45.625	28.75
55457	36.25	44.375	30.625
55493	34.375	45.0	31.25
55529	35.625	44.375	31.875
55565	36.875	47.5	30.0
55601	35.625	45.625	30.0
55637	35.0	46.25	26.875
55673	35.625	43.75	27.5
55709	35.0	43.125	26.25
55745	38.125	43.125	24.375
55781	38.125	38.125	25.0
55817	40.625	40.0	25.0
55853	41.875	37.5	26.875
55889	42.5	33.75	26.25
55925	41.25	35.0	26.25
55961	45.625	31.25	26.25
55997	45.625	32.5	27.5
56033	45.625	31.25	27.5
56069	48.125	27.5	29.375
56105	47.5	28.125	32.5
56141	46.25	28.75	32.5
56177	45.625	26.875	35.625
56213	43.75	25.625	35.625
56249	43.125	26.875	36.25
56285	43.125	27.5	34.375
56321	41.875	26.875	35.0
56357	43.75	28.125	34.375
56393	45.0	28.75	36.25
56429	43.125	31.875	36.25
56465	39.375	31.875	34.375
56501	40.0	31.875	33.125
56537	38.75	32.5	32.5
56573	37.5	33.75	30.625
56609	36.25	33.125	28.125
56645	36.25	34.375	29.375
56681	35.625	34.375	30.625
56717	35.0	33.75	31.875
56753	35.0	34.375	33.125
56789	36.25	36.25	31.25
56825	36.25	34.375	31.875
56861	35.0	33.75	31.875
56897	36.875	28.75	31.25
56933	37.5	26.875	31.875
56969	37.5	26.25	33.125
57005	36.875	24.375	33.75
57041	39.375	24.375	36.25
57077	40.0	25.0	36.875
57113	39.375	22.5	37.5
57149	41.25	21.875	35.625
57185	43.75	21.25	35.0
57221	43.125	23.125	32.5
57257	40.625	23.75	30.625
57293	40.625	23.75	31.25
57329	38.75	25.0	32.5
57365	38.125	26.875	31.25
57401	33.75	31.875	30.0
57437	36.25	31.875	30.0
57473	35.625	33.75	26.875
57509	35.0	33.75	26.25
57545	33.125	31.25	28.125
57581	31.875	31.25	28.75
57617	30.0	31.875	31.875
57653	27.5	32.5	31.875
57689	26.25	34.375	35.625
57725	26.875	35.0	39.375
57761	27.5	32.5	38.75
57797	26.25	32.5	38.75
57833	26.25	33.125	40.625
57869	26.25	31.25	42.5
57905	26.25	29.375	45.625
57941	26.875	27.5	47.5
57977	27.5	30.0	48.75
58013	28.125	32.5	50.0
58049	27.5	35.625	49.375
58085	28.125	36.25	45.625
58121	28.125	37.5	43.75
58157	27.5	38.75	44.375
58193	28.125	38.125	39.375
58229	30.0	39.375	40.0
58265	30.625	41.25	40.625
58301	32.5	41.25	38.125
58337	31.875	43.125	35.625
58373	33.125	43.125	34.375
58409	33.75	43.75	32.5
58445	35.0	42.5	31.25
58481	33.125	40.0	30.625
58517	36.875	38.125	28.125
58553	40.0	34.375	29.375
58589	38.125	34.375	30.625
58625	41.875	33.125	28.125
58661	41.875	31.25	30.0
58697	43.125	30.0	31.25
58733	45.625	29.375	32.5
58769	46.25	27.5	35.0
58805	48.75	26.875	35.0
58841	48.125	26.25	35.625
58877	46.25	28.125	36.875
58913	43.125	30.0	36.875
58949	41.875	31.25	38.75
58985	39.375	33.125	38.125
59021	38.125	35.0	36.875
59057	38.75	36.25	36.25
59093	38.75	35.0	36.875
59129	37.5	36.25	35.0
59165	36.875	37.5	33.75
59201	36.25	36.875	30.625
59237	33.125	36.25	31.25
59273	31.25	38.75	30.625
59309	30.625	40.0	29.375
59345	32.5	37.5	29.375
59381	36.25	38.125	28.125
59417	36.25	38.125	27.5
59453	38.125	38.125	28.75
59489	36.25	39.375	30.625
59525	35.0	39.375	30.625
59561	35.625	39.375	30.625
59597	36.25	37.5	31.875
59633	37.5	36.875	32.5
59669	36.25	35.0	35.0
59705	37.5	35.0	35.0
59741	39.375	35.0	34.375
59777	41.25	33.75	35.625
59813	41.25	33.125	35.625
59849	42.5	32.5	36.875
59885	42.5	30.625	36.25
59921	46.875	30.0	36.25
59957	48.75	28.125	36.25
59993	50.0	25.625	35.0
60029	49.375	26.25	35.0
60065	48.125	28.125	36.25
60101	47.5	27.5	38.125
60137	45.0	25.625	39.375
60173	43.75	25.0	38.125
60209	40.625	26.25	40.0
60245	38.75	22.5	40.625
60281	38.125	23.125	38.125
60317	36.25	23.125	40.0
60353	38.125	22.5	41.25
60389	35.0	21.875	44.375
60425	30.625	26.25	43.125
60461	29.375	27.5	41.875
60497	30.625	27.5	42.5
60533	31.25	26.875	41.25
60569	33.125	28.125	40.0
60605	33.125	30.625	38.125
60641	35.625	34.375	36.875
60677	36.25	36.875	36.25
60713	37.5	38.75	35.0
60749	38.75	37.5	36.25
60785	40.625	37.5	32.5
60821	38.75	36.875	31.875
60857	37.5	37.5	29.375
60893	41.25	33.125	28.75
60929	41.25	31.25	29.375
60965	41.25	30.625	30.0
61001	40.625	30.0	30.0
61037	39.375	30.625	30.0
61073	39.375	30.0	31.25
61109	38.125	28.125	31.25
61145	37.5	25.625	34.375
61181	35.625	25.0	35.0
61217	39.375	25.0	36.25
61253	37.5	26.875	38.125
61289	38.125	27.5	37.5
61325	41.25	26.25	38.125
61361	40.625	27.5	36.25
61397	42.5	27.5	36.25
61433	44.375	28.75	37.5
61469	44.375	27.5	38.125
61505	46.25	27.5	36.875
61541	48.125	26.875	36.25
61577	48.125	28.125	36.25
61613	49.375	28.75	34.375
61649	51.875	28.125	31.875
61685	50.625	29.375	31.875
61721	48.75	33.125	30.625
61757	49.375	30.625	30.0
61793	47.5	31.25	29.375
61829	46.25	30.625	30.0
61865	42.5	32.5	31.25
61901	41.875	33.125	30.625
61937	41.25	34.375	30.0
61973	43.125	33.125	30.0
62009	41.875	33.125	30.0
62045	43.125	33.75	29.375
62081	41.25	33.75	28.75
62117	41.875	33.75	30.625
62153	41.25	35.0	32.5
62189	42.5	33.125	33.75
62225	42.5	31.875	33.75
62261	42.5	33.125	36.25
62297	43.125	31.875	36.875
62333	45.625	30.625	37.5
62369	46.25	31.25	38.125
62405	45.625	30.0	36.875
62441	48.125	29.375	37.5
62477	48.125	29.375	37.5
62513	48.125	30.0	36.25
62549	46.25	30.0	36.875
62585	45.0	30.625	36.875
62621	44.375	32.5	35.625
62657	46.25	31.25	35.0
62693	47.5	29.375	36.25
62729	47.5	31.25	36.25
62765	48.125	31.875	35.0
62801	50.625	31.25	36.875
62837	50.625	30.0	35.625
62873	50.0	32.5	34.375
62909	48.75	33.125	35.0
62945	46.875	32.5	33.75
62981	47.5	35.0	33.75
63017	48.125	34.375	33.125
63053	51.25	33.125	32.5
63089	52.5	31.25	33.125
63125	53.75	30.0	33.75
63161	51.875	31.875	32.5
63197	52.5	31.875	31.25
63233	50.0	33.75	28.75
63269	48.125	34.375	27.5
63305	46.25	35.0	27.5
63341	48.75	34.375	28.125
63377	49.375	34.375	28.125
63413	50.0	35.625	29.375
63449	50.0	34.375	30.0
63485	50.625	32.5	30.625
63521	48.125	33.125	30.0
63557	46.25	31.875	31.875
63593	42.5	33.125	33.125
63629	39.375	32.5	35.625
63665	38.75	31.875	37.5
63701	38.125	31.875	38.75
63737	38.75	32.5	38.125
63773	39.375	33.125	40.0
63809	36.875	33.75	41.25
63845	35.625	33.125	40.625
63881	33.75	32.5	41.25
63917	31.25	33.125	41.25
63953	29.375	35.625	41.875
63989	28.125	38.75	43.125
64025	28.125	39.375	40.0
64061	31.25	41.25	38.75
64097	32.5	44.375	35.625
64133	35.0	43.75	31.875
64169	33.75	43.75	33.125
64205	32.5	43.75	36.875
64241	33.125	42.5	36.25
64277	32.5	45.0	33.125
64313	32.5	46.875	34.375
64349	33.75	45.0	33.75
64385	33.125	42.5	36.875
64421	37.5	41.25	36.875
64457	38.125	38.125	38.75
64493	40.625	36.875	37.5
64529	40.0	33.125	39.375
64565	41.875	29.375	39.375
64601	39.375	28.125	41.25
64637	40.0	27.5	43.75
64673	41.25	25.625	44.375
64709	42.5	25.0	43.125
64745	43.75	25.0	43.125
64781	45.0	22.5	45.0
64817	45.0	21.25	43.75
64853	45.625	22.5	40.625
64889	45.625	24.375	38.75
64925	45.625	28.125	38.75
64961	44.375	28.75	37.5
64997	44.375	29.375	35.625
65033	41.25	31.875	35.625
65069	40.625	33.125	33.125
65105	38.125	35.0	30.0
65141	38.75	35.625	27.5
65177	37.5	36.25	27.5
65213	36.25	35.625	28.125
65249	35.0	35.625	28.75
65285	34.375	40.0	26.25
65321	35.625	43.75	26.875
65357	34.375	43.75	26.875
65393	34.375	42.5	26.875
65429	33.75	42.5	27.5
65465	33.125	45.0	27.5
65501	35.0	44.375	26.875
65537	33.75	47.5	28.75
65573	36.875	46.25	29.375
65609	38.125	46.875	30.625
65645	38.125	45.625	31.25
65681	36.875	45.625	31.875
65717	36.875	45.625	30.625
65753	38.125	46.875	30.625
65789	37.5	44.375	33.75
65825	38.75	43.125	33.125
65861	40.625	41.875	33.125
65897	40.625	40.0	33.75
65933	41.25	39.375	35.0
65969	40.0	40.0	36.25
66005	43.125	40.0	34.375
66041	40.0	39.375	35.625
66077	38.75	40.625	33.75
66113	38.75	41.875	33.125
66149	40.625	45.0	30.625
66185	41.875	43.75	31.25
66221	41.875	42.5	31.875
66257	39.375	45.0	30.625
66293	37.5	45.0	31.875
66329	33.75	46.25	33.125
66365	31.25	48.125	31.875
66401	33.75	47.5	30.0
66437	33.75	48.125	28.75
66473	32.5	48.75	29.375
66509	34.375	48.75	28.75
66545	37.5	48.75	29.375
66581	36.25	48.75	26.875
66617	33.125	48.125	26.25
66653	32.5	49.375	25.625
66689	31.875	50.625	23.75
66725	33.125	49.375	23.125
66761	32.5	48.75	22.5
66797	35.0	48.125	21.25
66833	33.125	48.75	20.625
66869	34.375	48.75	20.625
66905	33.125	48.125	20.625
66941	35.0	47.5	20.0
66977	36.875	47.5	18.75
67013	36.25	48.75	16.875
67049	36.875	47.5	18.75
67085	38.75	48.125	20.625
67121	40.0	45.625	20.0
67157	42.5	45.0	21.25
67193	40.0	45.625	23.125
67229	41.875	44.375	24.375
67265	41.875	43.125	24.375
67301	44.375	43.75	23.125
67337	45.625	46.875	22.5
67373	45.625	46.25	23.125
67409	44.375	44.375	24.375
67445	43.125	43.75	24.375
67481	40.625	40.0	25.625
67517	39.375	39.375	26.25
67553	40.0	38.75	25.625
67589	40.0	38.75	28.125
67625	36.25	36.25	28.125
67661	38.125	39.375	26.875
67697	39.375	36.25	27.5
67733	39.375	37.5	26.875
67769	40.0	36.875	28.75
67805	40.0	34.375	26.875
67841	38.125	33.125	27.5
67877	39.375	34.375	25.625
67913	40.0	36.875	26.875
67949	40.0	36.25	28.125
67985	40.0	36.25	27.5
68021	42.5	35.625	28.125
68057	40.625	35.625	28.75
68093	41.875	36.25	29.375
68129	43.125	33.75	30.0
68165	43.125	34.375	31.25
68201	41.875	33.75	30.625
68237	41.875	32.5	30.625
68273	44.375	31.875	33.75
68309	44.375	31.25	33.75
68345	45.0	29.375	36.25
68381	43.125	29.375	38.75
68417	45.625	27.5	38.125
68453	41.25	29.375	39.375
68489	39.375	33.125	38.75
68525	38.75	32.5	40.0
68561	38.125	35.625	38.75
68597	35.0	34.375	40.0
68633	33.125	37.5	40.0
68669	34.375	36.875	40.0
68705	34.375	36.875	41.875
68741	30.0	36.25	41.875
68777	28.125	36.25	41.25
68813	26.875	35.0	41.25
68849	27.5	34.375	38.75
68885	25.625	33.125	39.375
68921	27.5	32.5	39.375
68957	28.125	28.75	39.375
68993	28.125	28.125	39.375
69029	29.375	28.125	38.75
69065	30.625	27.5	39.375
69101	33.125	25.625	37.5
69137	32.5	26.25	38.125
69173	33.125	25.625	37.5
69209	36.25	26.25	36.25
69245	35.625	30.0	35.625
69281	36.25	32.5	34.375
69317	35.0	35.0	34.375
69353	38.125	36.875	31.25
69389	38.75	37.5	31.25
69425	38.75	38.75	31.25
69461	41.25	36.25	31.25
69497	45.0	35.0	30.625
69533	47.5	35.625	26.25
69569	46.25	36.25	26.875
69605	46.25	35.0	26.875
69641	48.125	36.875	28.125
69677	46.25	36.25	26.875
69713	44.375	36.875	26.25
69749	45.0	33.125	28.75
69785	44.375	33.75	30.0
69821	43.75	31.25	33.125
69857	41.25	31.875	33.125
69893	39.375	33.125	34.375
69929	40.625	31.875	34.375
69965	37.5	33.125	35.0
70001	34.375	33.125	35.625
70037	33.75	34.375	37.5
70073	32.5	35.0	35.625
70109	30.0	33.75	36.875
70145	30.0	35.0	39.375
70181	31.875	34.375	43.125
70217	33.125	33.75	43.125
70253	31.25	33.75	43.125
70289	31.25	33.125	41.875
70325	31.25	33.125	43.75
70361	31.875	32.5	42.5
70397	29.375	35.625	41.875
70433	28.125	34.375	42.5
70469	29.375	34.375	41.875
70505	28.75	36.25	39.375
70541	30.625	35.625	38.125
70577	31.25	36.875	36.25
70613	30.0	38.75	36.875
70649	28.75	38.75	35.0
70685	28.75	40.625	33.75
70721	29.375	41.875	34.375
70757	28.75	42.5	33.75
70793	28.75	46.25	31.25
70829	30.0	45.0	30.0
70865	30.625	43.125	31.25
70901	34.375	41.875	29.375
70937	32.5	43.125	30.0
70973	31.25	41.25	33.75
71009	31.875	41.875	33.125
71045	28.75	41.25	33.75
71081	29.375	41.25	32.5
71117	29.375	41.875	30.625
71153	30.0	41.875	29.375
71189	30.0	40.625	27.5
71225	32.5	38.125	27.5
71261	33.75	36.875	27.5
71297	33.75	37.5	28.75
71333	34.375	37.5	28.125
71369	31.875	38.125	30.625
71405	33.75	35.625	31.875
71441	35.625	34.375	30.0
71477	37.5	34.375	29.375
71513	38.75	33.125	31.25
71549	40.625	32.5	32.5
71585	41.25	29.375	33.75
71621	42.5	28.125	33.75
71657	44.375	29.375	35.625
71693	44.375	29.375	36.25
71729	45.625	28.125	36.25
71765	47.5	26.875	37.5
71801	50.0	23.75	38.75
71837	48.75	25.625	39.375
71873	49.375	24.375	40.625
71909	50.0	23.75	40.625
71945	52.5	22.5	40.625
71981	55.0	21.25	40.625
72017	55.0	19.375	40.625
72053	56.25	20.0	40.625
72089	57.5	19.375	41.875
72125	58.75	18.75	41.875
72161	56.25	18.75	41.25
72197	56.25	18.125	43.75
72233	55.625	18.75	43.75
72269	55.625	20.0	43.125
72305	58.125	18.125	40.625
72341	55.625	18.125	38.125
72377	53.125	18.125	38.75
72413	49.375	21.875	39.375
72449	45.0	21.875	42.5
72485	41.875	21.25	41.875
72521	40.0	22.5	41.875
72557	39.375	25.0	39.375
72593	35.0	25.0	40.625
72629	33.125	25.625	42.5
72665	30.0	26.875	43.75
72701	31.875	26.25	45.625
72737	26.25	27.5	47.5
72773	25.625	30.625	48.75
72809	26.25	31.875	51.25
72845	27.5	32.5	51.25
72881	26.875	33.125	49.375
72917	29.375	31.875	48.125
72953	30.625	32.5	48.125
72989	30.625	31.875	48.75
73025	30.625	29.375	51.875
73061	30.625	30.625	50.625
73097	31.875	31.25	51.25
73133	33.125	31.875	48.75
73169	31.25	33.125	47.5
73205	31.25	35.625	44.375
73241	31.875	33.75	44.375
73277	31.875	33.75	45.625
73313	29.375	33.125	45.625
73349	30.625	33.125	45.0
73385	29.375	34.375	46.875
73421	28.75	35.0	46.875
73457	30.0	35.0	45.0
73493	30.625	35.625	43.75
73529	33.125	32.5	45.625
73565	31.875	31.875	46.25
73601	33.75	28.75	43.75
73637	33.75	30.625	43.75
73673	36.875	27.5	43.75
73709	36.25	27.5	43.75
73745	36.875	28.125	42.5
73781	36.25	28.125	41.25
73817	37.5	26.25	41.25
73853	36.875	26.25	40.625
73889	37.5	24.375	38.125
73925	36.25	25.0	40.0
73961	35.0	28.75	37.5
73997	34.375	30.625	35.0
74033	35.0	33.125	35.625
74069	37.5	33.75	36.25
74105	40.625	32.5	35.625
74141	41.25	32.5	35.0
74177	42.5	31.25	33.75
74213	42.5	29.375	35.625
74249	41.875	30.0	36.875
74285	41.25	29.375	37.5
74321	41.875	31.875	37.5
74357	43.75	33.125	38.75
74393	44.375	33.125	36.875
74429	46.25	31.25	36.875
74465	43.75	29.375	36.875
74501	41.875	30.625	33.75
74537	41.875	28.125	33.75
74573	40.625	27.5	33.75
74609	40.0	29.375	33.75
74645	38.125	29.375	34.375
74681	38.75	31.875	33.75
74717	40.625	31.875	31.875
74753	41.875	33.75	28.75
74789	42.5	33.125	28.75
74825	43.125	31.875	26.25
74861	42.5	31.875	29.375
74897	42.5	30.625	31.25
74933	42.5	33.125	32.5
74969	45.0	33.125	33.125
75005	44.375	32.5	35.625
75041	43.75	32.5	37.5
75077	42.5	33.125	41.875
75113	42.5	33.75	43.75
75149	43.125	30.625	43.75
75185	42.5	31.25	48.125
75221	41.25	30.625	46.875
75257	41.25	31.875	49.375
75293	40.0	33.75	51.25
75329	41.25	33.75	51.875
75365	42.5	32.5	50.625
75401	39.375	33.75	53.75
75437	39.375	32.5	53.75
75473	38.125	33.75	53.75
75509	35.625	36.25	53.125
75545	36.875	35.0	49.375
75581	35.625	33.75	45.625
75617	34.375	34.375	43.75
75653	34.375	35.0	39.375
75689	35.0	33.75	40.0
75725	35.625	33.125	40.625
75761	35.625	31.25	38.75
75797	36.25	29.375	36.875
75833	36.875	30.0	36.875
75869	38.75	28.125	37.5
75905	37.5	28.125	37.5
75941	40.0	26.875	36.25
75977	40.0	26.25	35.625
76013	39.375	27.5	35.0
76049	41.25	26.875	35.0
76085	44.375	26.875	36.25
76121	43.125	26.875	36.25
76157	40.0	30.0	37.5
76193	40.625	31.25	36.25
76229	38.125	33.125	36.875
76265	38.75	31.875	39.375
76301	36.25	34.375	38.75
76337	36.25	36.25	36.875
76373	36.875	34.375	36.25
76409	36.875	35.625	36.25
76445	38.125	34.375	35.625
76481	38.125	32.5	38.75
76517	38.75	33.125	38.125
76553	36.875	33.125	36.875
76589	36.875	32.5	38.75
76625	35.625	33.125	39.375
76661	33.75	35.0	41.875
76697	32.5	35.0	43.125
76733	31.875	37.5	45.625
76769	33.125	38.125	45.625
76805	31.25	38.125	46.25
76841	30.625	38.75	46.875
76877	27.5	40.0	47.5
76913	25.625	40.625	49.375
76949	25.0	41.875	50.625
76985	25.0	41.25	53.125
77021	24.375	43.125	55.0
77057	26.25	42.5	53.125
77093	27.5	43.75	55.0
77129	27.5	43.125	53.125
77165	28.75	41.875	51.875
77201	28.75	41.25	50.625
77237	28.75	38.125	48.75
77273	31.25	36.875	48.125
77309	30.625	36.875	49.375
77345	31.25	36.25	50.625
77381	33.75	34.375	50.0
77417	32.5	36.875	50.0
77453	33.75	35.0	46.875
77489	30.625	36.875	49.375
77525	31.875	35.0	46.25
77561	30.625	33.125	45.0
77597	29.375	32.5	48.125
77633	29.375	33.75	50.625
77669	28.125	32.5	54.375
77705	26.875	35.0	56.875
77741	25.625	36.875	59.375
77777	25.625	36.25	58.75
77813	25.625	36.25	58.125
77849	28.125	36.25	56.875
77885	28.75	35.0	54.375
77921	30.625	34.375	52.5
77957	30.0	34.375	50.0
77993	28.75	35.0	51.25
78029	27.5	37.5	51.875
78065	27.5	37.5	50.0
78101	28.125	36.875	44.375
78137	28.125	35.625	40.625
78173	31.875	35.0	38.75
78209	32.5	35.625	36.25
78245	31.25	32.5	38.125
78281	30.625	35.0	38.75
78317	28.75	36.875	36.875
78353	26.25	35.0	38.125
78389	26.25	35.0	39.375
78425	25.625	36.875	41.25
78461	26.875	34.375	42.5
78497	28.75	33.75	43.125
78533	30.0	32.5	42.5
78569	30.625	34.375	45.625
78605	33.125	33.75	44.375
78641	32.5	30.625	45.0
78677	31.875	30.0	46.25
78713	31.25	31.875	43.125
78749	31.25	31.25	42.5
78785	31.25	33.125	41.25
78821	31.875	31.875	42.5
78857	32.5	33.75	41.25
78893	31.875	33.75	41.875
78929	31.25	35.0	41.25
78965	28.125	38.75	40.0
79001	28.125	40.0	39.375
79037	26.25	38.75	38.75
79073	26.875	40.0	38.125
79109	30.0	40.0	39.375
79145	30.625	38.125	40.0
79181	33.125	38.125	37.5
79217	33.75	38.125	35.0
79253	35.0	35.0	34.375
79289	35.625	35.625	35.625
79325	37.5	35.625	34.375
79361	40.625	34.375	34.375
79397	42.5	35.625	34.375
79433	43.125	35.625	35.0
79469	43.75	36.25	33.75
79505	45.0	35.0	31.25
79541	45.625	35.625	29.375
79577	46.875	36.25	28.125
79613	45.0	38.75	27.5
79649	41.25	39.375	28.125
79685	41.875	40.0	28.75
79721	40.625	40.625	28.125
79757	41.875	39.375	27.5
79793	40.0	40.0	27.5
79829	40.0	38.75	28.75
79865	38.75	38.75	27.5
79901	40.0	39.375	26.875
79937	41.875	37.5	26.25
79973	43.75	35.625	27.5
80009	40.625	36.875	30.0
80045	38.125	37.5	31.875
80081	38.125	35.0	34.375
80117	40.625	35.0	33.125
80153	41.25	36.25	33.125
80189	43.125	34.375	33.75
80225	42.5	35.625	34.375
80261	42.5	36.25	30.625
80297	42.5	37.5	30.0
80333	43.125	35.625	31.25
80369	43.125	35.625	31.875
80405	40.0	35.625	32.5
80441	38.75	37.5	32.5
80477	41.25	36.25	32.5
80513	41.25	35.625	31.25
80549	42.5	35.625	30.0
80585	42.5	31.875	30.0
80621	41.875	30.625	31.875
80657	43.75	31.25	29.375
80693	43.75	30.625	29.375
80729	41.875	31.875	28.75
80765	41.25	33.125	31.875
80801	39.375	36.25	30.625
80837	38.75	38.125	33.125
80873	38.75	36.875	32.5
80909	42.5	36.875	31.25
80945	40.0	40.625	31.25
80981	40.0	40.625	30.625
81017	40.0	42.5	31.25
81053	40.0	44.375	30.0
81089	37.5	48.75	30.625
81125	35.625	48.75	30.625
81161	35.0	47.5	31.875
81197	33.75	46.875	30.625
81233	36.875	48.125	28.75
81269	38.125	45.625	28.125
81305	38.125	43.75	28.125
81341	40.0	43.75	28.125
81377	38.75	42.5	29.375
81413	38.125	42.5	28.75
81449	36.875	41.875	28.75
81485	36.875	40.625	29.375
81521	36.25	40.625	31.25
81557	37.5	40.625	28.125
81593	40.0	38.75	26.875
81629	39.375	39.375	28.75
81665	38.125	43.125	29.375
81701	36.875	40.625	31.25
81737	36.875	40.0	30.0
81773	35.625	38.75	28.75
81809	37.5	36.25	29.375
81845	38.75	36.25	28.75
81881	41.25	35.625	28.75
81917	40.625	36.25	29.375
81953	42.5	35.625	30.625
81989	43.125	35.625	30.0
82025	41.875	33.125	31.25
82061	44.375	31.875	30.625
82097	44.375	31.25	29.375
82133	45.625	30.625	29.375
82169	44.375	31.25	29.375
82205	45.0	31.875	30.625
82241	45.625	31.25	30.0
82277	44.375	31.25	32.5
82313	42.5	33.125	31.875
82349	38.75	33.125	31.25
82385	38.75	33.125	33.125
82421	38.75	33.75	33.125
82457	38.75	35.625	30.625
82493	39.375	37.5	29.375
82529	36.875	38.75	29.375
82565	35.0	39.375	29.375
82601	35.0	40.0	28.75
82637	33.125	38.75	28.125
82673	31.875	40.0	26.25
82709	32.5	41.25	25.0
82745	32.5	41.875	22.5
82781	33.75	40.625	23.125
82817	33.75	41.25	22.5
82853	33.125	39.375	22.5
82889	30.0	38.125	21.875
82925	28.75	35.625	22.5
82961	28.125	35.0	23.75
82997	30.0	33.125	26.25
83033	29.375	31.875	27.5
83069	31.875	30.625	25.625
83105	31.875	30.625	28.75
83141	33.75	28.125	31.25
83177	32.5	26.25	34.375
83213	34.375	25.0	38.125
83249	34.375	23.125	40.625
83285	31.875	23.125	43.125
83321	31.875	20.625	44.375
83357	33.75	23.125	41.875
83393	35.625	26.25	42.5
83429	36.25	28.75	40.0
83465	32.5	30.625	38.125
83501	31.875	31.875	38.125
83537	31.875	31.25	38.125
83573	31.875	31.25	35.625
83609	35.625	31.875	33.75
83645	36.25	31.875	30.625
83681	36.875	32.5	30.0
83717	35.0	36.25	26.25
83753	36.25	38.125	24.375
83789	35.0	38.75	25.0
83825	37.5	36.875	25.625
83861	36.875	35.0	26.25
83897	36.875	32.5	27.5
83933	38.125	30.0	29.375
83969	42.5	29.375	30.0
84005	41.875	29.375	30.0
84041	41.25	29.375	33.125
84077	40.0	30.625	36.25
84113	38.75	31.875	36.25
84149	37.5	30.625	35.625
84185	38.75	26.875	36.875
84221	40.625	24.375	37.5
84257	41.25	25.625	36.875
84293	40.625	25.625	35.625
84329	40.625	27.5	36.25
84365	37.5	27.5	37.5
84401	38.75	26.25	40.0
84437	36.875	26.25	39.375
84473	33.75	27.5	42.5
84509	36.25	25.625	41.25
84545	36.875	25.625	38.125
84581	35.625	23.75	37.5
84617	35.0	23.75	40.625
84653	35.625	26.875	38.75
84689	35.0	30.625	38.75
84725	35.0	33.75	36.875
84761	36.25	36.25	37.5
84797	38.125	37.5	35.625
84833	39.375	40.625	33.125
84869	38.75	44.375	31.875
84905	38.75	48.75	30.0
84941	38.125	51.25	30.0
84977	39.375	53.125	27.5
85013	39.375	55.0	26.25
85049	38.75	57.5	25.625
85085	39.375	59.375	23.125
85121	41.25	58.75	20.625
85157	41.875	59.375	22.5
85193	41.875	58.75	21.875
85229	40.0	57.5	23.75
85265	37.5	54.375	24.375
85301	36.25	51.875	26.25
85337	38.125	50.625	26.875
85373	39.375	47.5	25.625
85409	40.0	46.25	25.0
85445	38.125	45.0	26.875
85481	38.125	44.375	26.25
85517	39.375	46.25	25.625
85553	39.375	46.875	25.625
85589	39.375	45.625	26.25
85625	41.25	47.5	26.875
85661	40.625	47.5	26.875
85697	40.0	45.625	28.125
85733	41.25	48.125	28.125
85769	41.875	49.375	26.25
85805	39.375	48.75	25.625
85841	38.125	47.5	26.875
85877	39.375	46.25	26.875
85913	40.0	45.625	24.375
85949	40.0	43.125	26.25
85985	37.5	41.875	30.0
86021	34.375	37.5	31.25
86057	34.375	38.125	31.875
86093	35.0	36.25	33.125
86129	33.125	35.625	33.75
86165	31.875	36.25	35.625
86201	29.375	33.75	36.25
86237	29.375	31.875	38.125
86273	30.625	30.625	36.875
86309	31.25	31.25	38.75
86345	28.125	31.25	38.125
86381	26.25	31.25	38.125
86417	26.875	30.625	38.75
86453	28.125	32.5	40.0
86489	29.375	32.5	40.625
86525	28.125	33.125	42.5
86561	27.5	32.5	42.5
86597	27.5	33.75	43.125
86633	28.75	33.125	42.5
86669	28.75	32.5	42.5
86705	29.375	31.25	45.625
86741	30.625	33.125	46.25
86777	31.25	31.875	46.25
86813	35.0	32.5	46.875
86849	38.75	31.25	48.75
86885	43.125	31.875	47.5
86921	43.125	32.5	45.0
86957	43.125	33.125	42.5
86993	43.125	35.0	40.0
87029	45.625	33.125	40.0
87065	49.375	32.5	37.5
87101	50.625	30.0	36.875
87137	51.25	31.875	36.25
87173	51.875	30.0	33.125
87209	48.75	30.625	30.625
87245	47.5	30.625	31.25
87281	45.0	31.25	31.875
87317	41.875	31.25	30.0
87353	39.375	30.625	28.75
87389	36.25	30.0	30.625
87425	35.0	30.625	30.625
87461	33.125	28.75	33.125
87497	31.25	30.0	34.375
87533	31.25	28.75	35.625
87569	30.625	29.375	37.5
87605	31.25	28.75	36.875
87641	32.5	31.875	36.25
87677	33.125	32.5	35.625
87713	32.5	33.125	35.0
87749	34.375	33.75	34.375
87785	35.0	33.75	35.0
87821	35.625	35.625	35.0
87857	38.75	35.0	35.625
87893	39.375	34.375	33.125
87929	41.875	35.0	33.125
87965	41.25	33.75	30.625
88001	41.25	35.625	30.625
88037	40.625	35.625	31.875
88073	38.125	35.0	33.75
88109	36.875	35.625	37.5
88145	37.5	35.625	37.5
88181	38.75	36.875	37.5
88217	39.375	36.25	38.125
88253	37.5	36.875	42.5
88289	38.125	37.5	41.875
88325	36.25	37.5	43.125
88361	36.25	38.75	44.375
88397	32.5	38.75	45.625
88433	32.5	38.75	46.25
88469	31.875	40.0	45.625
88505	31.875	40.625	44.375
88541	32.5	42.5	43.75
88577	32.5	42.5	41.25
88613	31.875	40.625	42.5
88649	31.25	36.875	41.875
88685	30.625	35.625	40.625
88721	30.625	33.75	38.125
88757	27.5	35.0	38.125
88793	26.25	35.0	37.5
88829	25.0	35.625	35.0
88865	25.0	35.0	33.125
88901	25.625	35.0	33.125
88937	24.375	34.375	33.125
88973	23.75	32.5	33.75
89009	21.25	31.875	33.75
89045	21.875	30.625	36.875
89081	21.875	31.25	35.625
89117	21.25	31.875	35.625
89153	20.0	31.875	36.25
89189	20.0	33.75	37.5
89225	22.5	34.375	37.5
89261	24.375	33.75	38.125
89297	24.375	33.75	39.375
89333	24.375	31.875	38.75
89369	25.625	29.375	38.75
89405	26.25	27.5	40.625
89441	28.75	29.375	40.0
89477	31.25	28.125	40.0
89513	33.125	26.875	36.25
89549	35.0	26.875	32.5
89585	35.0	26.25	32.5
89621	34.375	26.875	33.125
89657	35.0	28.125	31.875
89693	33.125	29.375	33.125
89729	35.0	28.75	30.0
89765	35.0	27.5	28.75
89801	35.0	30.625	31.875
89837	34.375	33.125	31.875
89873	34.375	35.625	29.375
89909	33.75	36.25	31.25
89945	33.125	36.875	28.125
89981	31.875	37.5	30.625
90017	29.375	38.125	33.75
90053	31.25	38.75	35.0
90089	30.0	40.0	36.875
90125	31.875	39.375	36.25
90161	30.625	35.625	34.375
90197	30.625	33.125	35.0
90233	31.875	34.375	36.25
90269	33.75	33.125	35.625
90305	35.0	33.125	35.0
90341	35.625	31.875	33.75
90377	35.0	31.25	34.375
90413	33.125	33.125	35.625
90449	32.5	32.5	34.375
90485	33.75	35.625	31.875
90521	33.75	33.75	30.0
90557	36.25	33.125	28.125
90593	35.625	31.25	28.125
90629	36.875	34.375	27.5
90665	36.875	34.375	27.5
90701	36.25	35.625	28.125
90737	36.25	35.0	27.5
90773	33.125	34.375	28.75
90809	33.125	35.0	31.875
90845	35.0	35.625	33.75
90881	36.25	35.625	33.75
90917	39.375	33.75	34.375
90953	41.25	33.125	36.875
90989	41.25	35.0	36.875
91025	42.5	34.375	36.875
91061	42.5	35.0	36.875
91097	40.0	34.375	36.25
91133	40.625	35.625	36.875
91169	40.625	40.0	37.5
91205	41.25	38.125	36.25
91241	40.625	38.125	35.0
91277	39.375	37.5	35.0
91313	38.125	36.875	31.875
91349	38.125	35.625	29.375
91385	36.875	37.5	26.25
91421	33.75	39.375	24.375
91457	36.875	35.625	23.75
91493	35.625	35.625	24.375
91529	35.0	36.875	21.875
91565	36.25	36.875	21.875
91601	36.875	34.375	21.875
91637	35.625	30.625	18.75
91673	38.125	28.75	18.125
91709	41.25	31.25	20.0
91745	41.875	31.875	23.125
91781	45.0	31.25	22.5
91817	43.75	31.875	25.0
91853	43.75	31.25	26.25
91889	43.75	29.375	25.625
91925	41.875	28.75	28.75
91961	38.125	29.375	30.0
91997	36.875	28.125	31.25
92033	38.75	26.875	30.625
92069	38.75	29.375	30.625
92105	39.375	30.0	30.0
92141	39.375	31.875	30.625
92177	38.125	31.25	30.625
92213	36.25	31.25	30.0
92249	36.25	30.625	30.625
92285	35.625	30.0	29.375
92321	35.0	28.125	31.25
92357	33.75	30.0	32.5
92393	33.75	31.25	31.875
92429	36.875	31.25	31.25
92465	37.5	33.125	30.0
92501	33.75	33.125	32.5
92537	31.25	33.125	35.0
92573	30.0	31.875	34.375
92609	29.375	30.0	35.0
92645	30.625	28.125	34.375
92681	28.75	29.375	36.875
92717	28.125	30.0	38.75
92753	28.75	31.875	37.5
92789	31.25	32.5	35.625
92825	30.0	31.25	33.75
92861	31.875	31.875	31.25
92897	33.125	31.875	33.75
92933	34.375	33.125	36.25
92969	35.625	32.5	36.25
93005	38.75	33.75	35.0
93041	39.375	35.0	33.125
93077	40.0	36.25	33.75
93113	41.25	38.125	35.0
93149	40.625	38.75	33.125
93185	44.375	37.5	33.125
93221	42.5	38.125	35.0
93257	43.125	39.375	36.875
93293	43.75	40.625	37.5
93329	43.75	40.625	36.875
93365	41.25	42.5	38.125
93401	38.75	41.875	38.75
93437	36.25	41.25	38.75
93473	34.375	40.625	38.75
93509	34.375	40.625	40.0
93545	35.0	41.25	42.5
93581	32.5	45.0	41.25
93617	33.75	42.5	43.75
93653	31.875	42.5	43.75
93689	30.0	41.25	43.75
93725	29.375	42.5	45.625
93761	30.0	42.5	45.0
93797	30.0	41.25	45.625
93833	35.0	41.25	44.375
93869	35.0	40.0	40.625
93905	38.125	40.625	41.25
93941	40.0	41.875	40.625
93977	40.625	41.875	40.625
94013	41.25	43.125	40.0
94049	42.5	41.875	41.875
94085	41.25	41.25	40.0
94121	41.25	41.25	39.375
94157	41.25	41.875	38.125
94193	39.375	39.375	36.25
94229	37.5	38.75	37.5
94265	34.375	40.0	38.125
94301	30.0	40.0	37.5
94337	29.375	38.75	40.0
94373	27.5	36.25	40.625
94409	27.5	33.75	40.0
94445	25.625	33.125	40.625
94481	25.0	33.75	40.0
94517	24.375	33.75	38.125
94553	26.875	32.5	37.5
94589	26.25	34.375	36.875
94625	26.875	35.625	37.5
94661	28.125	34.375	36.25
94697	30.0	36.875	36.875
94733	29.375	40.625	35.625
94769	29.375	41.875	36.25
94805	31.875	41.875	37.5
94841	33.75	44.375	38.75
94877	33.75	48.125	39.375
94913	34.375	49.375	39.375
94949	35.0	47.5	40.0
94985	39.375	45.625	40.625
95021	36.25	45.0	42.5
95057	35.0	45.0	44.375
95093	36.875	43.125	43.75
95129	40.625	42.5	44.375
95165	41.25	41.875	43.75
95201	41.25	40.625	43.75
95237	43.125	36.25	44.375
95273	40.625	35.0	43.125
95309	38.125	36.25	40.0
95345	36.875	33.125	41.25
95381	34.375	32.5	41.875
95417	36.25	30.625	42.5
95453	33.75	33.125	43.125
95489	34.375	31.875	43.125
95525	35.0	28.125	41.25
95561	33.125	25.625	40.625
95597	31.875	26.875	40.0
95633	34.375	26.25	37.5
95669	34.375	23.125	36.25
95705	33.75	25.0	36.25
95741	36.25	26.875	35.625
95777	41.25	25.0	34.375
95813	45.0	23.75	33.75
95849	46.875	25.625	31.875
95885	47.5	28.125	28.75
95921	47.5	26.25	28.125
95957	46.25	28.125	24.375
95993	46.25	30.0	25.0
96029	47.5	30.625	26.875
96065	48.125	33.75	27.5
96101	46.875	34.375	32.5
96137	46.25	34.375	33.125
96173	45.625	35.0	33.125
96209	44.375	35.0	36.25
96245	44.375	35.625	37.5
96281	40.0	36.875	38.125
96317	40.0	33.75	39.375
96353	40.0	31.25	41.875
96389	41.875	31.875	40.625
96425	39.375	30.0	41.875
96461	40.0	28.75	41.875
96497	40.0	30.625	41.25
96533	40.625	26.875	41.875
96569	38.75	26.25	42.5
96605	36.875	25.0	41.875
96641	36.875	25.625	41.875
96677	36.25	25.0	41.25
96713	34.375	25.0	40.625
96749	35.625	22.5	41.875
96785	36.875	26.25	41.25
96821	36.25	28.125	43.125
96857	33.75	30.0	43.75
96893	34.375	31.25	41.25
96929	34.375	31.25	43.75
96965	33.125	30.0	44.375
97001	30.625	30.625	44.375
97037	32.5	30.625	41.25
97073	32.5	33.125	39.375
97109	32.5	34.375	38.75
97145	30.625	35.625	40.625
97181	31.25	36.875	40.0
97217	31.25	36.875	40.0
97253	30.625	35.0	40.0
97289	28.125	37.5	40.0
97325	27.5	33.75	40.0
97361	29.375	31.25	41.25
97397	30.625	31.25	42.5
97433	31.25	33.125	41.25
97469	31.875	31.25	40.625
97505	34.375	32.5	41.25
97541	33.125	33.125	41.875
97577	33.75	34.375	41.25
97613	36.25	34.375	38.75
97649	37.5	33.75	36.875
97685	38.125	33.125	36.25
97721	38.75	32.5	37.5
97757	38.75	34.375	36.25
97793	38.75	40.625	34.375
97829	36.875	42.5	34.375
97865	36.25	43.125	33.125
97901	36.25	43.125	30.625
97937	36.25	45.0	28.75
97973	36.25	46.25	29.375
98009	35.625	45.625	28.125
98045	36.875	43.75	28.125
98081	36.875	43.75	28.125
98117	36.875	42.5	28.75
98153	34.375	45.0	28.125
98189	36.25	43.125	26.25
98225	36.875	41.25	25.625
98261	40.625	37.5	27.5
98297	38.75	35.625	29.375
98333	41.875	33.75	29.375
98369	40.625	35.0	30.625
98405	39.375	35.0	31.25
98441	38.125	34.375	30.0
98477	39.375	32.5	31.25
98513	38.125	31.875	30.625
98549	36.875	30.625	33.125
98585	34.375	33.75	35.0
98621	33.75	35.625	35.625
98657	31.25	36.875	36.25
98693	31.25	40.0	35.625
98729	27.5	41.875	35.0
98765	30.625	43.125	31.875
98801	28.125	46.875	29.375
98837	26.875	50.0	28.125
98873	26.25	48.75	28.75
98909	25.625	50.625	29.375
98945	26.25	50.625	28.75
98981	26.25	51.875	30.625
99017	26.875	51.875	28.125
99053	29.375	50.625	28.125
99089	30.0	46.875	26.875
99125	33.125	45.625	28.125
99161	34.375	44.375	27.5
99197	36.25	43.125	26.875
99233	36.875	40.0	28.75
99269	36.25	38.125	31.25
99305	38.125	35.625	31.25
99341	40.625	33.125	30.625
99377	42.5	32.5	29.375
99413	45.0	32.5	28.75
99449	42.5	30.625	30.0
99485	42.5	29.375	31.875
99521	41.25	28.125	32.5
99557	41.875	28.75	31.875
99593	39.375	29.375	31.875
99629	39.375	26.875	31.875