# BASE VAL1 VAL2
# color 0:255:0 0:0:255 100:100:100
35	44.375	34.375	31.25
107	43.75	33.125	31.875
179	43.75	36.25	33.75
251	40.625	40.0	31.25
323	41.875	38.125	30.625
395	39.375	38.75	31.875
467	41.25	36.875	29.375
539	45.0	36.875	29.375
611	44.375	37.5	28.125
683	44.375	38.125	29.375
755	43.125	35.625	26.875
827	41.25	38.125	28.125
899	44.375	36.25	25.0
971	45.625	38.125	24.375
1043	46.25	38.125	25.625
1115	46.25	37.5	25.0
1187	48.125	34.375	25.0
1259	50.0	36.25	26.875
1331	50.625	37.5	28.75
1403	50.0	36.25	28.75
1475	46.875	35.625	28.75
1547	43.75	37.5	29.375
1619	42.5	36.25	27.5
1691	41.875	33.125	27.5
1763	41.25	31.25	30.0
1835	41.875	30.625	28.75
1907	43.125	31.25	30.0
1979	42.5	31.25	26.25
2051	43.75	28.125	28.75
2123	43.75	28.125	30.625
2195	44.375	31.875	28.125
2267	41.25	34.375	26.875
2339	39.375	36.875	27.5
2411	37.5	38.125	27.5
2483	36.875	40.625	25.625
2555	33.75	42.5	22.5
2627	30.0	48.125	24.375
2699	33.125	44.375	23.75
2771	31.875	45.0	24.375
2843	30.625	46.875	25.0
2915	30.625	47.5	26.875
2987	28.125	48.125	29.375
3059	29.375	46.875	31.25
3131	30.625	48.125	30.0
3203	28.75	46.25	30.625
3275	30.625	45.625	33.125
3347	30.0	42.5	33.125
3419	31.875	41.25	33.75
3491	31.875	42.5	34.375
3563	30.0	42.5	36.25
3635	31.25	40.625	33.75
3707	28.75	45.625	36.875
3779	28.125	46.25	36.875
3851	30.625	45.625	36.875
3923	27.5	48.125	35.625
3995	29.375	45.0	35.0
4067	26.875	45.625	36.875
4139	26.875	51.25	33.75
4211	28.75	50.625	31.25
4283	23.75	54.375	30.625
4355	25.0	55.0	27.5
4427	23.125	48.75	29.375
4499	24.375	51.875	25.625
4571	26.25	51.25	25.0
4643	30.0	46.875	23.75
4715	35.625	47.5	21.875
4787	38.75	43.125	22.5
4859	39.375	40.0	21.875
4931	40.0	47.5	23.125
5003	39.375	45.625	23.75
5075	34.375	43.125	27.5
5147	30.625	45.0	29.375
5219	26.875	43.75	31.875
5291	25.0	48.75	32.5
5363	25.0	47.5	34.375
5435	25.625	44.375	31.875
5507	22.5	45.625	31.25
5579	23.75	43.125	31.25
5651	22.5	40.0	31.25
5723	20.625	39.375	31.875
5795	18.125	38.75	34.375
5867	17.5	37.5	33.125
5939	14.375	36.875	36.875
6011	15.0	40.0	37.5
6083	15.625	43.125	38.75
6155	11.875	43.125	40.625
6227	13.125	43.125	43.75
6299	14.375	41.25	42.5
6371	16.25	43.125	42.5
6443	18.75	39.375	40.625
6515	16.875	38.125	39.375
6587	16.875	39.375	41.25
6659	17.5	37.5	39.375
6731	15.0	37.5	39.375
6803	11.875	41.25	40.625
6875	11.875	38.125	43.125
6947	13.125	37.5	43.125
7019	14.375	36.25	42.5
7091	16.25	33.75	43.125
7163	19.375	32.5	40.625
7235	22.5	33.75	40.0
7307	24.375	34.375	41.875
7379	21.25	37.5	43.125
7451	20.625	36.25	41.875
7523	21.25	36.25	40.625
7595	23.75	34.375	40.625
7667	27.5	39.375	37.5
7739	26.875	36.875	35.0
7811	31.875	36.875	29.375
7883	36.25	36.25	26.25
7955	40.0	39.375	24.375
8027	38.125	37.5	23.75
8099	37.5	37.5	23.75
8171	39.375	35.625	21.875
8243	40.625	35.625	20.0
8315	36.25	35.0	20.0
8387	36.25	34.375	15.625
8459	38.75	32.5	16.25
8531	40.625	34.375	14.375
8603	39.375	33.75	10.625
8675	39.375	34.375	11.25
8747	40.0	34.375	9.375
8819	41.875	37.5	10.0
8891	38.75	36.875	10.625
8963	43.125	38.75	9.375
9035	42.5	40.625	9.375
9107	41.875	42.5	10.0
9179	40.625	43.125	8.125
9251	40.625	41.875	8.125
9323	40.0	39.375	9.375
9395	40.0	41.25	10.625
9467	37.5	39.375	10.0
9539	40.625	40.625	8.75
9611	39.375	37.5	9.375
9683	39.375	36.875	9.375
9755	40.0	37.5	10.0
9827	39.375	41.875	9.375
9899	38.125	41.875	8.75
9971	39.375	40.625	8.125
10043	39.375	43.75	8.125
10115	40.0	45.0	8.125
10187	41.25	43.125	10.0
10259	38.125	38.75	8.125
10331	39.375	41.25	9.375
10403	37.5	38.75	9.375
10475	39.375	38.75	9.375
10547	36.875	38.75	9.375
10619	36.875	40.0	8.125
10691	36.25	41.25	7.5
10763	35.0	43.125	8.125
10835	35.0	40.0	8.125
10907	33.75	40.625	6.875
10979	33.75	40.0	8.125
11051	33.75	40.625	7.5
11123	36.25	40.0	6.875
11195	35.625	39.375	6.875
11267	36.25	38.125	5.625
11339	35.0	39.375	5.0
11411	34.375	40.0	6.875
11483	33.125	39.375	6.875
11555	33.75	40.625	6.875
11627	32.5	41.25	6.875
11699	30.625	38.75	7.5
11771	31.875	40.625	7.5
11843	34.375	38.125	6.25
11915	36.25	36.875	5.0
11987	38.125	40.0	3.125
12059	37.5	38.125	5.0
12131	36.875	40.625	6.875
12203	35.625	36.25	7.5
12275	37.5	45.0	7.5
12347	36.25	49.375	8.125
12419	36.25	50.625	10.625
12491	35.625	48.125	11.875
12563	35.625	45.625	10.625
12635	37.5	46.875	7.5
12707	39.375	50.0	7.5
12779	36.875	44.375	6.25
12851	33.125	40.625	5.625
12923	33.125	40.625	5.0
12995	35.0	43.75	3.125
13067	32.5	44.375	3.75
13139	33.125	43.75	5.625
13211	30.625	43.125	6.875
13283	31.875	46.25	6.875
13355	34.375	49.375	6.875
13427	34.375	47.5	7.5
13499	37.5	48.125	7.5
13571	39.375	48.125	6.875
13643	38.75	48.125	5.0
13715	41.875	48.125	3.75
13787	41.875	49.375	3.75
13859	41.25	48.125	2.5
13931	35.625	48.75	3.75
14003	31.25	45.625	7.5
14075	31.875	41.875	11.25
14147	27.5	40.625	15.625
14219	23.75	41.25	20.0
14291	25.0	38.75	21.25
14363	24.375	39.375	25.625
14435	28.125	41.875	25.625
14507	28.75	44.375	26.25
14579	31.25	44.375	29.375
14651	31.875	45.0	26.875
14723	34.375	41.25	23.75
14795	30.625	41.875	27.5
14867	35.0	37.5	27.5
14939	36.25	34.375	29.375
15011	36.875	32.5	25.625
15083	33.125	34.375	28.125
15155	31.875	39.375	30.0
15227	28.125	38.125	34.375
15299	26.25	40.625	36.875
15371	21.875	45.0	38.75
15443	20.625	42.5	40.0
15515	20.625	41.25	45.0
15587	23.75	40.0	46.25
15659	27.5	35.0	46.875
15731	30.625	34.375	48.75
15803	32.5	33.125	46.875
15875	35.625	28.75	47.5
15947	37.5	31.25	44.375
16019	36.875	29.375	40.0
16091	34.375	28.125	39.375
16163	33.125	33.75	34.375
16235	32.5	39.375	31.875
16307	29.375	44.375	28.75
16379	29.375	45.0	30.0
16451	26.875	50.0	31.25
16523	25.625	55.0	32.5
16595	25.0	57.5	32.5
16667	28.125	51.875	31.875
16739	30.0	52.5	36.25
16811	31.25	50.625	34.375
16883	28.75	52.5	30.625
16955	28.125	48.75	31.25
17027	29.375	46.875	29.375
17099	30.0	45.0	28.75
17171	25.0	46.25	30.625
17243	25.0	48.75	30.0
17315	24.375	43.75	31.875
17387	26.25	43.75	36.25
17459	29.375	43.75	36.25
17531	28.125	41.875	40.625
17603	31.875	35.625	47.5
17675	34.375	32.5	48.75
17747	36.25	30.0	53.75
17819	36.875	25.0	58.125
17891	40.625	22.5	53.125
17963	39.375	22.5	55.625
18035	36.875	25.625	55.0
18107	35.0	28.75	50.625
18179	36.875	28.75	48.75
18251	35.0	31.875	45.625
18323	34.375	35.625	44.375
18395	33.125	31.875	46.25
18467	35.625	30.625	46.875
18539	37.5	30.0	47.5
18611	35.0	32.5	46.875
18683	36.25	30.625	47.5
18755	39.375	31.25	46.875
18827	38.75	31.875	46.875
18899	35.625	36.25	42.5
18971	36.875	38.125	37.5
19043	35.0	40.0	36.25
19115	33.75	41.875	36.875
19187	31.25	43.75	36.875
19259	29.375	45.625	32.5
19331	29.375	46.875	29.375
19403	30.625	45.625	30.625
19475	31.25	46.25	31.25
19547	31.875	46.25	29.375
19619	33.75	45.625	25.625
19691	33.125	45.625	24.375
19763	30.625	48.75	26.875
19835	29.375	50.0	31.875
19907	26.25	45.0	31.875
19979	25.0	44.375	36.25
20051	26.875	38.75	37.5
20123	28.75	33.75	41.875
20195	30.0	29.375	45.625
20267	33.125	25.0	45.0
20339	33.125	22.5	45.625
20411	36.875	20.625	43.75
20483	39.375	18.75	41.875
20555	40.0	22.5	45.0
20627	36.25	23.125	42.5
20699	35.0	26.25	39.375
20771	33.125	26.875	38.75
20843	35.0	29.375	40.625
20915	33.125	33.75	40.0
20987	31.25	38.75	38.75
21059	28.125	41.875	35.625
21131	30.625	42.5	33.75
21203	26.875	45.625	35.625
21275	22.5	47.5	35.625
21347	21.875	43.75	35.0
21419	24.375	41.25	36.25
21491	26.25	37.5	37.5
21563	28.125	35.625	43.75
21635	31.25	32.5	44.375
21707	34.375	30.0	44.375
21779	38.75	29.375	46.875
21851	42.5	28.75	47.5
21923	39.375	27.5	48.125
21995	40.625	27.5	48.75
22067	40.0	30.0	48.125
22139	42.5	28.125	48.75
22211	40.625	28.75	49.375
22283	41.875	28.125	49.375
22355	40.0	29.375	46.875
22427	37.5	27.5	44.375
22499	31.875	30.625	41.25
22571	28.75	29.375	40.0
22643	26.875	27.5	37.5
22715	21.875	31.875	36.875
22787	18.75	31.875	36.875
22859	18.75	34.375	36.875
22931	20.0	35.625	36.875
23003	19.375	35.625	35.625
23075	21.25	37.5	33.75
23147	20.0	35.625	39.375
23219	21.875	33.125	41.875
23291	21.875	30.625	43.75
23363	23.75	29.375	43.75
23435	29.375	26.875	45.0
23507	28.75	26.875	45.0
23579	29.375	25.0	45.0
23651	32.5	25.625	40.625
23723	35.625	26.875	36.875
23795	35.625	26.875	35.0
23867	38.125	25.625	32.5
23939	35.625	28.75	30.625
24011	38.125	31.875	26.875
24083	38.125	33.125	22.5
24155	36.875	28.75	22.5
24227	35.625	30.625	22.5
24299	35.0	33.125	20.625
24371	31.875	34.375	25.0
24443	31.25	35.625	26.25
24515	28.125	32.5	28.75
24587	30.0	36.875	30.625
24659	28.75	41.25	35.0
24731	26.25	45.625	34.375
24803	25.625	46.25	33.75
24875	27.5	46.25	33.75
24947	30.625	45.0	30.0
25019	32.5	42.5	30.0
25091	33.75	41.25	29.375
25163	37.5	36.25	28.75
25235	40.0	29.375	29.375
25307	40.0	26.25	30.625
25379	38.75	25.625	29.375
25451	36.875	26.25	31.875
25523	35.0	27.5	31.875
25595	30.625	29.375	31.875
25667	29.375	33.125	31.875
25739	31.875	35.0	31.25
25811	28.125	35.625	33.125
25883	28.125	36.875	33.125
25955	26.25	40.0	32.5
26027	24.375	41.25	35.625
26099	21.25	38.75	38.125
26171	22.5	35.0	41.25
26243	19.375	33.75	42.5
26315	22.5	33.75	43.75
26387	25.625	32.5	45.625
26459	29.375	28.125	45.0
26531	28.75	28.75	48.125
26603	30.0	28.125	46.875
26675	31.25	26.875	45.0
26747	32.5	28.75	44.375
26819	33.125	26.875	43.75
26891	32.5	27.5	41.25
26963	35.625	30.625	36.25
27035	40.0	28.75	33.75
27107	39.375	30.0	31.25
27179	40.625	30.625	28.125
27251	42.5	28.75	25.625
27323	43.125	31.875	19.375
27395	40.625	30.625	18.125
27467	38.125	33.125	18.75
27539	38.125	36.25	15.0
27611	41.25	37.5	13.125
27683	42.5	40.0	12.5
27755	40.0	40.625	13.125
27827	38.75	39.375	15.0
27899	38.75	36.875	14.375
27971	40.0	35.625	15.0
28043	38.125	33.125	16.875
28115	36.25	32.5	16.25
28187	36.25	33.75	16.25
28259	36.875	36.875	18.125
28331	38.75	40.0	19.375
28403	38.75	43.125	19.375
28475	41.25	42.5	18.75
28547	42.5	41.25	18.75
28619	40.0	43.75	18.125
28691	40.0	43.125	17.5
28763	40.625	40.0	17.5
28835	41.25	42.5	16.875
28907	40.0	40.0	18.75
28979	38.75	44.375	18.75
29051	40.625	43.75	17.5
29123	40.0	41.25	18.125
29195	42.5	38.75	19.375
29267	41.25	38.75	18.75
29339	39.375	35.625	18.125
29411	40.0	38.75	18.125
29483	38.125	35.0	17.5
29555	40.0	37.5	20.0
29627	41.25	38.75	15.625
29699	39.375	36.25	15.0
29771	40.0	36.25	16.875
29843	37.5	35.0	16.875
29915	35.0	34.375	15.625
29987	34.375	33.125	15.625
30059	34.375	34.375	16.25
30131	32.5	35.625	18.75
30203	31.875	36.875	18.75
30275	32.5	38.125	19.375
30347	35.0	35.625	25.0
30419	33.75	35.0	28.125
30491	35.0	35.625	29.375
30563	36.875	34.375	30.0
30635	38.75	31.25	30.625
30707	41.875	32.5	30.0
30779	38.75	33.75	30.625
30851	38.125	37.5	30.0
30923	38.75	36.875	26.875
30995	34.375	35.0	24.375
31067	32.5	35.625	23.125
31139	32.5	32.5	27.5
31211	29.375	31.875	30.0
31283	28.125	26.25	33.125
31355	27.5	22.5	33.75
31427	27.5	21.875	36.875
31499	31.25	19.375	40.625
31571	30.0	19.375	40.0
31643	30.0	18.125	38.125
31715	31.875	22.5	37.5
31787	30.625	28.125	39.375
31859	31.25	35.0	38.75
31931	30.625	36.25	39.375
32003	25.625	43.75	44.375
32075	21.25	53.125	51.875
32147	19.375	53.75	51.875
32219	16.25	52.5	50.625
32291	19.375	51.25	48.75
32363	19.375	48.75	48.75
32435	18.125	50.0	48.125
32507	20.625	46.875	45.625
32579	21.875	46.25	44.375
32651	20.625	46.875	44.375
32723	18.75	50.0	43.125
32795	19.375	50.0	43.75
32867	20.625	48.75	46.25
32939	21.25	48.125	46.875
33011	20.0	50.625	43.125
33083	20.625	52.5	40.0
33155	21.875	50.625	41.25
33227	21.25	49.375	43.75
33299	19.375	52.5	44.375
33371	18.75	58.125	40.0
33443	18.125	57.5	42.5
33515	16.875	51.875	45.0
33587	13.75	53.75	50.625
33659	20.0	50.625	48.75
33731	22.5	51.25	47.5
33803	21.875	50.625	45.625
33875	21.875	45.625	47.5
33947	22.5	46.875	46.875
34019	25.0	46.875	45.0
34091	23.125	46.25	45.625
34163	22.5	43.125	43.75
34235	24.375	38.125	45.625
34307	26.25	37.5	49.375
34379	28.75	35.0	47.5
34451	32.5	31.875	47.5
34523	34.375	26.875	49.375
34595	38.75	23.75	50.0
34667	38.75	22.5	53.125
34739	40.0	25.0	49.375
34811	40.0	21.875	51.875
34883	38.125	25.625	49.375
34955	38.125	25.0	51.875
35027	39.375	25.625	50.0
35099	36.25	27.5	50.625
35171	35.625	25.0	51.875
35243	35.0	23.75	51.875
35315	32.5	25.0	51.25
35387	30.625	24.375	48.75
35459	33.75	22.5	50.0
35531	30.625	23.75	48.75
35603	33.125	24.375	48.125
35675	29.375	26.25	47.5
35747	31.25	25.625	44.375
35819	31.25	25.625	44.375
35891	29.375	25.0	46.875
35963	30.0	25.0	50.625
36035	31.25	25.625	48.75
36107	35.0	26.875	51.875
36179	41.875	25.0	51.875
36251	42.5	24.375	55.625
36323	40.0	29.375	51.875
36395	46.25	28.75	51.875
36467	48.125	26.875	50.0
36539	47.5	25.0	52.5
36611	46.25	26.25	51.875
36683	40.625	25.0	55.0
36755	40.625	24.375	56.25
36827	40.625	22.5	59.375
36899	37.5	24.375	60.625
36971	36.25	25.625	58.75
37043	38.75	21.875	57.5
37115	38.75	21.875	60.0
37187	40.625	20.625	56.25
37259	42.5	20.0	55.625
37331	46.25	20.0	53.75
37403	45.625	20.625	55.0
37475	42.5	18.75	57.5
37547	38.75	21.875	58.125
37619	35.625	26.25	54.375
37691	33.75	22.5	54.375
37763	30.0	22.5	54.375
37835	25.0	24.375	54.375
37907	23.75	26.875	50.625
37979	22.5	26.875	52.5
38051	24.375	25.625	48.75
38123	26.25	24.375	48.75
38195	22.5	27.5	49.375
38267	23.75	26.25	47.5
38339	26.875	25.0	46.875
38411	28.125	21.25	50.0
38483	28.125	21.875	49.375
38555	28.125	21.875	52.5
38627	28.75	20.625	53.125
38699	28.75	22.5	53.125
38771	33.125	23.125	51.25
38843	36.875	19.375	52.5
38915	39.375	18.75	53.125
38987	39.375	20.0	52.5
39059	38.75	23.125	51.25
39131	40.625	21.25	51.25
39203	36.875	22.5	50.625
39275	33.125	20.625	53.125
39347	30.625	23.75	50.0
39419	31.875	22.5	48.125
39491	31.875	23.125	45.625
39563	35.0	21.875	45.0
39635	36.25	23.125	44.375
39707	36.875	23.75	43.75
39779	37.5	23.75	41.875
39851	33.75	25.625	43.75
39923	33.75	26.25	45.0
39995	34.375	21.875	48.75
40067	30.625	24.375	47.5
40139	33.75	23.125	46.875
40211	33.125	25.625	48.125
40283	38.125	23.125	49.375
40355	39.375	24.375	47.5
40427	38.75	29.375	46.25
40499	40.0	29.375	46.25
40571	38.75	26.875	48.75
40643	38.125	26.875	51.25
40715	36.25	27.5	48.75
40787	31.875	30.625	48.125
40859	32.5	28.75	48.75
40931	34.375	23.75	46.875
41003	33.75	28.125	46.25
41075	35.0	26.25	43.75
41147	36.875	26.875	43.125
41219	35.625	28.75	40.625
41291	35.625	30.0	38.125
41363	34.375	28.75	38.125
41435	30.625	30.625	38.125
41507	31.25	28.75	38.125
41579	33.125	28.125	38.75
41651	34.375	28.125	38.125
41723	35.0	25.625	41.875
41795	36.25	21.875	44.375
41867	36.25	23.75	45.0
41939	37.5	23.125	44.375
42011	35.0	21.875	50.0
42083	35.0	18.75	50.625
42155	35.0	19.375	51.875
42227	37.5	19.375	51.25
42299	37.5	16.875	55.625
42371	37.5	18.125	55.0
42443	33.75	20.625	52.5
42515	38.125	23.125	45.625
42587	37.5	26.875	46.25
42659	36.875	28.75	43.75
42731	36.25	31.25	41.25
42803	36.875	32.5	37.5
42875	38.75	31.25	34.375
42947	41.25	26.875	35.625
43019	42.5	27.5	35.625
43091	43.75	23.75	36.25
43163	44.375	23.75	34.375
43235	48.125	24.375	36.25
43307	48.125	24.375	38.75
43379	46.25	25.625	40.0
43451	45.0	27.5	43.125
43523	41.875	28.125	41.875
43595	43.125	28.125	41.875
43667	41.875	28.75	40.0
43739	41.25	29.375	39.375
43811	40.0	30.625	40.0
43883	42.5	30.0	37.5
43955	41.875	30.0	36.25
44027	41.875	31.875	35.625
44099	38.75	32.5	35.625
44171	37.5	34.375	33.75
44243	38.75	35.0	32.5
44315	42.5	31.25	34.375
44387	42.5	30.0	34.375
44459	45.0	30.625	33.125
44531	45.625	31.875	31.875
44603	47.5	32.5	32.5
44675	50.0	29.375	32.5
44747	46.25	30.625	31.875
44819	44.375	31.25	33.75
44891	43.125	35.0	31.875
44963	42.5	33.75	33.75
45035	44.375	33.125	31.875
45107	45.0	35.0	31.25
45179	45.0	35.625	31.25
45251	46.25	35.625	29.375
45323	46.25	34.375	29.375
45395	49.375	32.5	31.25
45467	46.875	35.625	31.875
45539	47.5	33.75	31.875
45611	48.125	32.5	31.875
45683	44.375	35.625	30.0
45755	43.75	33.75	33.75
45827	44.375	36.25	34.375
45899	44.375	33.75	33.75
45971	43.75	30.625	33.75
46043	43.75	30.625	35.0
46115	44.375	30.0	34.375
46187	48.125	25.625	36.875
46259	50.625	24.375	38.75
46331	48.125	23.125	38.125
46403	48.125	23.75	38.125
46475	47.5	25.625	35.625
46547	46.875	26.875	35.625
46619	44.375	28.125	33.75
46691	41.875	31.25	31.875
46763	39.375	33.75	30.625
46835	39.375	35.0	31.25
46907	37.5	34.375	32.5
46979	34.375	35.0	37.5
47051	31.875	34.375	41.25
47123	31.25	33.75	43.125
47195	32.5	32.5	44.375
47267	27.5	30.625	46.25
47339	28.75	32.5	45.625
47411	29.375	32.5	46.875
47483	31.25	31.25	43.75
47555	31.25	31.875	43.75
47627	29.375	36.25	43.75
47699	28.125	38.125	42.5
47771	28.75	37.5	44.375
47843	26.25	36.25	45.0
47915	28.75	35.0	43.125
47987	29.375	37.5	40.0
48059	30.625	36.875	38.125
48131	33.125	35.625	40.0
48203	35.0	32.5	38.75
48275	35.0	33.75	38.75
48347	36.25	36.25	41.875
48419	34.375	36.875	41.25
48491	35.625	38.125	45.625
48563	36.25	33.125	45.625
48635	38.125	32.5	46.25
48707	35.625	33.125	46.25
48779	36.25	35.0	43.75
48851	37.5	32.5	42.5
48923	38.125	31.25	43.125
48995	34.375	31.875	43.75
49067	33.75	33.125	46.25
49139	33.125	31.875	46.875
49211	35.0	33.125	46.875
49283	36.25	33.125	47.5
49355	35.625	31.875	46.875
49427	38.125	30.625	43.75
49499	37.5	31.25	43.75
49571	33.75	33.125	43.125
49643	35.0	33.75	42.5
49715	33.125	33.75	44.375
49787	33.125	33.125	43.125
49859	31.875	33.75	44.375
49931	31.25	31.875	46.25
50003	32.5	31.25	43.75
50075	31.25	31.875	44.375
50147	30.0	31.875	45.625
50219	31.875	28.75	44.375
50291	30.625	29.375	45.625
50363	28.125	31.25	48.75
50435	30.0	30.625	46.875
50507	29.375	29.375	50.0
50579	30.0	28.125	51.875
50651	28.75	29.375	53.125
50723	28.75	31.25	53.75
50795	32.5	29.375	52.5
50867	35.0	32.5	50.0
50939	36.875	32.5	46.25
51011	36.25	32.5	47.5
51083	38.125	33.125	46.25
51155	36.875	33.125	43.75
51227	36.25	33.75	41.25
51299	35.0	32.5	41.25
51371	33.75	31.875	40.625
51443	33.75	35.0	38.75
51515	31.875	35.0	41.25
51587	30.0	36.25	41.25
51659	30.625	35.625	44.375
51731	29.375	36.875	45.625
51803	26.875	35.0	47.5
51875	25.625	32.5	49.375
51947	27.5	30.625	50.0
52019	26.25	30.625	50.0
52091	28.125	28.125	48.75
52163	28.125	30.0	48.125
52235	30.0	26.875	47.5
52307	32.5	26.875	44.375
52379	31.25	30.625	44.375
52451	31.25	31.25	45.625
52523	31.25	31.875	46.25
52595	28.75	30.625	46.25
52667	28.125	30.0	45.625
52739	30.0	31.875	46.875
52811	29.375	28.75	48.75
52883	31.875	27.5	48.75
52955	35.0	26.25	48.75
53027	37.5	26.25	47.5
53099	36.25	26.875	50.0
53171	36.25	25.625	50.625
53243	37.5	28.125	48.125
53315	36.875	30.625	51.25
53387	33.75	32.5	52.5
53459	31.875	31.875	51.25
53531	30.625	32.5	50.0
53603	32.5	33.125	46.25
53675	31.25	32.5	47.5
53747	28.125	31.875	46.875
53819	28.125	32.5	47.5
53891	27.5	33.75	46.875
53963	28.125	34.375	46.875
54035	26.875	35.625	51.875
54107	26.25	35.0	46.875
54179	26.875	35.0	41.875
54251	26.25	34.375	41.875
54323	25.625	31.25	39.375
54395	26.25	30.625	38.125
54467	26.875	30.0	38.125
54539	29.375	28.125	40.625
54611	32.5	29.375	45.625
54683	33.125	28.125	47.5
54755	32.5	29.375	47.5
54827	33.125	28.125	50.625
54899	30.625	30.625	43.75
54971	31.875	32.5	39.375
55043	33.125	35.625	33.125
55115	31.875	35.0	31.25
55187	33.75	38.75	29.375
55259	38.75	41.875	26.875
55331	38.75	45.0	26.875
55403	39.375	43.75	29.375
55475	36.25	44.375	30.625
55547	35.625	44.375	31.875
55619	35.625	45.625	30.0
55691	35.625	43.75	27.5
55763	38.125	43.125	24.375
55835	40.625	40.0	25.0
55907	42.5	33.75	26.25
55979	45.625	31.25	26.25
56051	45.625	31.25	27.5
56123	47.5	28.125	32.5
56195	45.625	26.875	35.625
56267	43.125	26.875	36.25
56339	41.875	26.875	35.0
56411	45.0	28.75	36.25
56483	39.375	31.875	34.375
56555	38.75	32.5	32.5
56627	36.25	33.125	28.125
56699	35.625	34.375	30.625
56771	35.0	34.375	33.125
56843	36.25	34.375	31.875
56915	36.875	28.75	31.25
56987	37.5	26.25	33.125
57059	39.375	24.375	36.25
57131	39.375	22.5	37.5
57203	43.75	21.25	35.0
57275	40.625	23.75	30.625
57347	38.75	25.0	32.5
57419	33.75	31.875	30.0
57491	35.625	33.75	26.875
57563	33.125	31.25	28.125
57635	30.0	31.875	31.875
57707	26.25	34.375	35.625
57779	27.5	32.5	38.75
57851	26.25	33.125	40.625
57923	26.25	29.375	45.625
57995	27.5	30.0	48.75
58067	27.5	35.625	49.375
58139	28.125	37.5	43.75
58211	28.125	38.125	39.375
58283	30.625	41.25	40.625
58355	31.875	43.125	35.625
58427	33.75	43.75	32.5
58499	33.125	40.0	30.625
58571	40.0	34.375	29.375
58643	41.875	33.125	28.125
58715	43.125	30.0	31.25
58787	46.25	27.5	35.0
58859	48.125	26.25	35.625
58931	43.125	30.0	36.875
59003	39.375	33.125	38.125
59075	38.75	36.25	36.25
59147	37.5	36.25	35.0
59219	36.25	36.875	30.625
59291	31.25	38.75	30.625
59363	32.5	37.5	29.375
59435	36.25	38.125	27.5
59507	36.25	39.375	30.625
59579	35.625	39.375	30.625
59651	37.5	36.875	32.5
59723	37.5	35.0	35.0
59795	41.25	33.75	35.625
59867	42.5	32.5	36.875
59939	46.875	30.0	36.25
60011	50.0	25.625	35.0
60083	48.125	28.125	36.25
60155	45.0	25.625	39.375
60227	40.625	26.25	40.0
60299	38.125	23.125	38.125
60371	38.125	22.5	41.25
60443	30.625	26.25	43.125
60515	30.625	27.5	42.5
60587	33.125	28.125	40.0
60659	35.625	34.375	36.875
60731	37.5	38.75	35.0
60803	40.625	37.5	32.5
60875	37.5	37.5	29.375
60947	41.25	31.25	29.375
61019	40.625	30.0	30.0
61091	39.375	30.0	31.25
61163	37.5	25.625	34.375
61235	39.375	25.0	36.25
61307	38.125	27.5	37.5
61379	40.625	27.5	36.25
61451	44.375	28.75	37.5
61523	46.25	27.5	36.875
61595	48.125	28.125	36.25
61667	51.875	28.125	31.875
61739	48.75	33.125	30.625
61811	47.5	31.25	29.375
61883	42.5	32.5	31.25
61955	41.25	34.375	30.0
62027	41.875	33.125	30.0
62099	41.25	33.75	28.75
62171	41.25	35.0	32.5
62243	42.5	31.875	33.75
62315	43.125	31.875	36.875
62387	46.25	31.25	38.125
62459	48.125	29.375	37.5
62531	48.125	30.0	36.25
62603	45.0	30.625	36.875
62675	46.25	31.25	35.0
62747	47.5	31.25	36.25
62819	50.625	31.25	36.875
62891	50.0	32.5	34.375
62963	46.875	32.5	33.75
63035	48.125	34.375	33.125
63107	52.5	31.25	33.125
63179	51.875	31.875	32.5
63251	50.0	33.75	28.75
63323	46.25	35.0	27.5
63395	49.375	34.375	28.125
63467	50.0	34.375	30.0
63539	48.125	33.125	30.0
63611	42.5	33.125	33.125
63683	38.75	31.875	37.5
63755	38.75	32.5	38.125
63827	36.875	33.75	41.25
63899	33.75	32.5	41.25
63971	29.375	35.625	41.875
64043	28.125	39.375	40.0
64115	32.5	44.375	35.625
64187	33.75	43.75	33.125
64259	33.125	42.5	36.25
64331	32.5	46.875	34.375
64403	33.125	42.5	36.875
64475	38.125	38.125	38.75
64547	40.0	33.125	39.375
64619	39.375	28.125	41.25
64691	41.25	25.625	44.375
64763	43.75	25.0	43.125
64835	45.0	21.25	43.75
64907	45.625	24.375	38.75
64979	44.375	28.75	37.5
65051	41.25	31.875	35.625
65123	38.125	35.0	30.0
65195	37.5	36.25	27.5
65267	35.0	35.625	28.75
65339	35.625	43.75	26.875
65411	34.375	42.5	26.875
65483	33.125	45.0	27.5
65555	33.75	47.5	28.75
65627	38.125	46.875	30.625
65699	36.875	45.625	31.875
65771	38.125	46.875	30.625
65843	38.75	43.125	33.125
65915	40.625	40.0	33.75
65987	40.0	40.0	36.25
66059	40.0	39.375	35.625
66131	38.75	41.875	33.125
66203	41.875	43.75	31.25
66275	39.375	45.0	30.625
66347	33.75	46.25	33.125
66419	33.75	47.5	30.0
66491	32.5	48.75	29.375
66563	37.5	48.75	29.375
66635	33.125	48.125	26.25
66707	31.875	50.625	23.75
66779	32.5	48.75	22.5
66851	33.125	48.75	20.625
66923	33.125	48.125	20.625
66995	36.875	47.5	18.75
67067	36.875	47.5	18.75
67139	40.0	45.625	20.0
67211	40.0	45.625	23.125
67283	41.875	43.125	24.375
67355	45.625	46.875	22.5
67427	44.375	44.375	24.375
67499	40.625	40.0	25.625
67571	40.0	38.75	25.625
67643	36.25	36.25	28.125
67715	39.375	36.25	27.5
67787	40.0	36.875	28.75
67859	38.125	33.125	27.5
67931	40.0	36.875	26.875
68003	40.0	36.25	27.5
68075	40.625	35.625	28.75
68147	43.125	33.75	30.0
68219	41.875	33.75	30.625
68291	44.375	31.875	33.75
68363	45.0	29.375	36.25
68435	45.625	27.5	38.125
68507	39.375	33.125	38.75
68579	38.125	35.625	38.75
68651	33.125	37.5	40.0
68723	34.375	36.875	41.875
68795	28.125	36.25	41.25
68867	27.5	34.375	38.75
68939	27.5	32.5	39.375
69011	28.125	28.125	39.375
69083	30.625	27.5	39.375
69155	32.5	26.25	38.125
69227	36.25	26.25	36.25
69299	36.25	32.5	34.375
69371	38.125	36.875	31.25
69443	38.75	38.75	31.25
69515	45.0	35.0	30.625
69587	46.25	36.25	26.875
69659	48.125	36.875	28.125
69731	44.375	36.875	26.25
69803	44.375	33.75	30.0
69875	41.25	31.875	33.125
69947	40.625	31.875	34.375
70019	34.375	33.125	35.625
70091	32.5	35.0	35.625
70163	30.0	35.0	39.375
70235	33.125	33.75	43.125
70307	31.25	33.125	41.875
70379	31.875	32.5	42.5
70451	28.125	34.375	42.5
70523	28.75	36.25	39.375
70595	31.25	36.875	36.25
70667	28.75	38.75	35.0
70739	29.375	41.875	34.375
70811	28.75	46.25	31.25
70883	30.625	43.125	31.25
70955	32.5	43.125	30.0
71027	31.875	41.875	33.125
71099	29.375	41.25	32.5
71171	30.0	41.875	29.375
71243	32.5	38.125	27.5
71315	33.75	37.5	28.75
71387	31.875	38.125	30.625
71459	35.625	34.375	30.0
71531	38.75	33.125	31.25
71603	41.25	29.375	33.75
71675	44.375	29.375	35.625
71747	45.625	28.125	36.25
71819	50.0	23.75	38.75
71891	49.375	24.375	40.625
71963	52.5	22.5	40.625
72035	55.0	19.375	40.625
72107	57.5	19.375	41.875
72179	56.25	18.75	41.25
72251	55.625	18.75	43.75
72323	58.125	18.125	40.625
72395	53.125	18.125	38.75
72467	45.0	21.875	42.5
72539	40.0	22.5	41.875
72611	35.0	25.0	40.625
72683	30.0	26.875	43.75
72755	26.25	27.5	47.5
72827	26.25	31.875	51.25
72899	26.875	33.125	49.375
72971	30.625	32.5	48.125
73043	30.625	29.375	51.875
73115	31.875	31.25	51.25
73187	31.25	33.125	47.5
73259	31.875	33.75	44.375
73331	29.375	33.125	45.625
73403	29.375	34.375	46.875
73475	30.0	35.0	45.0
73547	33.125	32.5	45.625
73619	33.75	28.75	43.75
73691	36.875	27.5	43.75
73763	36.875	28.125	42.5
73835	37.5	26.25	41.25
73907	37.5	24.375	38.125
73979	35.0	28.75	37.5
74051	35.0	33.125	35.625
74123	40.625	32.5	35.625
74195	42.5	31.25	33.75
74267	41.875	30.0	36.875
74339	41.875	31.875	37.5
74411	44.375	33.125	36.875
74483	43.75	29.375	36.875
74555	41.875	28.125	33.75
74627	40.0	29.375	33.75
74699	38.75	31.875	33.75
74771	41.875	33.75	28.75
74843	43.125	31.875	26.25
74915	42.5	30.625	31.25
74987	45.0	33.125	33.125
75059	43.75	32.5	37.5
75131	42.5	33.75	43.75
75203	42.5	31.25	48.125
75275	41.25	31.875	49.375
75347	41.25	33.75	51.875
75419	39.375	33.75	53.75
75491	38.125	33.75	53.75
75563	36.875	35.0	49.375
75635	34.375	34.375	43.75
75707	35.0	33.75	40.0
75779	35.625	31.25	38.75
75851	36.875	30.0	36.875
75923	37.5	28.125	37.5
75995	40.0	26.25	35.625
76067	41.25	26.875	35.0
76139	43.125	26.875	36.25
76211	40.625	31.25	36.25
76283	38.75	31.875	39.375
76355	36.25	36.25	36.875
76427	36.875	35.625	36.25
76499	38.125	32.5	38.75
76571	36.875	33.125	36.875
76643	35.625	33.125	39.375
76715	32.5	35.0	43.125
76787	33.125	38.125	45.625
76859	30.625	38.75	46.875
76931	25.625	40.625	49.375
77003	25.0	41.25	53.125
77075	26.25	42.5	53.125
77147	27.5	43.125	53.125
77219	28.75	41.25	50.625
77291	31.25	36.875	48.125
77363	31.25	36.25	50.625
77435	32.5	36.875	50.0
77507	30.625	36.875	49.375
77579	30.625	33.125	45.0
77651	29.375	33.75	50.625
77723	26.875	35.0	56.875
77795	25.625	36.25	58.75
77867	28.125	36.25	56.875
77939	30.625	34.375	52.5
78011	28.75	35.0	51.25
78083	27.5	37.5	50.0
78155	28.125	35.625	40.625
78227	32.5	35.625	36.25
78299	30.625	35.0	38.75
78371	26.25	35.0	38.125
78443	25.625	36.875	41.25
78515	28.75	33.75	43.125
78587	30.625	34.375	45.625
78659	32.5	30.625	45.0
78731	31.25	31.875	43.125
78803	31.25	33.125	41.25
78875	32.5	33.75	41.25
78947	31.25	35.0	41.25
79019	28.125	40.0	39.375
79091	26.875	40.0	38.125
79163	30.625	38.125	40.0
79235	33.75	38.125	35.0
79307	35.625	35.625	35.625
79379	40.625	34.375	34.375
79451	43.125	35.625	35.0
79523	45.0	35.0	31.25
79595	46.875	36.25	28.125
79667	41.25	39.375	28.125
79739	40.625	40.625	28.125
79811	40.0	40.0	27.5
79883	38.75	38.75	27.5
79955	41.875	37.5	26.25
80027	40.625	36.875	30.0
80099	38.125	35.0	34.375
80171	41.25	36.25	33.125
80243	42.5	35.625	34.375
80315	42.5	37.5	30.0
80387	43.125	35.625	31.875
80459	38.75	37.5	32.5
80531	41.25	35.625	31.25
80603	42.5	31.875	30.0
80675	43.75	31.25	29.375
80747	41.875	31.875	28.75
80819	39.375	36.25	30.625
80891	38.75	36.875	32.5
80963	40.0	40.625	31.25
81035	40.0	42.5	31.25
81107	37.5	48.75	30.625
81179	35.0	47.5	31.875
81251	36.875	48.125	28.75
81323	38.125	43.75	28.125
81395	38.75	42.5	29.375
81467	36.875	41.875	28.75
81539	36.25	40.625	31.25
81611	40.0	38.75	26.875
81683	38.125	43.125	29.375
81755	36.875	40.0	30.0
81827	37.5	36.25	29.375
81899	41.25	35.625	28.75
81971	42.5	35.625	30.625
82043	41.875	33.125	31.25
82115	44.375	31.25	29.375
82187	44.375	31.25	29.375
82259	45.625	31.25	30.0
82331	42.5	33.125	31.875
82403	38.75	33.125	33.125
82475	38.75	35.625	30.625
82547	36.875	38.75	29.375
82619	35.0	40.0	28.75
82691	31.875	40.0	26.25
82763	32.5	41.875	22.5
82835	33.75	41.25	22.5
82907	30.0	38.125	21.875
82979	28.125	35.0	23.75
83051	29.375	31.875	27.5
83123	31.875	30.625	28.75
83195	32.5	26.25	34.375
83267	34.375	23.125	40.625
83339	31.875	20.625	44.375
83411	35.625	26.25	42.5
83483	32.5	30.625	38.125
83555	31.875	31.25	38.125
83627	35.625	31.875	33.75
83699	36.875	32.5	30.0
83771	36.25	38.125	24.375
83843	37.5	36.875	25.625
83915	36.875	32.5	27.5
83987	42.5	29.375	30.0
84059	41.25	29.375	33.125
84131	38.75	31.875	36.25
84203	38.75	26.875	36.875
84275	41.25	25.625	36.875
84347	40.625	27.5	36.25
84419	38.75	26.25	40.0
84491	33.75	27.5	42.5
84563	36.875	25.625	38.125
84635	35.0	23.75	40.625
84707	35.0	30.625	38.75
84779	36.25	36.25	37.5
84851	39.375	40.625	33.125
84923	38.75	48.75	30.0
84995	39.375	53.125	27.5
85067	38.75	57.5	25.625
85139	41.25	58.75	20.625
85211	41.875	58.75	21.875
85283	37.5	54.375	24.375
85355	38.125	50.625	26.875
85427	40.0	46.25	25.0
85499	38.125	44.375	26.25
85571	39.375	46.875	25.625
85643	41.25	47.5	26.875
85715	40.0	45.625	28.125
85787	41.875	49.375	26.25
85859	38.125	47.5	26.875
85931	40.0	45.625	24.375
86003	37.5	41.875	30.0
86075	34.375	38.125	31.875
86147	33.125	35.625	33.75
86219	29.375	33.75	36.25
86291	30.625	30.625	36.875
86363	28.125	31.25	38.125
86435	26.875	30.625	38.75
86507	29.375	32.5	40.625
86579	27.5	32.5	42.5
86651	28.75	33.125	42.5
86723	29.375	31.25	45.625
86795	31.25	31.875	46.25
86867	38.75	31.25	48.75
86939	43.125	32.5	45.0
87011	43.125	35.0	40.0
87083	49.375	32.5	37.5
87155	51.25	31.875	36.25
87227	48.75	30.625	30.625
87299	45.0	31.25	31.875
87371	39.375	30.625	28.75
87443	35.0	30.625	30.625
87515	31.25	30.0	34.375
87587	30.625	29.375	37.5
87659	32.5	31.875	36.25
87731	32.5	33.125	35.0
87803	35.0	33.75	35.0
87875	38.75	35.0	35.625
87947	41.875	35.0	33.125
88019	41.25	35.625	30.625
88091	38.125	35.0	33.75
88163	37.5	35.625	37.5
88235	39.375	36.25	38.125
88307	38.125	37.5	41.875
88379	36.25	38.75	44.375
88451	32.5	38.75	46.25
88523	31.875	40.625	44.375
88595	32.5	42.5	41.25
88667	31.25	36.875	41.875
88739	30.625	33.75	38.125
88811	26.25	35.0	37.5
88883	25.0	35.0	33.125
88955	24.375	34.375	33.125
89027	21.25	31.875	33.75
89099	21.875	31.25	35.625
89171	20.0	31.875	36.25
89243	22.5	34.375	37.5
89315	24.375	33.75	39.375
89387	25.625	29.375	38.75
89459	28.75	29.375	40.0
89531	33.125	26.875	36.25
89603	35.0	26.25	32.5
89675	35.0	28.125	31.875
89747	35.0	28.75	30.0
89819	35.0	30.625	31.875
89891	34.375	35.625	29.375
89963	33.125	36.875	28.125
90035	29.375	38.125	33.75
90107	30.0	40.0	36.875
90179	30.625	35.625	34.375
90251	31.875	34.375	36.25
90323	35.0	33.125	35.0
90395	35.0	31.25	34.375
90467	32.5	32.5	34.375
90539	33.75	33.75	30.0
90611	35.625	31.25	28.125
90683	36.875	34.375	27.5
90755	36.25	35.0	27.5
90827	33.125	35.0	31.875
90899	36.25	35.625	33.75
90971	41.25	33.125	36.875
91043	42.5	34.375	36.875
91115	40.0	34.375	36.25
91187	40.625	40.0	37.5
91259	40.625	38.125	35.0
91331	38.125	36.875	31.875
91403	36.875	37.5	26.25
91475	36.875	35.625	23.75
91547	35.0	36.875	21.875
91619	36.875	34.375	21.875
91691	38.125	28.75	18.125
91763	41.875	31.875	23.125
91835	43.75	31.875	25.0
91907	43.75	29.375	25.625
91979	38.125	29.375	30.0
92051	38.75	26.875	30.625
92123	39.375	30.0	30.0
92195	38.125	31.25	30.625
92267	36.25	30.625	30.625
92339	35.0	28.125	31.25
92411	33.75	31.25	31.875
92483	37.5	33.125	30.0
92555	31.25	33.125	35.0
92627	29.375	30.0	35.0
92699	28.75	29.375	36.875
92771	28.75	31.875	37.5
92843	30.0	31.25	33.75
92915	33.125	31.875	33.75
92987	35.625	32.5	36.25
93059	39.375	35.0	33.125
93131	41.25	38.125	35.0
93203	44.375	37.5	33.125
93275	43.125	39.375	36.875
93347	43.75	40.625	36.875
93419	38.75	41.875	38.75
93491	34.375	40.625	38.75
93563	35.0	41.25	42.5
93635	33.75	42.5	43.75
93707	30.0	41.25	43.75
93779	30.0	42.5	45.0
93851	35.0	41.25	44.375
93923	38.125	40.625	41.25
93995	40.625	41.875	40.625
94067	42.5	41.875	41.875
94139	41.25	41.25	39.375
94211	39.375	39.375	36.25
94283	34.375	40.0	38.125
94355	29.375	38.75	40.0
94427	27.5	33.75	40.0
94499	25.0	33.75	40.0
94571	26.875	32.5	37.5
94643	26.875	35.625	37.5
94715	30.0	36.875	36.875
94787	29.375	41.875	36.25
94859	33.75	44.375	38.75
94931	34.375	49.375	39.375
95003	39.375	45.625	40.625
95075	35.0	45.0	44.375
95147	40.625	42.5	44.375
95219	41.25	40.625	43.75
95291	40.625	35.0	43.125
95363	36.875	33.125	41.25
95435	36.25	30.625	42.5
95507	34.375	31.875	43.125
95579	33.125	25.625	40.625
95651	34.375	26.25	37.5
95723	33.75	25.0	36.25
95795	41.25	25.0	34.375
95867	46.875	25.625	31.875
95939	47.5	26.25	28.125
96011	46.25	30.0	25.0
96083	48.125	33.75	27.5
96155	46.25	34.375	33.125
96227	44.375	35.0	36.25
96299	40.0	36.875	38.125
96371	40.0	31.25	41.875
96443	39.375	30.0	41.875
96515	40.0	30.625	41.25
96587	38.75	26.25	42.5
96659	36.875	25.625	41.875
96731	34.375	25.0	40.625
96803	36.875	26.25	41.25
96875	33.75	30.0	43.75
96947	34.375	31.25	43.75
97019	30.625	30.625	44.375
97091	32.5	33.125	39.375
97163	30.625	35.625	40.625
97235	31.25	36.875	40.0
97307	28.125	37.5	40.0
97379	29.375	31.25	41.25
97451	31.25	33.125	41.25
97523	34.375	32.5	41.25
97595	33.75	34.375	41.25
97667	37.5	33.75	36.875
97739	38.75	32.5	37.5
97811	38.75	40.625	34.375
97883	36.25	43.125	33.125
97955	36.25	45.0	28.75
98027	35.625	45.625	28.125
98099	36.875	43.75	28.125
98171	34.375	45.0	28.125
98243	36.875	41.25	25.625
98315	38.75	35.625	29.375
98387	40.625	35.0	30.625
98459	38.125	34.375	30.0
98531	38.125	31.875	30.625
98603	34.375	33.75	35.0
98675	31.25	36.875	36.25
98747	27.5	41.875	35.0
98819	28.125	46.875	29.375
98891	26.25	48.75	28.75
98963	26.25	50.625	28.75
99035	26.875	51.875	28.125
99107	30.0	46.875	26.875
99179	34.375	44.375	27.5
99251	36.875	40.0	28.75
99323	38.125	35.625	31.25
99395	42.5	32.5	29.375
99467	42.5	30.625	30.0
99539	41.25	28.125	32.5
99611	39.375	29.375	31.875