# BASE VAL1 VAL2
# color 0:255:0 0:0:255 100:100:100
35	25.0	10.0	45.0
107	30.0	20.0	30.0
179	60.0	5.0	20.0
251	40.0	45.0	20.0
323	50.0	20.0	25.0
395	25.0	40.0	25.0
467	40.0	55.0	20.0
539	50.0	35.0	20.0
611	45.0	50.0	35.0
683	45.0	60.0	5.0
755	35.0	20.0	30.0
827	40.0	35.0	25.0
899	30.0	40.0	55.0
971	45.0	45.0	15.0
1043	40.0	50.0	10.0
1115	55.0	50.0	15.0
1187	35.0	25.0	35.0
1259	35.0	30.0	30.0
1331	50.0	25.0	0.0
1403	45.0	45.0	20.0
1475	35.0	45.0	35.0
1547	40.0	35.0	20.0
1619	55.0	30.0	15.0
1691	35.0	50.0	25.0
1763	40.0	35.0	25.0
1835	55.0	35.0	20.0
1907	30.0	30.0	30.0
1979	50.0	30.0	30.0
2051	35.0	40.0	20.0
2123	60.0	30.0	25.0
2195	45.0	40.0	25.0
2267	40.0	20.0	45.0
2339	25.0	20.0	30.0
2411	30.0	35.0	25.0
2483	25.0	30.0	30.0
2555	30.0	40.0	55.0
2627	30.0	20.0	35.0
2699	50.0	15.0	40.0
2771	50.0	30.0	20.0
2843	50.0	25.0	20.0
2915	55.0	25.0	20.0
2987	50.0	25.0	30.0
3059	45.0	20.0	30.0
3131	60.0	30.0	10.0
3203	50.0	25.0	30.0
3275	45.0	20.0	25.0
3347	50.0	30.0	25.0
3419	50.0	40.0	20.0
3491	50.0	35.0	10.0
3563	50.0	25.0	25.0
3635	40.0	45.0	35.0
3707	30.0	40.0	15.0
3779	30.0	30.0	25.0
3851	40.0	35.0	20.0
3923	50.0	30.0	35.0
3995	60.0	50.0	15.0
4067	50.0	25.0	25.0
4139	50.0	40.0	15.0
4211	50.0	40.0	10.0
4283	45.0	40.0	15.0
4355	45.0	40.0	15.0
4427	50.0	30.0	15.0
4499	20.0	55.0	35.0
4571	70.0	15.0	30.0
4643	55.0	20.0	35.0
4715	50.0	35.0	20.0
4787	55.0	25.0	25.0
4859	30.0	20.0	20.0
4931	25.0	35.0	40.0
5003	25.0	50.0	50.0
5075	25.0	45.0	50.0
5147	20.0	55.0	50.0
5219	25.0	55.0	25.0
5291	25.0	40.0	25.0
5363	10.0	60.0	45.0
5435	25.0	40.0	35.0
5507	10.0	35.0	45.0
5579	35.0	60.0	20.0
5651	25.0	30.0	35.0
5723	30.0	45.0	30.0
5795	30.0	40.0	35.0
5867	30.0	35.0	30.0
5939	10.0	50.0	25.0
6011	25.0	20.0	40.0
6083	20.0	25.0	35.0
6155	10.0	40.0	35.0
6227	10.0	55.0	50.0
6299	10.0	35.0	15.0
6371	5.0	45.0	30.0
6443	10.0	60.0	50.0
6515	15.0	40.0	35.0
6587	5.0	40.0	45.0
6659	25.0	40.0	45.0
6731	30.0	30.0	50.0
6803	15.0	50.0	30.0
6875	15.0	40.0	35.0
6947	15.0	50.0	35.0
7019	10.0	45.0	50.0
7091	10.0	25.0	40.0
7163	5.0	35.0	40.0
7235	15.0	40.0	50.0
7307	15.0	35.0	55.0
7379	20.0	35.0	50.0
7451	10.0	35.0	40.0
7523	25.0	25.0	35.0
7595	25.0	20.0	30.0
7667	25.0	50.0	35.0
7739	20.0	50.0	60.0
7811	10.0	45.0	45.0
7883	5.0	30.0	35.0
7955	25.0	35.0	30.0
8027	45.0	20.0	20.0
8099	40.0	55.0	30.0
8171	40.0	20.0	25.0
8243	45.0	50.0	15.0
8315	45.0	30.0	20.0
8387	40.0	55.0	15.0
8459	15.0	20.0	35.0
8531	35.0	35.0	30.0
8603	45.0	40.0	10.0
8675	45.0	30.0	25.0
8747	25.0	40.0	5.0
8819	40.0	40.0	0.0
8891	35.0	30.0	10.0
8963	40.0	35.0	10.0
9035	45.0	40.0	20.0
9107	50.0	35.0	10.0
9179	50.0	40.0	0.0
9251	50.0	45.0	5.0
9323	30.0	45.0	10.0
9395	50.0	45.0	10.0
9467	20.0	30.0	20.0
9539	45.0	30.0	10.0
9611	35.0	45.0	5.0
9683	30.0	40.0	20.0
9755	50.0	30.0	10.0
9827	40.0	45.0	15.0
9899	30.0	35.0	10.0
9971	40.0	55.0	0.0
10043	25.0	30.0	5.0
10115	35.0	50.0	0.0
10187	40.0	55.0	0.0
10259	35.0	40.0	10.0
10331	45.0	30.0	15.0
10403	45.0	45.0	5.0
10475	45.0	50.0	15.0
10547	35.0	40.0	5.0
10619	40.0	40.0	15.0
10691	25.0	20.0	5.0
10763	40.0	55.0	5.0
10835	25.0	50.0	5.0
10907	30.0	40.0	10.0
10979	45.0	35.0	5.0
11051	30.0	45.0	10.0
11123	45.0	40.0	0.0
11195	50.0	60.0	5.0
11267	25.0	45.0	20.0
11339	50.0	40.0	5.0
11411	25.0	25.0	0.0
11483	45.0	45.0	5.0
11555	50.0	30.0	25.0
11627	30.0	40.0	0.0
11699	40.0	50.0	15.0
11771	40.0	65.0	0.0
11843	50.0	20.0	10.0
11915	45.0	40.0	5.0
11987	45.0	45.0	15.0
12059	35.0	55.0	10.0
12131	40.0	40.0	40.0
12203	30.0	40.0	25.0
12275	20.0	30.0	10.0
12347	55.0	80.0	5.0
12419	45.0	55.0	5.0
12491	30.0	60.0	15.0
12563	30.0	25.0	15.0
12635	45.0	35.0	0.0
12707	25.0	50.0	15.0
12779	15.0	40.0	20.0
12851	30.0	35.0	5.0
12923	35.0	40.0	5.0
12995	25.0	15.0	0.0
13067	25.0	35.0	10.0
13139	30.0	45.0	5.0
13211	55.0	30.0	10.0
13283	40.0	50.0	15.0
13355	50.0	25.0	0.0
13427	40.0	25.0	15.0
13499	25.0	40.0	10.0
13571	25.0	5.0	10.0
13643	35.0	35.0	15.0
13715	30.0	45.0	5.0
13787	35.0	45.0	15.0
13859	30.0	45.0	25.0
13931	25.0	30.0	30.0
14003	30.0	10.0	30.0
14075	30.0	30.0	30.0
14147	35.0	25.0	15.0
14219	30.0	15.0	55.0
14291	45.0	20.0	20.0
14363	35.0	30.0	25.0
14435	30.0	25.0	35.0
14507	35.0	25.0	30.0
14579	40.0	15.0	10.0
14651	30.0	50.0	20.0
14723	50.0	20.0	20.0
14795	50.0	15.0	35.0
14867	45.0	25.0	40.0
14939	70.0	15.0	20.0
15011	15.0	40.0	30.0
15083	20.0	55.0	40.0
15155	15.0	40.0	55.0
15227	25.0	35.0	50.0
15299	10.0	45.0	50.0
15371	25.0	30.0	25.0
15443	50.0	30.0	25.0
15515	35.0	35.0	35.0
15587	45.0	40.0	20.0
15659	70.0	35.0	20.0
15731	35.0	25.0	25.0
15803	40.0	20.0	30.0
15875	35.0	25.0	20.0
15947	25.0	35.0	20.0
16019	30.0	75.0	30.0
16091	15.0	60.0	25.0
16163	30.0	45.0	50.0
16235	35.0	35.0	50.0
16307	20.0	60.0	35.0
16379	15.0	75.0	25.0
16451	25.0	40.0	35.0
16523	20.0	40.0	25.0
16595	20.0	55.0	50.0
16667	15.0	60.0	25.0
16739	45.0	55.0	20.0
16811	30.0	35.0	45.0
16883	35.0	45.0	30.0
16955	25.0	40.0	35.0
17027	25.0	30.0	40.0
17099	35.0	45.0	20.0
17171	40.0	30.0	35.0
17243	60.0	35.0	20.0
17315	45.0	35.0	25.0
17387	50.0	45.0	15.0
17459	60.0	50.0	10.0
17531	60.0	25.0	15.0
17603	45.0	40.0	35.0
17675	60.0	45.0	15.0
17747	30.0	50.0	25.0
17819	55.0	45.0	15.0
17891	50.0	30.0	50.0
17963	30.0	40.0	35.0
18035	40.0	35.0	25.0
18107	45.0	30.0	35.0
18179	30.0	45.0	25.0
18251	40.0	45.0	40.0
18323	60.0	40.0	20.0
18395	60.0	35.0	15.0
18467	40.0	40.0	45.0
18539	35.0	45.0	30.0
18611	45.0	50.0	30.0
18683	50.0	25.0	25.0
18755	15.0	60.0	25.0
18827	15.0	70.0	40.0
18899	15.0	45.0	30.0
18971	20.0	55.0	40.0
19043	10.0	55.0	20.0
19115	15.0	30.0	25.0
19187	20.0	45.0	10.0
19259	15.0	55.0	35.0
19331	20.0	50.0	45.0
19403	15.0	45.0	40.0
19475	35.0	35.0	20.0
19547	35.0	55.0	40.0
19619	20.0	35.0	40.0
19691	50.0	35.0	40.0
19763	30.0	15.0	30.0
19835	40.0	30.0	20.0
19907	55.0	40.0	25.0
19979	50.0	50.0	20.0
20051	50.0	15.0	25.0
20123	40.0	35.0	30.0
20195	60.0	40.0	10.0
20267	45.0	40.0	5.0
20339	45.0	40.0	5.0
20411	55.0	45.0	15.0
20483	25.0	25.0	45.0
20555	15.0	15.0	60.0
20627	40.0	15.0	45.0
20699	35.0	15.0	50.0
20771	40.0	20.0	40.0
20843	30.0	25.0	45.0
20915	25.0	35.0	20.0
20987	40.0	20.0	45.0
21059	30.0	20.0	45.0
21131	30.0	20.0	20.0
21203	25.0	25.0	40.0
21275	15.0	25.0	30.0
21347	15.0	35.0	35.0
21419	5.0	30.0	50.0
21491	45.0	20.0	45.0
21563	45.0	20.0	35.0
21635	30.0	15.0	30.0
21707	45.0	10.0	25.0
21779	35.0	25.0	40.0
21851	55.0	20.0	55.0
21923	40.0	15.0	50.0
21995	35.0	25.0	50.0
22067	40.0	20.0	55.0
22139	40.0	30.0	40.0
22211	40.0	25.0	35.0
22283	55.0	10.0	40.0
22355	30.0	30.0	65.0
22427	55.0	20.0	35.0
22499	35.0	25.0	65.0
22571	35.0	35.0	50.0
22643	50.0	30.0	55.0
22715	55.0	30.0	45.0
22787	25.0	30.0	15.0
22859	40.0	20.0	30.0
22931	50.0	20.0	25.0
23003	40.0	45.0	15.0
23075	50.0	35.0	10.0
23147	55.0	30.0	20.0
23219	60.0	60.0	15.0
23291	25.0	20.0	30.0
23363	25.0	35.0	30.0
23435	35.0	30.0	45.0
23507	15.0	35.0	25.0
23579	25.0	55.0	20.0
23651	15.0	35.0	35.0
23723	10.0	40.0	35.0
23795	25.0	50.0	20.0
23867	35.0	25.0	40.0
23939	30.0	20.0	30.0
24011	50.0	15.0	25.0
24083	40.0	25.0	30.0
24155	20.0	50.0	50.0
24227	15.0	45.0	35.0
24299	20.0	30.0	30.0
24371	35.0	35.0	35.0
24443	20.0	55.0	30.0
24515	10.0	60.0	35.0
24587	30.0	30.0	25.0
24659	40.0	30.0	15.0
24731	25.0	30.0	35.0
24803	45.0	20.0	15.0
24875	50.0	40.0	10.0
24947	35.0	30.0	25.0
25019	30.0	25.0	25.0
25091	35.0	20.0	30.0
25163	10.0	25.0	20.0
25235	30.0	50.0	25.0
25307	30.0	40.0	25.0
25379	15.0	45.0	45.0
25451	30.0	55.0	20.0
25523	10.0	45.0	35.0
25595	25.0	45.0	20.0
25667	15.0	65.0	25.0
25739	20.0	35.0	35.0
25811	15.0	35.0	35.0
25883	40.0	35.0	35.0
25955	35.0	40.0	15.0
26027	50.0	30.0	15.0
26099	30.0	25.0	15.0
26171	60.0	25.0	30.0
26243	45.0	20.0	30.0
26315	40.0	25.0	10.0
26387	45.0	40.0	5.0
26459	35.0	35.0	25.0
26531	45.0	35.0	20.0
26603	45.0	40.0	20.0
26675	50.0	45.0	15.0
26747	40.0	25.0	30.0
26819	30.0	20.0	35.0
26891	40.0	30.0	30.0
26963	55.0	30.0	10.0
27035	50.0	30.0	20.0
27107	60.0	35.0	10.0
27179	50.0	40.0	15.0
27251	35.0	45.0	15.0
27323	55.0	45.0	10.0
27395	45.0	45.0	20.0
27467	50.0	50.0	15.0
27539	55.0	15.0	35.0
27611	35.0	35.0	10.0
27683	40.0	55.0	10.0
27755	45.0	60.0	15.0
27827	40.0	45.0	20.0
27899	60.0	65.0	10.0
27971	50.0	50.0	5.0
28043	45.0	50.0	25.0
28115	45.0	35.0	5.0
28187	25.0	60.0	5.0
28259	40.0	25.0	0.0
28331	30.0	40.0	20.0
28403	30.0	50.0	20.0
28475	55.0	45.0	15.0
28547	55.0	40.0	10.0
28619	40.0	40.0	15.0
28691	30.0	45.0	20.0
28763	30.0	45.0	20.0
28835	35.0	25.0	20.0
28907	15.0	50.0	25.0
28979	35.0	40.0	15.0
29051	40.0	15.0	45.0
29123	40.0	35.0	5.0
29195	30.0	45.0	20.0
29267	25.0	20.0	35.0
29339	20.0	40.0	25.0
29411	40.0	20.0	30.0
29483	40.0	20.0	20.0
29555	35.0	30.0	30.0
29627	35.0	25.0	20.0
29699	55.0	35.0	15.0
29771	45.0	45.0	20.0
29843	20.0	45.0	30.0
29915	35.0	25.0	30.0
29987	35.0	35.0	45.0
30059	25.0	30.0	20.0
30131	60.0	65.0	5.0
30203	45.0	55.0	5.0
30275	60.0	45.0	20.0
30347	60.0	50.0	5.0
30419	35.0	35.0	25.0
30491	30.0	40.0	20.0
30563	45.0	45.0	0.0
30635	50.0	25.0	15.0
30707	45.0	35.0	30.0
30779	40.0	40.0	25.0
30851	50.0	65.0	10.0
30923	50.0	50.0	5.0
30995	55.0	30.0	15.0
31067	50.0	60.0	10.0
31139	50.0	45.0	15.0
31211	75.0	45.0	10.0
31283	70.0	45.0	10.0
31355	45.0	20.0	25.0
31427	40.0	25.0	20.0
31499	55.0	40.0	15.0
31571	50.0	55.0	5.0
31643	40.0	40.0	15.0
31715	50.0	60.0	10.0
31787	50.0	55.0	20.0
31859	35.0	50.0	15.0
31931	55.0	55.0	0.0
32003	45.0	40.0	30.0
32075	55.0	25.0	20.0
32147	65.0	55.0	5.0
32219	35.0	55.0	10.0
32291	55.0	35.0	15.0
32363	30.0	45.0	30.0
32435	25.0	40.0	50.0
32507	25.0	55.0	40.0
32579	15.0	55.0	30.0
32651	30.0	25.0	45.0
32723	15.0	55.0	40.0
32795	15.0	40.0	35.0
32867	30.0	25.0	55.0
32939	30.0	55.0	25.0
33011	20.0	50.0	35.0
33083	20.0	50.0	55.0
33155	15.0	50.0	50.0
33227	15.0	50.0	40.0
33299	5.0	55.0	55.0
33371	20.0	65.0	55.0
33443	15.0	45.0	55.0
33515	15.0	45.0	55.0
33587	15.0	45.0	25.0
33659	25.0	60.0	30.0
33731	15.0	55.0	60.0
33803	30.0	35.0	35.0
33875	45.0	30.0	45.0
33947	30.0	35.0	30.0
34019	25.0	20.0	60.0
34091	30.0	20.0	60.0
34163	50.0	10.0	60.0
34235	40.0	15.0	55.0
34307	35.0	20.0	45.0
34379	40.0	20.0	50.0
34451	40.0	15.0	60.0
34523	25.0	30.0	50.0
34595	40.0	10.0	45.0
34667	30.0	15.0	50.0
34739	55.0	20.0	35.0
34811	35.0	10.0	55.0
34883	35.0	25.0	65.0
34955	25.0	25.0	60.0
35027	20.0	5.0	60.0
35099	25.0	25.0	45.0
35171	40.0	25.0	50.0
35243	45.0	10.0	55.0
35315	45.0	15.0	50.0
35387	25.0	15.0	70.0
35459	35.0	25.0	45.0
35531	55.0	10.0	65.0
35603	60.0	25.0	35.0
35675	50.0	15.0	45.0
35747	45.0	5.0	65.0
35819	40.0	25.0	55.0
35891	35.0	20.0	45.0
35963	25.0	40.0	35.0
36035	35.0	10.0	60.0
36107	15.0	30.0	45.0
36179	35.0	25.0	55.0
36251	45.0	25.0	45.0
36323	50.0	25.0	50.0
36395	15.0	35.0	40.0
36467	35.0	25.0	50.0
36539	35.0	15.0	50.0
36611	35.0	35.0	45.0
36683	30.0	5.0	45.0
36755	35.0	25.0	55.0
36827	40.0	15.0	30.0
36899	25.0	20.0	35.0
36971	25.0	25.0	25.0
37043	25.0	20.0	45.0
37115	45.0	30.0	35.0
37187	30.0	15.0	55.0
37259	40.0	25.0	55.0
37331	35.0	15.0	45.0
37403	50.0	10.0	70.0
37475	45.0	10.0	60.0
37547	40.0	10.0	40.0
37619	30.0	20.0	40.0
37691	30.0	5.0	65.0
37763	40.0	10.0	65.0
37835	25.0	10.0	50.0
37907	45.0	15.0	45.0
37979	30.0	30.0	30.0
38051	35.0	25.0	60.0
38123	30.0	10.0	65.0
38195	60.0	5.0	55.0
38267	30.0	20.0	50.0
38339	55.0	25.0	50.0
38411	25.0	30.0	50.0
38483	40.0	25.0	50.0
38555	35.0	30.0	40.0
38627	55.0	15.0	55.0
38699	30.0	50.0	30.0
38771	50.0	20.0	45.0
38843	35.0	35.0	25.0
38915	25.0	10.0	40.0
38987	40.0	15.0	35.0
39059	20.0	20.0	50.0
39131	40.0	10.0	45.0
39203	45.0	10.0	25.0
39275	45.0	5.0	65.0
39347	40.0	10.0	70.0
39419	40.0	10.0	40.0
39491	30.0	15.0	50.0
39563	50.0	10.0	60.0
39635	30.0	30.0	55.0
39707	25.0	15.0	45.0
39779	35.0	15.0	55.0
39851	40.0	15.0	65.0
39923	35.0	25.0	35.0
39995	15.0	25.0	40.0
40067	45.0	5.0	40.0
40139	35.0	10.0	60.0
40211	25.0	10.0	50.0
40283	30.0	15.0	65.0
40355	40.0	20.0	40.0
40427	45.0	20.0	40.0
40499	20.0	35.0	50.0
40571	40.0	25.0	40.0
40643	45.0	40.0	40.0
40715	45.0	25.0	45.0
40787	50.0	0.0	40.0
40859	60.0	15.0	45.0
40931	75.0	20.0	25.0
41003	35.0	30.0	35.0
41075	40.0	25.0	45.0
41147	35.0	25.0	55.0
41219	45.0	10.0	50.0
41291	45.0	15.0	25.0
41363	30.0	30.0	40.0
41435	55.0	15.0	30.0
41507	50.0	20.0	20.0
41579	45.0	30.0	40.0
41651	30.0	35.0	25.0
41723	55.0	20.0	25.0
41795	25.0	35.0	35.0
41867	55.0	15.0	40.0
41939	45.0	25.0	30.0
42011	35.0	30.0	30.0
42083	50.0	35.0	45.0
42155	45.0	5.0	55.0
42227	30.0	35.0	30.0
42299	45.0	25.0	25.0
42371	40.0	20.0	45.0
42443	15.0	25.0	40.0
42515	50.0	30.0	40.0
42587	35.0	25.0	30.0
42659	40.0	30.0	30.0
42731	45.0	25.0	30.0
42803	55.0	15.0	45.0
42875	50.0	20.0	30.0
42947	40.0	30.0	30.0
43019	35.0	25.0	30.0
43091	50.0	20.0	45.0
43163	45.0	30.0	35.0
43235	45.0	10.0	30.0
43307	35.0	25.0	50.0
43379	55.0	10.0	40.0
43451	40.0	25.0	30.0
43523	55.0	10.0	50.0
43595	45.0	30.0	25.0
43667	35.0	25.0	40.0
43739	65.0	30.0	45.0
43811	40.0	25.0	35.0
43883	40.0	35.0	35.0
43955	60.0	5.0	45.0
44027	55.0	15.0	40.0
44099	50.0	15.0	30.0
44171	35.0	15.0	50.0
44243	40.0	25.0	35.0
44315	45.0	35.0	20.0
44387	35.0	25.0	40.0
44459	55.0	25.0	25.0
44531	40.0	25.0	35.0
44603	40.0	25.0	40.0
44675	35.0	15.0	35.0
44747	30.0	45.0	20.0
44819	20.0	40.0	35.0
44891	40.0	40.0	20.0
44963	40.0	55.0	10.0
45035	35.0	45.0	20.0
45107	15.0	50.0	5.0
45179	30.0	50.0	20.0
45251	55.0	50.0	10.0
45323	10.0	45.0	15.0
45395	20.0	40.0	15.0
45467	45.0	40.0	30.0
45539	30.0	45.0	40.0
45611	25.0	50.0	20.0
45683	30.0	40.0	35.0
45755	45.0	50.0	20.0
45827	35.0	40.0	40.0
45899	40.0	40.0	30.0
45971	25.0	25.0	35.0
46043	40.0	45.0	15.0
46115	55.0	65.0	5.0
46187	35.0	40.0	5.0
46259	20.0	30.0	35.0
46331	55.0	45.0	5.0
46403	25.0	30.0	20.0
46475	20.0	45.0	25.0
46547	30.0	60.0	10.0
46619	40.0	60.0	15.0
46691	35.0	40.0	30.0
46763	10.0	45.0	25.0
46835	30.0	45.0	25.0
46907	20.0	30.0	25.0
46979	30.0	45.0	20.0
47051	35.0	50.0	30.0
47123	25.0	55.0	15.0
47195	35.0	40.0	20.0
47267	25.0	40.0	35.0
47339	40.0	55.0	10.0
47411	30.0	50.0	25.0
47483	45.0	45.0	10.0
47555	35.0	35.0	30.0
47627	40.0	45.0	10.0
47699	30.0	60.0	10.0
47771	30.0	30.0	25.0
47843	35.0	40.0	25.0
47915	45.0	40.0	35.0
47987	35.0	35.0	15.0
48059	40.0	45.0	20.0
48131	35.0	45.0	20.0
48203	50.0	65.0	10.0
48275	20.0	35.0	35.0
48347	35.0	45.0	20.0
48419	40.0	30.0	30.0
48491	35.0	35.0	25.0
48563	40.0	40.0	30.0
48635	35.0	45.0	25.0
48707	25.0	45.0	25.0
48779	50.0	40.0	0.0
48851	30.0	50.0	35.0
48923	35.0	65.0	20.0
48995	30.0	35.0	25.0
49067	35.0	45.0	5.0
49139	35.0	40.0	35.0
49211	35.0	50.0	5.0
49283	30.0	60.0	10.0
49355	45.0	45.0	15.0
49427	35.0	45.0	20.0
49499	30.0	25.0	45.0
49571	20.0	50.0	20.0
49643	25.0	45.0	20.0
49715	30.0	35.0	30.0
49787	25.0	40.0	45.0
49859	25.0	50.0	30.0
49931	35.0	45.0	20.0
50003	15.0	40.0	30.0
50075	35.0	35.0	25.0
50147	20.0	40.0	30.0
50219	35.0	50.0	30.0
50291	45.0	30.0	20.0
50363	40.0	55.0	25.0
50435	30.0	55.0	20.0
50507	40.0	50.0	30.0
50579	30.0	55.0	15.0
50651	35.0	30.0	30.0
50723	40.0	35.0	20.0
50795	40.0	40.0	15.0
50867	45.0	30.0	25.0
50939	25.0	45.0	20.0
51011	55.0	40.0	20.0
51083	20.0	65.0	35.0
51155	40.0	50.0	15.0
51227	30.0	50.0	35.0
51299	25.0	55.0	25.0
51371	35.0	40.0	30.0
51443	20.0	45.0	15.0
51515	50.0	55.0	10.0
51587	35.0	30.0	50.0
51659	40.0	50.0	15.0
51731	55.0	50.0	10.0
51803	40.0	45.0	25.0
51875	30.0	20.0	25.0
51947	25.0	10.0	25.0
52019	35.0	25.0	30.0
52091	30.0	35.0	40.0
52163	30.0	40.0	50.0
52235	25.0	25.0	40.0
52307	40.0	35.0	30.0
52379	65.0	20.0	30.0
52451	50.0	20.0	45.0
52523	50.0	25.0	25.0
52595	50.0	20.0	40.0
52667	50.0	25.0	15.0
52739	45.0	20.0	20.0
52811	35.0	15.0	25.0
52883	45.0	20.0	35.0
52955	30.0	35.0	15.0
53027	45.0	65.0	25.0
53099	45.0	45.0	15.0
53171	50.0	30.0	35.0
53243	35.0	40.0	15.0
53315	30.0	40.0	35.0
53387	35.0	45.0	25.0
53459	30.0	40.0	50.0
53531	25.0	25.0	25.0
53603	30.0	25.0	30.0
53675	25.0	30.0	35.0
53747	50.0	40.0	35.0
53819	40.0	55.0	20.0
53891	25.0	60.0	20.0
53963	55.0	45.0	25.0
54035	40.0	25.0	35.0
54107	40.0	50.0	35.0
54179	35.0	60.0	5.0
54251	45.0	15.0	5.0
54323	35.0	20.0	25.0
54395	35.0	20.0	35.0
54467	45.0	10.0	25.0
54539	15.0	40.0	55.0
54611	10.0	40.0	50.0
54683	20.0	45.0	35.0
54755	5.0	30.0	45.0
54827	45.0	30.0	50.0
54899	55.0	5.0	25.0
54971	30.0	25.0	50.0
55043	20.0	20.0	50.0
55115	15.0	30.0	60.0
55187	5.0	45.0	55.0
55259	25.0	25.0	40.0
55331	25.0	20.0	35.0
55403	35.0	10.0	40.0
55475	50.0	30.0	0.0
55547	50.0	15.0	10.0
55619	25.0	30.0	15.0
55691	50.0	50.0	25.0
55763	60.0	25.0	50.0
55835	25.0	50.0	25.0
55907	40.0	35.0	5.0
55979	30.0	50.0	40.0
56051	30.0	45.0	30.0
56123	30.0	45.0	10.0
56195	20.0	55.0	20.0
56267	35.0	20.0	35.0
56339	20.0	25.0	45.0
56411	35.0	10.0	35.0
56483	15.0	25.0	35.0
56555	45.0	25.0	20.0
56627	55.0	15.0	40.0
56699	55.0	25.0	15.0
56771	15.0	35.0	50.0
56843	20.0	30.0	35.0
56915	35.0	20.0	40.0
56987	10.0	55.0	45.0
57059	30.0	35.0	35.0
57131	40.0	35.0	35.0
57203	15.0	30.0	45.0
57275	20.0	40.0	60.0
57347	5.0	60.0	55.0
57419	35.0	25.0	50.0
57491	30.0	25.0	45.0
57563	20.0	45.0	35.0
57635	10.0	45.0	55.0
57707	15.0	45.0	45.0
57779	25.0	35.0	35.0
57851	0.0	30.0	50.0
57923	10.0	40.0	55.0
57995	15.0	40.0	35.0
58067	20.0	40.0	30.0
58139	5.0	40.0	60.0
58211	5.0	30.0	50.0
58283	15.0	40.0	30.0
58355	25.0	35.0	35.0
58427	30.0	35.0	50.0
58499	20.0	45.0	55.0
58571	15.0	30.0	35.0
58643	10.0	20.0	55.0
58715	30.0	20.0	35.0
58787	5.0	25.0	50.0
58859	35.0	10.0	35.0
58931	25.0	25.0	60.0
59003	25.0	35.0	45.0
59075	30.0	20.0	50.0
59147	25.0	45.0	30.0
59219	55.0	10.0	45.0
59291	35.0	5.0	45.0
59363	35.0	20.0	20.0
59435	25.0	30.0	35.0
59507	30.0	25.0	50.0
59579	15.0	35.0	25.0
59651	25.0	40.0	30.0
59723	45.0	35.0	30.0
59795	25.0	40.0	35.0
59867	15.0	20.0	30.0
59939	15.0	45.0	35.0
60011	45.0	35.0	30.0
60083	20.0	45.0	30.0
60155	15.0	35.0	55.0
60227	15.0	55.0	40.0
60299	30.0	30.0	50.0
60371	10.0	55.0	55.0
60443	25.0	35.0	20.0
60515	65.0	40.0	10.0
60587	25.0	45.0	20.0
60659	30.0	30.0	15.0
60731	35.0	25.0	20.0
60803	50.0	45.0	10.0
60875	25.0	30.0	30.0
60947	30.0	35.0	20.0
61019	45.0	40.0	30.0
61091	30.0	45.0	30.0
61163	35.0	40.0	25.0
61235	45.0	20.0	20.0
61307	45.0	25.0	25.0
61379	35.0	40.0	30.0
61451	55.0	45.0	20.0
61523	35.0	40.0	15.0
61595	25.0	35.0	30.0
61667	35.0	35.0	25.0
61739	40.0	30.0	35.0
61811	25.0	70.0	20.0
61883	30.0	60.0	10.0
61955	40.0	45.0	30.0
62027	30.0	55.0	30.0
62099	35.0	45.0	40.0
62171	55.0	40.0	40.0
62243	40.0	20.0	45.0
62315	25.0	45.0	25.0
62387	50.0	40.0	30.0
62459	55.0	35.0	15.0
62531	40.0	55.0	30.0
62603	40.0	40.0	25.0
62675	15.0	60.0	25.0
62747	60.0	60.0	20.0
62819	30.0	40.0	40.0
62891	25.0	60.0	30.0
62963	25.0	50.0	20.0
63035	50.0	40.0	35.0
63107	45.0	55.0	30.0
63179	30.0	35.0	30.0
63251	25.0	40.0	15.0
63323	20.0	55.0	30.0
63395	20.0	40.0	45.0
63467	45.0	55.0	20.0
63539	65.0	45.0	20.0
63611	45.0	45.0	45.0
63683	60.0	40.0	20.0
63755	10.0	50.0	40.0
63827	35.0	15.0	30.0
63899	40.0	60.0	20.0
63971	40.0	40.0	25.0
64043	35.0	10.0	35.0
64115	35.0	30.0	25.0
64187	35.0	15.0	40.0
64259	55.0	20.0	15.0
64331	50.0	15.0	35.0
64403	45.0	20.0	20.0
64475	30.0	40.0	20.0
64547	40.0	20.0	20.0
64619	25.0	20.0	35.0
64691	45.0	5.0	30.0
64763	45.0	15.0	45.0
64835	45.0	10.0	40.0
64907	40.0	20.0	35.0
64979	50.0	30.0	45.0
65051	10.0	85.0	15.0
65123	25.0	40.0	25.0
65195	30.0	50.0	20.0
65267	30.0	50.0	35.0
65339	40.0	25.0	45.0
65411	30.0	15.0	35.0
65483	30.0	10.0	40.0
65555	20.0	35.0	40.0
65627	30.0	35.0	35.0
65699	40.0	25.0	35.0
65771	50.0	30.0	30.0
65843	40.0	40.0	15.0
65915	55.0	25.0	20.0
65987	55.0	20.0	20.0
66059	35.0	25.0	35.0
66131	45.0	20.0	15.0
66203	35.0	30.0	35.0
66275	30.0	15.0	25.0
66347	35.0	30.0	10.0
66419	40.0	40.0	10.0
66491	40.0	45.0	25.0
66563	35.0	30.0	25.0
66635	30.0	35.0	35.0
66707	30.0	55.0	25.0
66779	35.0	60.0	30.0
66851	40.0	30.0	5.0
66923	30.0	45.0	20.0
66995	45.0	30.0	30.0
67067	30.0	10.0	45.0
67139	25.0	5.0	50.0
67211	45.0	20.0	30.0
67283	55.0	5.0	40.0
67355	50.0	15.0	40.0
67427	40.0	20.0	50.0
67499	50.0	5.0	35.0
67571	45.0	10.0	25.0
67643	35.0	35.0	35.0
67715	45.0	25.0	40.0
67787	35.0	25.0	35.0
67859	10.0	25.0	60.0
67931	25.0	40.0	30.0
68003	25.0	30.0	55.0
68075	30.0	40.0	50.0
68147	40.0	40.0	35.0
68219	35.0	30.0	15.0
68291	30.0	30.0	35.0
68363	20.0	30.0	25.0
68435	30.0	50.0	20.0
68507	15.0	40.0	55.0
68579	15.0	25.0	55.0
68651	20.0	30.0	55.0
68723	10.0	45.0	50.0
68795	15.0	10.0	35.0
68867	25.0	40.0	10.0
68939	20.0	70.0	25.0
69011	30.0	55.0	15.0
69083	30.0	55.0	15.0
69155	25.0	75.0	10.0
69227	50.0	55.0	20.0
69299	45.0	40.0	25.0
69371	65.0	50.0	5.0
69443	20.0	65.0	20.0
69515	30.0	40.0	30.0
69587	45.0	40.0	15.0
69659	35.0	40.0	20.0
69731	50.0	40.0	20.0
69803	25.0	75.0	20.0
69875	25.0	55.0	25.0
69947	40.0	30.0	20.0
70019	35.0	45.0	30.0
70091	15.0	10.0	35.0
70163	10.0	35.0	35.0
70235	30.0	45.0	40.0
70307	15.0	35.0	40.0
70379	25.0	25.0	15.0
70451	30.0	20.0	20.0
70523	20.0	45.0	40.0
70595	20.0	50.0	55.0
70667	10.0	30.0	50.0
70739	10.0	65.0	40.0
70811	15.0	30.0	30.0
70883	10.0	45.0	45.0
70955	30.0	35.0	30.0
71027	40.0	15.0	40.0
71099	40.0	10.0	45.0
71171	25.0	30.0	20.0
71243	30.0	30.0	35.0
71315	65.0	25.0	40.0
71387	65.0	10.0	10.0
71459	70.0	10.0	55.0
71531	50.0	25.0	40.0
71603	60.0	10.0	45.0
71675	50.0	20.0	50.0
71747	25.0	40.0	45.0
71819	60.0	15.0	60.0
71891	35.0	25.0	55.0
71963	40.0	35.0	45.0
72035	15.0	20.0	20.0
72107	30.0	15.0	45.0
72179	20.0	40.0	25.0
72251	15.0	25.0	50.0
72323	15.0	55.0	45.0
72395	25.0	40.0	35.0
72467	55.0	35.0	30.0
72539	10.0	40.0	40.0
72611	10.0	35.0	30.0
72683	35.0	35.0	40.0
72755	40.0	35.0	40.0
72827	40.0	50.0	45.0
72899	35.0	30.0	30.0
72971	15.0	35.0	35.0
73043	25.0	25.0	25.0
73115	10.0	85.0	60.0
73187	15.0	35.0	55.0
73259	40.0	25.0	35.0
73331	25.0	30.0	45.0
73403	45.0	20.0	40.0
73475	20.0	25.0	40.0
73547	45.0	30.0	40.0
73619	5.0	45.0	60.0
73691	40.0	30.0	45.0
73763	30.0	40.0	40.0
73835	20.0	40.0	65.0
73907	30.0	25.0	50.0
73979	25.0	35.0	45.0
74051	35.0	25.0	40.0
74123	20.0	45.0	75.0
74195	20.0	45.0	70.0
74267	25.0	30.0	60.0
74339	20.0	30.0	60.0
74411	20.0	45.0	35.0
74483	30.0	20.0	20.0
74555	10.0	40.0	20.0
74627	25.0	55.0	20.0
74699	20.0	45.0	20.0
74771	30.0	25.0	15.0
74843	60.0	25.0	30.0
74915	55.0	20.0	35.0
74987	30.0	35.0	30.0
75059	45.0	35.0	35.0
75131	45.0	35.0	40.0
75203	40.0	25.0	25.0
75275	45.0	25.0	30.0
75347	45.0	20.0	35.0
75419	40.0	30.0	50.0
75491	30.0	20.0	30.0
75563	45.0	10.0	35.0
75635	40.0	45.0	15.0
75707	45.0	55.0	15.0
75779	15.0	35.0	30.0
75851	40.0	40.0	5.0
75923	25.0	40.0	35.0
75995	25.0	35.0	25.0
76067	35.0	50.0	15.0
76139	30.0	50.0	15.0
76211	55.0	45.0	25.0
76283	5.0	50.0	40.0
76355	45.0	35.0	30.0
76427	30.0	50.0	25.0
76499	30.0	40.0	20.0
76571	40.0	45.0	20.0
76643	35.0	55.0	45.0
76715	50.0	55.0	25.0
76787	15.0	20.0	15.0
76859	20.0	45.0	55.0
76931	10.0	25.0	30.0
77003	35.0	35.0	45.0
77075	15.0	50.0	35.0
77147	15.0	35.0	35.0
77219	30.0	50.0	25.0
77291	35.0	20.0	50.0
77363	30.0	20.0	45.0
77435	25.0	50.0	15.0
77507	25.0	25.0	15.0
77579	20.0	10.0	20.0
77651	40.0	15.0	35.0
77723	50.0	5.0	35.0
77795	40.0	40.0	20.0
77867	40.0	60.0	20.0
77939	20.0	25.0	25.0
78011	20.0	25.0	40.0
78083	35.0	40.0	40.0
78155	30.0	55.0	25.0
78227	15.0	45.0	25.0
78299	45.0	60.0	20.0
78371	40.0	25.0	15.0
78443	40.0	40.0	15.0
78515	40.0	25.0	40.0
78587	40.0	25.0	30.0
78659	25.0	45.0	15.0
78731	35.0	35.0	30.0
78803	40.0	15.0	35.0
78875	25.0	45.0	30.0
78947	25.0	30.0	40.0
79019	20.0	30.0	35.0
79091	55.0	10.0	40.0
79163	40.0	35.0	30.0
79235	30.0	35.0	25.0
79307	30.0	25.0	25.0
79379	45.0	30.0	25.0
79451	25.0	35.0	40.0
79523	35.0	20.0	25.0
79595	15.0	25.0	35.0
79667	35.0	15.0	35.0
79739	40.0	15.0	25.0
79811	30.0	25.0	50.0
79883	30.0	20.0	50.0
79955	35.0	30.0	50.0
80027	15.0	30.0	20.0
80099	25.0	45.0	35.0
80171	30.0	45.0	40.0
80243	35.0	70.0	20.0
80315	25.0	60.0	10.0
80387	40.0	60.0	15.0
80459	35.0	40.0	50.0
80531	30.0	55.0	30.0
80603	25.0	30.0	35.0
80675	25.0	40.0	30.0
80747	25.0	55.0	30.0
80819	15.0	30.0	25.0
80891	25.0	45.0	15.0
80963	20.0	60.0	30.0
81035	30.0	45.0	40.0
81107	50.0	40.0	35.0
81179	40.0	40.0	25.0
81251	20.0	50.0	35.0
81323	40.0	35.0	30.0
81395	20.0	30.0	35.0
81467	35.0	25.0	25.0
81539	30.0	60.0	10.0
81611	30.0	75.0	30.0
81683	40.0	55.0	40.0
81755	45.0	40.0	15.0
81827	45.0	60.0	10.0
81899	30.0	65.0	20.0
81971	55.0	50.0	35.0
82043	25.0	50.0	35.0
82115	65.0	35.0	15.0
82187	35.0	40.0	40.0
82259	30.0	55.0	30.0
82331	40.0	60.0	20.0
82403	5.0	30.0	50.0
82475	45.0	45.0	30.0
82547	30.0	40.0	25.0
82619	35.0	30.0	20.0
82691	50.0	20.0	40.0
82763	55.0	20.0	30.0
82835	50.0	35.0	25.0
82907	50.0	25.0	45.0
82979	30.0	35.0	25.0
83051	55.0	25.0	30.0
83123	55.0	15.0	30.0
83195	40.0	35.0	45.0
83267	45.0	25.0	35.0
83339	25.0	30.0	35.0
83411	35.0	15.0	40.0
83483	40.0	25.0	10.0
83555	10.0	35.0	25.0
83627	25.0	20.0	35.0
83699	25.0	25.0	30.0
83771	25.0	30.0	45.0
83843	20.0	35.0	45.0
83915	20.0	40.0	45.0
83987	10.0	40.0	55.0
84059	15.0	40.0	40.0
84131	40.0	60.0	30.0
84203	40.0	15.0	20.0
84275	35.0	25.0	45.0
84347	25.0	40.0	40.0
84419	45.0	30.0	35.0
84491	60.0	25.0	35.0
84563	20.0	25.0	25.0
84635	30.0	20.0	20.0
84707	55.0	30.0	50.0
84779	40.0	30.0	55.0
84851	35.0	20.0	45.0
84923	45.0	10.0	40.0
84995	35.0	30.0	30.0
85067	25.0	55.0	25.0
85139	35.0	45.0	35.0
85211	50.0	20.0	15.0
85283	40.0	20.0	35.0
85355	20.0	20.0	50.0
85427	40.0	45.0	35.0
85499	20.0	50.0	15.0
85571	50.0	25.0	25.0
85643	20.0	40.0	30.0
85715	30.0	40.0	45.0
85787	25.0	65.0	20.0
85859	25.0	55.0	35.0
85931	40.0	35.0	25.0
86003	35.0	65.0	15.0
86075	30.0	40.0	10.0
86147	30.0	40.0	25.0
86219	50.0	25.0	25.0
86291	45.0	30.0	45.0
86363	50.0	20.0	35.0
86435	25.0	20.0	15.0
86507	25.0	35.0	25.0
86579	40.0	30.0	45.0
86651	20.0	25.0	35.0
86723	30.0	30.0	25.0
86795	30.0	30.0	25.0
86867	25.0	35.0	45.0
86939	30.0	40.0	15.0
87011	70.0	10.0	30.0
87083	40.0	10.0	25.0
87155	35.0	25.0	40.0
87227	40.0	20.0	30.0
87299	50.0	15.0	15.0
87371	30.0	35.0	40.0
87443	40.0	30.0	30.0
87515	25.0	30.0	25.0
87587	35.0	55.0	15.0
87659	45.0	35.0	25.0
87731	15.0	25.0	55.0
87803	30.0	25.0	35.0
87875	25.0	40.0	55.0
87947	45.0	25.0	45.0
88019	25.0	35.0	50.0
88091	25.0	30.0	30.0
88163	45.0	25.0	45.0
88235	30.0	50.0	30.0
88307	40.0	35.0	40.0
88379	25.0	40.0	15.0
88451	65.0	25.0	35.0
88523	50.0	20.0	40.0
88595	40.0	45.0	30.0
88667	40.0	35.0	30.0
88739	35.0	25.0	35.0
88811	25.0	15.0	15.0
88883	20.0	25.0	35.0
88955	15.0	25.0	50.0
89027	30.0	35.0	40.0
89099	10.0	40.0	40.0
89171	15.0	30.0	45.0
89243	45.0	30.0	40.0
89315	10.0	30.0	60.0
89387	20.0	35.0	35.0
89459	55.0	15.0	25.0
89531	50.0	20.0	35.0
89603	35.0	20.0	40.0
89675	50.0	20.0	45.0
89747	55.0	25.0	35.0
89819	20.0	25.0	15.0
89891	20.0	15.0	45.0
89963	35.0	35.0	15.0
90035	10.0	25.0	20.0
90107	30.0	40.0	25.0
90179	30.0	15.0	25.0
90251	30.0	25.0	45.0
90323	35.0	45.0	40.0
90395	10.0	15.0	25.0
90467	25.0	35.0	30.0
90539	35.0	25.0	50.0
90611	25.0	45.0	20.0
90683	50.0	30.0	35.0
90755	45.0	35.0	25.0
90827	40.0	30.0	25.0
90899	35.0	25.0	20.0
90971	35.0	30.0	40.0
91043	40.0	15.0	20.0
91115	20.0	30.0	45.0
91187	35.0	30.0	25.0
91259	25.0	25.0	35.0
91331	45.0	30.0	25.0
91403	30.0	20.0	40.0
91475	45.0	5.0	35.0
91547	20.0	25.0	50.0
91619	20.0	45.0	55.0
91691	30.0	45.0	45.0
91763	20.0	55.0	20.0
91835	25.0	15.0	30.0
91907	30.0	35.0	35.0
91979	20.0	50.0	30.0
92051	25.0	30.0	35.0
92123	30.0	20.0	35.0
92195	25.0	35.0	15.0
92267	20.0	15.0	20.0
92339	25.0	35.0	30.0
92411	25.0	35.0	30.0
92483	20.0	15.0	35.0
92555	35.0	30.0	45.0
92627	35.0	45.0	45.0
92699	55.0	55.0	20.0
92771	45.0	50.0	25.0
92843	45.0	45.0	15.0
92915	25.0	35.0	25.0
92987	35.0	30.0	35.0
93059	65.0	10.0	20.0
93131	25.0	20.0	40.0
93203	25.0	25.0	20.0
93275	35.0	30.0	30.0
93347	40.0	35.0	25.0
93419	20.0	25.0	25.0
93491	45.0	55.0	45.0
93563	10.0	15.0	15.0
93635	20.0	35.0	40.0
93707	35.0	25.0	25.0
93779	40.0	30.0	15.0
93851	25.0	40.0	20.0
93923	15.0	20.0	50.0
93995	25.0	45.0	25.0
94067	30.0	20.0	40.0
94139	35.0	20.0	45.0
94211	15.0	45.0	10.0
94283	20.0	45.0	30.0
94355	30.0	50.0	20.0
94427	25.0	45.0	20.0
94499	10.0	40.0	40.0
94571	30.0	30.0	40.0
94643	20.0	35.0	20.0
94715	40.0	15.0	30.0
94787	30.0	50.0	25.0
94859	30.0	35.0	25.0
94931	40.0	40.0	30.0
95003	35.0	15.0	10.0
95075	30.0	50.0	25.0
95147	25.0	35.0	35.0
95219	45.0	65.0	45.0
95291	5.0	35.0	25.0
95363	20.0	35.0	20.0
95435	25.0	25.0	40.0
95507	25.0	35.0	35.0
95579	10.0	65.0	35.0
95651	15.0	40.0	55.0
95723	30.0	30.0	40.0
95795	35.0	10.0	30.0
95867	35.0	40.0	25.0
95939	50.0	35.0	45.0
96011	40.0	40.0	45.0
96083	25.0	20.0	50.0
96155	30.0	25.0	40.0
96227	15.0	20.0	45.0
96299	45.0	25.0	20.0
96371	40.0	50.0	15.0
96443	30.0	60.0	35.0
96515	20.0	40.0	30.0
96587	35.0	40.0	45.0
96659	35.0	40.0	45.0
96731	40.0	35.0	20.0
96803	20.0	45.0	25.0
96875	35.0	35.0	15.0
96947	30.0	35.0	30.0
97019	15.0	40.0	45.0
97091	20.0	35.0	30.0
97163	30.0	5.0	40.0
97235	30.0	30.0	40.0
97307	30.0	20.0	30.0
97379	25.0	15.0	40.0
97451	40.0	70.0	25.0
97523	25.0	35.0	30.0
97595	25.0	35.0	40.0
97667	10.0	25.0	50.0
97739	25.0	40.0	55.0
97811	30.0	25.0	50.0
97883	15.0	25.0	40.0
97955	30.0	40.0	20.0
98027	75.0	30.0	10.0
98099	45.0	35.0	25.0
98171	45.0	20.0	10.0
98243	60.0	10.0	20.0
98315	50.0	30.0	25.0
98387	35.0	35.0	25.0
98459	15.0	40.0	30.0
98531	10.0	30.0	40.0
98603	20.0	45.0	40.0
98675	30.0	25.0	30.0
98747	35.0	40.0	35.0
98819	35.0	40.0	35.0
98891	40.0	45.0	30.0
98963	30.0	20.0	40.0
99035	35.0	30.0	20.0
99107	30.0	25.0	25.0
99179	50.0	30.0	20.0
99251	45.0	45.0	20.0
99323	20.0	15.0	40.0
99395	30.0	30.0	25.0
99467	40.0	15.0	50.0