# BASE VAL1 VAL2
# color 0:255:0 0:0:255 100:100:100
35	38.75	15.0	28.75
107	45.0	20.0	23.75
179	47.5	25.0	20.0
251	38.75	40.0	22.5
323	38.75	38.75	26.25
395	35.0	47.5	25.0
467	43.75	43.75	22.5
539	45.0	46.25	20.0
611	42.5	41.25	22.5
683	41.25	41.25	22.5
755	38.75	35.0	32.5
827	40.0	45.0	27.5
899	42.5	46.25	23.75
971	47.5	51.25	15.0
1043	41.25	43.75	20.0
1115	42.5	38.75	22.5
1187	37.5	30.0	25.0
1259	38.75	35.0	22.5
1331	45.0	33.75	18.75
1403	45.0	40.0	21.25
1475	46.25	36.25	23.75
1547	47.5	36.25	21.25
1619	47.5	37.5	21.25
1691	45.0	35.0	21.25
1763	41.25	30.0	25.0
1835	40.0	30.0	23.75
1907	41.25	32.5	22.5
1979	45.0	33.75	21.25
2051	40.0	35.0	26.25
2123	45.0	30.0	27.5
2195	35.0	28.75	33.75
2267	32.5	25.0	33.75
2339	30.0	28.75	33.75
2411	28.75	32.5	35.0
2483	31.25	30.0	37.5
2555	40.0	27.5	37.5
2627	43.75	22.5	27.5
2699	48.75	23.75	27.5
2771	47.5	23.75	25.0
2843	51.25	20.0	27.5
2915	55.0	21.25	25.0
2987	53.75	25.0	23.75
3059	53.75	28.75	21.25
3131	52.5	30.0	21.25
3203	50.0	31.25	23.75
3275	51.25	32.5	18.75
3347	46.25	35.0	18.75
3419	48.75	33.75	18.75
3491	43.75	32.5	21.25
3563	38.75	33.75	23.75
3635	36.25	35.0	23.75
3707	36.25	35.0	22.5
3779	42.5	28.75	25.0
3851	48.75	36.25	22.5
3923	55.0	31.25	27.5
3995	55.0	37.5	20.0
4067	51.25	31.25	20.0
4139	46.25	38.75	18.75
4211	47.5	35.0	18.75
4283	45.0	37.5	21.25
4355	43.75	36.25	23.75
4427	52.5	32.5	25.0
4499	50.0	30.0	30.0
4571	61.25	23.75	25.0
4643	51.25	23.75	26.25
4715	41.25	23.75	25.0
4787	35.0	25.0	33.75
4859	25.0	33.75	37.5
4931	23.75	43.75	50.0
5003	20.0	51.25	48.75
5075	23.75	48.75	41.25
5147	18.75	46.25	40.0
5219	18.75	47.5	33.75
5291	20.0	43.75	36.25
5363	18.75	46.25	37.5
5435	23.75	41.25	36.25
5507	21.25	45.0	35.0
5579	27.5	46.25	31.25
5651	26.25	40.0	35.0
5723	26.25	41.25	31.25
5795	22.5	40.0	35.0
5867	20.0	33.75	31.25
5939	16.25	35.0	32.5
6011	17.5	32.5	35.0
6083	15.0	38.75	36.25
6155	13.75	40.0	33.75
6227	12.5	47.5	37.5
6299	15.0	45.0	35.0
6371	12.5	50.0	40.0
6443	13.75	46.25	46.25
6515	13.75	38.75	45.0
6587	18.75	35.0	43.75
6659	21.25	36.25	38.75
6731	20.0	37.5	36.25
6803	15.0	42.5	37.5
6875	15.0	41.25	38.75
6947	10.0	41.25	41.25
7019	8.75	38.75	45.0
7091	8.75	38.75	45.0
7163	16.25	37.5	42.5
7235	17.5	35.0	42.5
7307	21.25	35.0	46.25
7379	23.75	33.75	37.5
7451	21.25	32.5	37.5
7523	30.0	35.0	40.0
7595	22.5	41.25	48.75
7667	21.25	47.5	48.75
7739	16.25	37.5	46.25
7811	20.0	35.0	37.5
7883	28.75	32.5	32.5
7955	35.0	38.75	28.75
8027	38.75	35.0	28.75
8099	41.25	40.0	23.75
8171	45.0	33.75	21.25
8243	40.0	42.5	17.5
8315	33.75	31.25	26.25
8387	33.75	36.25	23.75
8459	36.25	28.75	23.75
8531	38.75	36.25	20.0
8603	40.0	35.0	11.25
8675	37.5	33.75	10.0
8747	35.0	35.0	3.75
8819	37.5	32.5	7.5
8891	41.25	35.0	11.25
8963	41.25	33.75	11.25
9035	45.0	40.0	8.75
9107	43.75	42.5	3.75
9179	42.5	45.0	5.0
9251	43.75	42.5	11.25
9323	38.75	38.75	15.0
9395	38.75	40.0	12.5
9467	33.75	41.25	12.5
9539	40.0	37.5	8.75
9611	37.5	36.25	11.25
9683	40.0	38.75	12.5
9755	38.75	41.25	8.75
9827	36.25	43.75	6.25
9899	31.25	41.25	3.75
9971	27.5	42.5	2.5
10043	30.0	42.5	5.0
10115	36.25	43.75	5.0
10187	42.5	40.0	7.5
10259	40.0	41.25	7.5
10331	43.75	43.75	10.0
10403	42.5	47.5	8.75
10475	36.25	43.75	11.25
10547	33.75	40.0	8.75
10619	33.75	40.0	7.5
10691	30.0	42.5	8.75
10763	35.0	43.75	6.25
10835	33.75	40.0	7.5
10907	33.75	36.25	7.5
10979	36.25	40.0	6.25
11051	35.0	47.5	5.0
11123	35.0	45.0	6.25
11195	36.25	46.25	7.5
11267	36.25	42.5	6.25
11339	40.0	40.0	7.5
11411	37.5	36.25	10.0
11483	38.75	43.75	11.25
11555	36.25	43.75	11.25
11627	40.0	47.5	5.0
11699	42.5	41.25	8.75
11771	48.75	41.25	5.0
11843	45.0	36.25	11.25
11915	45.0	43.75	10.0
11987	42.5	42.5	17.5
12059	37.5	41.25	21.25
12131	37.5	41.25	21.25
12203	36.25	50.0	12.5
12275	40.0	55.0	10.0
12347	45.0	60.0	7.5
12419	38.75	43.75	10.0
12491	36.25	41.25	11.25
12563	30.0	38.75	11.25
12635	27.5	41.25	11.25
12707	26.25	41.25	10.0
12779	25.0	35.0	7.5
12851	32.5	31.25	2.5
12923	33.75	30.0	6.25
12995	30.0	28.75	8.75
13067	35.0	35.0	11.25
13139	37.5	38.75	12.5
13211	41.25	35.0	12.5
13283	38.75	36.25	12.5
13355	38.75	28.75	10.0
13427	32.5	30.0	11.25
13499	27.5	30.0	10.0
13571	26.25	26.25	8.75
13643	30.0	36.25	12.5
13715	31.25	41.25	13.75
13787	30.0	37.5	25.0
13859	28.75	31.25	28.75
13931	28.75	26.25	28.75
14003	30.0	21.25	30.0
14075	35.0	20.0	32.5
14147	35.0	18.75	30.0
14219	33.75	20.0	37.5
14291	32.5	25.0	31.25
14363	36.25	25.0	30.0
14435	37.5	23.75	25.0
14507	37.5	27.5	17.5
14579	38.75	25.0	21.25
14651	42.5	26.25	31.25
14723	46.25	21.25	33.75
14795	46.25	20.0	31.25
14867	40.0	32.5	28.75
14939	33.75	35.0	27.5
15011	17.5	43.75	40.0
15083	16.25	43.75	46.25
15155	15.0	37.5	45.0
15227	23.75	32.5	37.5
15299	31.25	33.75	32.5
15371	37.5	33.75	26.25
15443	47.5	33.75	25.0
15515	48.75	35.0	23.75
15587	51.25	30.0	23.75
15659	46.25	27.5	23.75
15731	36.25	26.25	22.5
15803	36.25	31.25	22.5
15875	28.75	45.0	21.25
15947	22.5	55.0	28.75
16019	23.75	56.25	37.5
16091	26.25	47.5	38.75
16163	26.25	51.25	41.25
16235	23.75	56.25	35.0
16307	17.5	58.75	30.0
16379	17.5	52.5	33.75
16451	20.0	47.5	32.5
16523	21.25	51.25	32.5
16595	26.25	51.25	30.0
16667	28.75	51.25	30.0
16739	35.0	45.0	30.0
16811	33.75	40.0	35.0
16883	30.0	40.0	37.5
16955	31.25	36.25	32.5
17027	33.75	33.75	31.25
17099	42.5	36.25	25.0
17171	45.0	35.0	28.75
17243	48.75	40.0	18.75
17315	55.0	41.25	16.25
17387	57.5	43.75	15.0
17459	57.5	42.5	18.75
17531	56.25	41.25	18.75
17603	50.0	43.75	22.5
17675	50.0	42.5	23.75
17747	43.75	40.0	30.0
17819	42.5	36.25	31.25
17891	38.75	32.5	36.25
17963	38.75	37.5	28.75
18035	37.5	40.0	30.0
18107	40.0	40.0	31.25
18179	45.0	42.5	27.5
18251	51.25	38.75	26.25
18323	51.25	38.75	25.0
18395	46.25	40.0	26.25
18467	43.75	42.5	31.25
18539	40.0	40.0	26.25
18611	31.25	43.75	26.25
18683	22.5	47.5	28.75
18755	13.75	52.5	33.75
18827	15.0	52.5	36.25
18899	17.5	52.5	27.5
18971	16.25	45.0	23.75
19043	17.5	45.0	20.0
19115	18.75	42.5	23.75
19187	22.5	47.5	26.25
19259	22.5	46.25	33.75
19331	28.75	42.5	32.5
19403	30.0	42.5	33.75
19475	32.5	38.75	33.75
19547	32.5	38.75	36.25
19619	36.25	32.5	32.5
19691	42.5	28.75	28.75
19763	41.25	31.25	25.0
19835	45.0	33.75	23.75
19907	47.5	35.0	23.75
19979	48.75	36.25	22.5
20051	48.75	36.25	17.5
20123	50.0	43.75	12.5
20195	53.75	42.5	8.75
20267	45.0	41.25	10.0
20339	37.5	33.75	26.25
20411	31.25	27.5	38.75
20483	23.75	16.25	50.0
20555	27.5	15.0	48.75
20627	36.25	17.5	45.0
20699	33.75	18.75	41.25
20771	33.75	25.0	35.0
20843	31.25	25.0	37.5
20915	33.75	23.75	36.25
20987	36.25	21.25	36.25
21059	30.0	21.25	36.25
21131	22.5	25.0	32.5
21203	16.25	26.25	35.0
21275	17.5	30.0	35.0
21347	27.5	28.75	40.0
21419	32.5	27.5	38.75
21491	43.75	21.25	35.0
21563	37.5	20.0	28.75
21635	38.75	18.75	33.75
21707	41.25	22.5	41.25
21779	43.75	25.0	46.25
21851	42.5	21.25	53.75
21923	38.75	21.25	53.75
21995	40.0	27.5	50.0
22067	45.0	22.5	47.5
22139	45.0	20.0	45.0
22211	45.0	18.75	50.0
22283	43.75	17.5	52.5
22355	38.75	27.5	52.5
22427	41.25	30.0	46.25
22499	37.5	31.25	53.75
22571	42.5	28.75	47.5
22643	42.5	22.5	42.5
22715	43.75	23.75	30.0
22787	40.0	26.25	21.25
22859	45.0	30.0	18.75
22931	46.25	30.0	17.5
23003	46.25	36.25	18.75
23075	47.5	37.5	21.25
23147	41.25	33.75	27.5
23219	36.25	37.5	28.75
23291	26.25	33.75	32.5
23363	25.0	37.5	30.0
23435	22.5	42.5	26.25
23507	15.0	41.25	26.25
23579	15.0	41.25	31.25
23651	17.5	38.75	32.5
23723	22.5	31.25	33.75
23795	28.75	32.5	28.75
23867	38.75	22.5	30.0
23939	36.25	31.25	33.75
24011	36.25	37.5	35.0
24083	25.0	41.25	35.0
24155	26.25	36.25	35.0
24227	23.75	38.75	31.25
24299	23.75	43.75	31.25
24371	18.75	53.75	31.25
24443	20.0	47.5	28.75
24515	23.75	42.5	25.0
24587	31.25	33.75	22.5
24659	37.5	33.75	22.5
24731	38.75	35.0	20.0
24803	42.5	30.0	17.5
24875	38.75	30.0	21.25
24947	32.5	23.75	26.25
25019	32.5	27.5	30.0
25091	33.75	31.25	31.25
25163	26.25	40.0	30.0
25235	23.75	46.25	32.5
25307	21.25	45.0	33.75
25379	16.25	48.75	35.0
25451	18.75	47.5	26.25
25523	16.25	47.5	31.25
25595	18.75	42.5	32.5
25667	17.5	42.5	33.75
25739	25.0	35.0	33.75
25811	31.25	35.0	28.75
25883	38.75	35.0	20.0
25955	38.75	33.75	17.5
26027	47.5	26.25	22.5
26099	45.0	23.75	25.0
26171	46.25	26.25	21.25
26243	37.5	26.25	15.0
26315	40.0	38.75	13.75
26387	37.5	38.75	15.0
26459	42.5	40.0	20.0
26531	47.5	40.0	18.75
26603	42.5	37.5	22.5
26675	42.5	33.75	21.25
26747	37.5	26.25	27.5
26819	43.75	27.5	25.0
26891	46.25	30.0	20.0
26963	52.5	33.75	12.5
27035	47.5	33.75	13.75
27107	46.25	41.25	13.75
27179	45.0	45.0	16.25
27251	46.25	46.25	16.25
27323	51.25	41.25	21.25
27395	50.0	35.0	22.5
27467	47.5	37.5	18.75
27539	42.5	40.0	20.0
27611	35.0	48.75	16.25
27683	40.0	51.25	20.0
27755	42.5	48.75	17.5
27827	45.0	50.0	17.5
27899	47.5	46.25	15.0
27971	40.0	45.0	10.0
28043	36.25	42.5	10.0
28115	37.5	38.75	6.25
28187	35.0	40.0	11.25
28259	38.75	40.0	13.75
28331	36.25	42.5	18.75
28403	43.75	45.0	15.0
28475	46.25	38.75	12.5
28547	41.25	38.75	15.0
28619	35.0	37.5	17.5
28691	30.0	33.75	20.0
28763	27.5	36.25	26.25
28835	28.75	35.0	26.25
28907	33.75	36.25	27.5
28979	42.5	35.0	18.75
29051	37.5	32.5	21.25
29123	32.5	36.25	18.75
29195	25.0	37.5	27.5
29267	28.75	27.5	30.0
29339	30.0	28.75	27.5
29411	38.75	27.5	25.0
29483	41.25	31.25	22.5
29555	42.5	31.25	18.75
29627	42.5	36.25	18.75
29699	37.5	38.75	23.75
29771	32.5	36.25	28.75
29843	30.0	27.5	30.0
29915	33.75	31.25	25.0
29987	41.25	45.0	18.75
30059	47.5	50.0	10.0
30131	57.5	52.5	11.25
30203	53.75	46.25	15.0
30275	48.75	42.5	20.0
30347	45.0	43.75	16.25
30419	42.5	43.75	16.25
30491	41.25	36.25	16.25
30563	45.0	35.0	15.0
30635	45.0	36.25	21.25
30707	48.75	45.0	17.5
30779	48.75	48.75	13.75
30851	48.75	48.75	10.0
30923	46.25	43.75	12.5
30995	50.0	47.5	11.25
31067	57.5	51.25	11.25
31139	63.75	42.5	11.25
31211	62.5	33.75	16.25
31283	52.5	31.25	18.75
31355	48.75	28.75	21.25
31427	51.25	37.5	13.75
31499	51.25	41.25	13.75
31571	46.25	51.25	11.25
31643	47.5	52.5	15.0
31715	48.75	52.5	13.75
31787	47.5	53.75	13.75
31859	47.5	46.25	17.5
31931	52.5	46.25	12.5
32003	51.25	38.75	18.75
32075	51.25	38.75	15.0
32147	46.25	41.25	15.0
32219	35.0	37.5	25.0
32291	33.75	41.25	33.75
32363	23.75	48.75	41.25
32435	21.25	51.25	46.25
32507	21.25	50.0	42.5
32579	18.75	45.0	41.25
32651	18.75	36.25	42.5
32723	20.0	41.25	41.25
32795	26.25	42.5	35.0
32867	26.25	51.25	37.5
32939	21.25	55.0	36.25
33011	18.75	50.0	43.75
33083	13.75	48.75	47.5
33155	12.5	51.25	47.5
33227	15.0	52.5	48.75
33299	15.0	51.25	53.75
33371	15.0	47.5	48.75
33443	17.5	46.25	37.5
33515	20.0	48.75	33.75
33587	20.0	48.75	31.25
33659	26.25	46.25	37.5
33731	26.25	41.25	42.5
33803	32.5	35.0	36.25
33875	32.5	28.75	47.5
33947	33.75	25.0	50.0
34019	32.5	18.75	52.5
34091	37.5	17.5	52.5
34163	38.75	15.0	48.75
34235	42.5	17.5	52.5
34307	37.5	20.0	53.75
34379	33.75	21.25	53.75
34451	35.0	17.5	51.25
34523	32.5	18.75	45.0
34595	42.5	11.25	46.25
34667	37.5	13.75	51.25
34739	41.25	16.25	52.5
34811	28.75	16.25	60.0
34883	28.75	21.25	61.25
34955	26.25	21.25	55.0
35027	30.0	21.25	51.25
35099	37.5	21.25	47.5
35171	38.75	17.5	51.25
35243	42.5	12.5	55.0
35315	36.25	16.25	55.0
35387	37.5	18.75	55.0
35459	47.5	20.0	50.0
35531	48.75	15.0	47.5
35603	48.75	15.0	47.5
35675	43.75	17.5	52.5
35747	35.0	23.75	52.5
35819	36.25	26.25	46.25
35891	31.25	22.5	46.25
35963	30.0	25.0	43.75
36035	30.0	22.5	47.5
36107	32.5	27.5	43.75
36179	40.0	23.75	46.25
36251	33.75	26.25	41.25
36323	30.0	26.25	46.25
36395	27.5	25.0	48.75
36467	33.75	22.5	48.75
36539	32.5	20.0	47.5
36611	35.0	22.5	43.75
36683	31.25	15.0	43.75
36755	35.0	17.5	41.25
36827	30.0	18.75	35.0
36899	25.0	23.75	35.0
36971	31.25	21.25	37.5
37043	35.0	22.5	45.0
37115	35.0	21.25	46.25
37187	37.5	17.5	52.5
37259	41.25	15.0	57.5
37331	46.25	12.5	57.5
37403	46.25	13.75	56.25
37475	37.5	16.25	52.5
37547	31.25	17.5	51.25
37619	32.5	13.75	52.5
37691	37.5	8.75	53.75
37763	40.0	13.75	50.0
37835	40.0	17.5	42.5
37907	37.5	21.25	46.25
37979	33.75	21.25	47.5
38051	40.0	15.0	55.0
38123	40.0	13.75	53.75
38195	46.25	18.75	48.75
38267	35.0	23.75	46.25
38339	37.5	26.25	43.75
38411	37.5	25.0	43.75
38483	42.5	23.75	45.0
38555	40.0	30.0	42.5
38627	42.5	25.0	40.0
38699	37.5	28.75	37.5
38771	41.25	18.75	40.0
38843	36.25	17.5	38.75
38915	33.75	15.0	43.75
38987	36.25	15.0	40.0
39059	38.75	12.5	46.25
39131	42.5	10.0	47.5
39203	45.0	8.75	50.0
39275	40.0	8.75	56.25
39347	37.5	8.75	53.75
39419	42.5	10.0	47.5
39491	36.25	15.0	51.25
39563	33.75	17.5	50.0
39635	32.5	18.75	51.25
39707	33.75	16.25	52.5
39779	36.25	18.75	48.75
39851	30.0	21.25	43.75
39923	31.25	16.25	38.75
39995	31.25	10.0	47.5
40067	31.25	10.0	51.25
40139	27.5	15.0	52.5
40211	33.75	17.5	46.25
40283	37.5	22.5	45.0
40355	37.5	23.75	42.5
40427	35.0	26.25	42.5
40499	35.0	30.0	42.5
40571	42.5	26.25	40.0
40643	46.25	20.0	38.75
40715	45.0	13.75	42.5
40787	52.5	12.5	38.75
40859	50.0	22.5	37.5
40931	47.5	25.0	38.75
41003	38.75	21.25	47.5
41075	41.25	17.5	50.0
41147	41.25	21.25	43.75
41219	43.75	21.25	36.25
41291	46.25	21.25	28.75
41363	46.25	21.25	33.75
41435	50.0	22.5	30.0
41507	41.25	26.25	27.5
41579	38.75	30.0	30.0
41651	37.5	27.5	30.0
41723	42.5	25.0	37.5
41795	40.0	23.75	35.0
41867	43.75	23.75	36.25
41939	42.5	25.0	40.0
42011	43.75	22.5	45.0
42083	43.75	25.0	40.0
42155	43.75	21.25	35.0
42227	37.5	26.25	33.75
42299	40.0	21.25	40.0
42371	36.25	25.0	43.75
42443	35.0	27.5	40.0
42515	43.75	28.75	33.75
42587	42.5	30.0	27.5
42659	42.5	28.75	33.75
42731	48.75	20.0	35.0
42803	47.5	20.0	37.5
42875	46.25	20.0	31.25
42947	42.5	20.0	36.25
43019	43.75	21.25	33.75
43091	47.5	21.25	35.0
43163	46.25	22.5	35.0
43235	46.25	18.75	36.25
43307	47.5	20.0	37.5
43379	52.5	16.25	38.75
43451	45.0	21.25	36.25
43523	48.75	20.0	41.25
43595	50.0	25.0	40.0
43667	46.25	27.5	37.5
43739	53.75	26.25	41.25
43811	47.5	23.75	36.25
43883	56.25	20.0	40.0
43955	55.0	12.5	38.75
44027	50.0	15.0	38.75
44099	41.25	22.5	33.75
44171	36.25	25.0	31.25
44243	41.25	25.0	28.75
44315	41.25	27.5	27.5
44387	43.75	25.0	35.0
44459	43.75	27.5	31.25
44531	37.5	26.25	33.75
44603	35.0	32.5	27.5
44675	28.75	36.25	26.25
44747	30.0	46.25	20.0
44819	35.0	46.25	21.25
44891	40.0	46.25	16.25
44963	37.5	45.0	15.0
45035	35.0	46.25	16.25
45107	31.25	47.5	12.5
45179	30.0	47.5	17.5
45251	31.25	50.0	15.0
45323	25.0	43.75	25.0
45395	30.0	45.0	28.75
45467	31.25	43.75	33.75
45539	30.0	43.75	31.25
45611	33.75	43.75	27.5
45683	36.25	42.5	33.75
45755	37.5	40.0	31.25
45827	32.5	35.0	30.0
45899	37.5	38.75	22.5
45971	41.25	48.75	16.25
46043	42.5	48.75	10.0
46115	37.5	46.25	15.0
46187	35.0	38.75	15.0
46259	31.25	40.0	20.0
46331	33.75	42.5	17.5
46403	27.5	45.0	20.0
46475	35.0	48.75	20.0
46547	33.75	50.0	17.5
46619	32.5	48.75	20.0
46691	23.75	48.75	25.0
46763	21.25	45.0	25.0
46835	31.25	43.75	21.25
46907	30.0	45.0	22.5
46979	33.75	48.75	20.0
47051	33.75	46.25	18.75
47123	31.25	46.25	20.0
47195	31.25	46.25	18.75
47267	37.5	48.75	18.75
47339	37.5	50.0	16.25
47411	35.0	45.0	20.0
47483	35.0	42.5	20.0
47555	33.75	43.75	18.75
47627	30.0	41.25	18.75
47699	33.75	43.75	17.5
47771	36.25	38.75	25.0
47843	37.5	42.5	20.0
47915	41.25	41.25	21.25
47987	36.25	46.25	16.25
48059	38.75	46.25	20.0
48131	38.75	48.75	17.5
48203	38.75	45.0	21.25
48275	32.5	37.5	25.0
48347	33.75	37.5	23.75
48419	31.25	36.25	27.5
48491	32.5	38.75	27.5
48563	35.0	40.0	23.75
48635	38.75	42.5	18.75
48707	41.25	45.0	22.5
48779	41.25	50.0	20.0
48851	32.5	48.75	23.75
48923	33.75	46.25	17.5
48995	36.25	41.25	18.75
49067	36.25	45.0	16.25
49139	32.5	48.75	16.25
49211	37.5	52.5	10.0
49283	33.75	48.75	18.75
49355	36.25	42.5	22.5
49427	27.5	42.5	25.0
49499	25.0	42.5	26.25
49571	26.25	42.5	26.25
49643	26.25	40.0	35.0
49715	28.75	40.0	35.0
49787	30.0	42.5	31.25
49859	28.75	42.5	25.0
49931	28.75	40.0	26.25
50003	25.0	41.25	28.75
50075	31.25	40.0	28.75
50147	32.5	42.5	25.0
50219	36.25	45.0	25.0
50291	35.0	47.5	22.5
50363	33.75	48.75	22.5
50435	33.75	42.5	27.5
50507	33.75	40.0	27.5
50579	32.5	40.0	25.0
50651	38.75	30.0	21.25
50723	38.75	32.5	22.5
50795	38.75	36.25	20.0
50867	37.5	43.75	23.75
50939	33.75	55.0	21.25
51011	36.25	57.5	23.75
51083	28.75	55.0	30.0
51155	31.25	46.25	26.25
51227	30.0	46.25	27.5
51299	33.75	51.25	18.75
51371	35.0	52.5	20.0
51443	35.0	47.5	25.0
51515	38.75	45.0	26.25
51587	40.0	45.0	26.25
51659	42.5	48.75	18.75
51731	36.25	37.5	20.0
51803	31.25	26.25	27.5
51875	28.75	22.5	30.0
51947	31.25	25.0	33.75
52019	33.75	32.5	36.25
52091	33.75	30.0	38.75
52163	36.25	31.25	37.5
52235	46.25	22.5	35.0
52307	52.5	22.5	31.25
52379	52.5	20.0	33.75
52451	47.5	22.5	33.75
52523	50.0	20.0	28.75
52595	47.5	18.75	27.5
52667	42.5	18.75	22.5
52739	41.25	21.25	26.25
52811	36.25	28.75	27.5
52883	40.0	41.25	27.5
52955	41.25	48.75	21.25
53027	43.75	48.75	25.0
53099	40.0	41.25	25.0
53171	37.5	33.75	27.5
53243	31.25	42.5	25.0
53315	30.0	40.0	36.25
53387	28.75	40.0	36.25
53459	26.25	33.75	36.25
53531	28.75	31.25	33.75
53603	35.0	32.5	33.75
53675	38.75	38.75	31.25
53747	38.75	43.75	26.25
53819	38.75	46.25	21.25
53891	38.75	45.0	27.5
53963	43.75	41.25	31.25
54035	35.0	45.0	27.5
54107	40.0	40.0	20.0
54179	40.0	28.75	20.0
54251	43.75	15.0	26.25
54323	38.75	18.75	32.5
54395	30.0	25.0	40.0
54467	23.75	31.25	45.0
54539	16.25	38.75	52.5
54611	20.0	36.25	46.25
54683	26.25	31.25	45.0
54755	36.25	21.25	42.5
54827	41.25	20.0	42.5
54899	37.5	18.75	45.0
54971	22.5	25.0	55.0
55043	20.0	31.25	52.5
55115	15.0	32.5	51.25
55187	22.5	31.25	42.5
55259	31.25	25.0	33.75
55331	41.25	23.75	22.5
55403	45.0	21.25	17.5
55475	43.75	30.0	13.75
55547	46.25	31.25	20.0
55619	41.25	35.0	30.0
55691	40.0	38.75	32.5
55763	37.5	38.75	32.5
55835	30.0	46.25	25.0
55907	31.25	42.5	23.75
55979	26.25	43.75	25.0
56051	23.75	45.0	23.75
56123	25.0	37.5	27.5
56195	23.75	31.25	35.0
56267	27.5	22.5	40.0
56339	21.25	20.0	37.5
56411	35.0	17.5	31.25
56483	42.5	22.5	33.75
56555	50.0	22.5	28.75
56627	38.75	26.25	40.0
56699	23.75	27.5	41.25
56771	18.75	31.25	48.75
56843	20.0	36.25	42.5
56915	23.75	37.5	38.75
56987	23.75	41.25	36.25
57059	28.75	36.25	37.5
57131	22.5	40.0	42.5
57203	18.75	40.0	48.75
57275	18.75	42.5	53.75
57347	21.25	38.75	50.0
57419	22.5	37.5	47.5
57491	18.75	40.0	45.0
57563	16.25	46.25	43.75
57635	13.75	45.0	45.0
57707	12.5	38.75	46.25
57779	11.25	36.25	43.75
57851	11.25	37.5	45.0
57923	16.25	40.0	37.5
57995	13.75	37.5	42.5
58067	13.75	35.0	43.75
58139	16.25	32.5	43.75
58211	17.5	32.5	42.5
58283	23.75	33.75	46.25
58355	25.0	35.0	47.5
58427	20.0	35.0	47.5
58499	16.25	30.0	45.0
58571	16.25	23.75	42.5
58643	21.25	18.75	42.5
58715	25.0	18.75	41.25
58787	20.0	18.75	46.25
58859	27.5	21.25	42.5
58931	26.25	26.25	43.75
59003	31.25	28.75	37.5
59075	36.25	25.0	41.25
59147	36.25	23.75	37.5
59219	40.0	18.75	41.25
59291	30.0	22.5	40.0
59363	27.5	28.75	37.5
59435	25.0	33.75	41.25
59507	26.25	35.0	37.5
59579	25.0	38.75	32.5
59651	30.0	36.25	33.75
59723	27.5	27.5	35.0
59795	21.25	28.75	38.75
59867	26.25	30.0	35.0
59939	25.0	40.0	37.5
60011	26.25	43.75	37.5
60083	22.5	42.5	42.5
60155	20.0	41.25	50.0
60227	18.75	43.75	48.75
60299	27.5	37.5	37.5
60371	32.5	38.75	27.5
60443	36.25	38.75	16.25
60515	38.75	38.75	16.25
60587	31.25	36.25	17.5
60659	31.25	33.75	20.0
60731	31.25	35.0	22.5
60803	32.5	37.5	25.0
60875	31.25	37.5	28.75
60947	33.75	38.75	30.0
61019	35.0	35.0	27.5
61091	36.25	28.75	28.75
61163	38.75	30.0	26.25
61235	41.25	25.0	30.0
61307	42.5	37.5	23.75
61379	42.5	37.5	20.0
61451	42.5	36.25	22.5
61523	31.25	32.5	26.25
61595	31.25	36.25	28.75
61667	26.25	46.25	25.0
61739	30.0	52.5	25.0
61811	31.25	55.0	27.5
61883	36.25	47.5	27.5
61955	40.0	47.5	31.25
62027	37.5	45.0	33.75
62099	37.5	41.25	36.25
62171	36.25	37.5	35.0
62243	43.75	36.25	30.0
62315	45.0	38.75	25.0
62387	45.0	42.5	25.0
62459	38.75	43.75	25.0
62531	30.0	48.75	27.5
62603	37.5	47.5	27.5
62675	31.25	52.5	28.75
62747	32.5	52.5	30.0
62819	27.5	46.25	30.0
62891	31.25	48.75	28.75
62963	40.0	46.25	28.75
63035	37.5	43.75	28.75
63107	33.75	45.0	25.0
63179	27.5	42.5	27.5
63251	30.0	45.0	27.5
63323	38.75	46.25	26.25
63395	43.75	46.25	26.25
63467	51.25	47.5	26.25
63539	50.0	45.0	30.0
63611	41.25	43.75	32.5
63683	38.75	38.75	27.5
63755	35.0	43.75	27.5
63827	41.25	33.75	25.0
63899	38.75	35.0	26.25
63971	38.75	26.25	28.75
64043	36.25	26.25	27.5
64115	37.5	28.75	26.25
64187	45.0	25.0	25.0
64259	45.0	25.0	23.75
64331	40.0	27.5	25.0
64403	36.25	28.75	22.5
64475	35.0	23.75	31.25
64547	38.75	15.0	35.0
64619	40.0	12.5	40.0
64691	46.25	8.75	40.0
64763	41.25	16.25	46.25
64835	37.5	27.5	38.75
64907	26.25	46.25	30.0
64979	25.0	51.25	27.5
65051	23.75	56.25	21.25
65123	28.75	41.25	28.75
65195	32.5	37.5	31.25
65267	30.0	25.0	37.5
65339	32.5	16.25	38.75
65411	30.0	23.75	36.25
65483	31.25	25.0	37.5
65555	33.75	31.25	36.25
65627	35.0	30.0	35.0
65699	41.25	27.5	27.5
65771	48.75	26.25	25.0
65843	45.0	31.25	21.25
65915	48.75	26.25	22.5
65987	46.25	26.25	23.75
66059	47.5	20.0	32.5
66131	38.75	23.75	28.75
66203	38.75	26.25	25.0
66275	36.25	32.5	17.5
66347	38.75	32.5	17.5
66419	35.0	35.0	18.75
66491	33.75	37.5	26.25
66563	33.75	41.25	27.5
66635	28.75	45.0	30.0
66707	31.25	45.0	27.5
66779	32.5	42.5	22.5
66851	36.25	30.0	23.75
66923	33.75	25.0	35.0
66995	31.25	17.5	37.5
67067	32.5	12.5	40.0
67139	41.25	12.5	36.25
67211	46.25	13.75	35.0
67283	47.5	11.25	43.75
67355	40.0	12.5	40.0
67427	45.0	13.75	37.5
67499	43.75	16.25	32.5
67571	42.5	18.75	35.0
67643	32.5	27.5	41.25
67715	31.25	27.5	41.25
67787	27.5	30.0	41.25
67859	22.5	31.25	50.0
67931	30.0	35.0	43.75
68003	27.5	37.5	46.25
68075	33.75	35.0	35.0
68147	30.0	30.0	32.5
68219	26.25	31.25	30.0
68291	22.5	36.25	35.0
68363	20.0	38.75	43.75
68435	20.0	35.0	52.5
68507	17.5	31.25	62.5
68579	16.25	27.5	57.5
68651	17.5	26.25	47.5
68723	16.25	40.0	35.0
68795	21.25	45.0	22.5
68867	27.5	57.5	16.25
68939	30.0	61.25	16.25
69011	32.5	62.5	13.75
69083	33.75	57.5	18.75
69155	38.75	53.75	16.25
69227	47.5	46.25	16.25
69299	40.0	50.0	20.0
69371	40.0	51.25	16.25
69443	35.0	51.25	18.75
69515	41.25	43.75	20.0
69587	41.25	47.5	17.5
69659	36.25	52.5	20.0
69731	35.0	50.0	17.5
69803	30.0	50.0	21.25
69875	32.5	37.5	25.0
69947	28.75	30.0	31.25
70019	21.25	32.5	38.75
70091	20.0	28.75	36.25
70163	21.25	33.75	37.5
70235	23.75	32.5	35.0
70307	23.75	27.5	30.0
70379	23.75	32.5	30.0
70451	20.0	32.5	41.25
70523	12.5	42.5	48.75
70595	12.5	45.0	46.25
70667	12.5	45.0	37.5
70739	17.5	41.25	37.5
70811	21.25	30.0	36.25
70883	25.0	27.5	41.25
70955	35.0	22.5	35.0
71027	37.5	25.0	35.0
71099	40.0	25.0	33.75
71171	45.0	26.25	30.0
71243	55.0	20.0	30.0
71315	61.25	17.5	32.5
71387	58.75	15.0	37.5
71459	53.75	17.5	46.25
71531	51.25	18.75	46.25
71603	45.0	22.5	46.25
71675	47.5	25.0	46.25
71747	43.75	27.5	48.75
71819	43.75	26.25	46.25
71891	31.25	27.5	40.0
71963	25.0	25.0	37.5
72035	21.25	25.0	42.5
72107	20.0	30.0	45.0
72179	16.25	40.0	41.25
72251	23.75	40.0	41.25
72323	31.25	42.5	38.75
72395	28.75	36.25	36.25
72467	27.5	33.75	35.0
72539	21.25	33.75	35.0
72611	31.25	36.25	35.0
72683	37.5	38.75	38.75
72755	33.75	41.25	37.5
72827	30.0	37.5	36.25
72899	26.25	38.75	31.25
72971	20.0	41.25	38.75
73043	17.5	43.75	43.75
73115	21.25	43.75	47.5
73187	27.5	31.25	46.25
73259	33.75	27.5	46.25
73331	31.25	27.5	45.0
73403	30.0	31.25	46.25
73475	25.0	35.0	48.75
73547	32.5	35.0	42.5
73619	28.75	37.5	47.5
73691	35.0	30.0	48.75
73763	26.25	32.5	56.25
73835	27.5	30.0	52.5
73907	25.0	32.5	50.0
73979	25.0	36.25	53.75
74051	23.75	38.75	58.75
74123	18.75	40.0	63.75
74195	22.5	37.5	55.0
74267	20.0	33.75	40.0
74339	21.25	32.5	33.75
74411	20.0	36.25	23.75
74483	23.75	36.25	20.0
74555	20.0	41.25	20.0
74627	28.75	37.5	23.75
74699	38.75	31.25	25.0
74771	45.0	26.25	28.75
74843	46.25	28.75	28.75
74915	45.0	28.75	33.75
74987	41.25	32.5	30.0
75059	43.75	31.25	33.75
75131	42.5	27.5	32.5
75203	45.0	26.25	31.25
75275	42.5	22.5	38.75
75347	40.0	21.25	38.75
75419	38.75	22.5	35.0
75491	37.5	35.0	25.0
75563	37.5	43.75	22.5
75635	28.75	47.5	21.25
75707	33.75	45.0	20.0
75779	30.0	38.75	23.75
75851	33.75	41.25	20.0
75923	27.5	42.5	22.5
75995	31.25	46.25	17.5
76067	35.0	45.0	22.5
76139	31.25	45.0	28.75
76211	33.75	41.25	33.75
76283	25.0	43.75	30.0
76355	33.75	40.0	23.75
76427	36.25	45.0	18.75
76499	40.0	45.0	27.5
76571	40.0	45.0	27.5
76643	30.0	41.25	33.75
76715	26.25	35.0	32.5
76787	20.0	28.75	33.75
76859	18.75	30.0	38.75
76931	17.5	30.0	37.5
77003	21.25	37.5	36.25
77075	21.25	41.25	32.5
77147	23.75	31.25	36.25
77219	27.5	30.0	40.0
77291	25.0	30.0	36.25
77363	23.75	30.0	23.75
77435	22.5	28.75	21.25
77507	28.75	17.5	28.75
77579	32.5	10.0	31.25
77651	40.0	22.5	30.0
77723	36.25	30.0	26.25
77795	30.0	40.0	23.75
77867	28.75	37.5	27.5
77939	25.0	38.75	32.5
78011	26.25	41.25	33.75
78083	30.0	47.5	27.5
78155	28.75	50.0	20.0
78227	36.25	41.25	16.25
78299	43.75	36.25	18.75
78371	41.25	28.75	23.75
78443	37.5	31.25	23.75
78515	35.0	31.25	28.75
78587	36.25	31.25	23.75
78659	33.75	31.25	23.75
78731	35.0	28.75	30.0
78803	30.0	27.5	35.0
78875	28.75	30.0	33.75
78947	35.0	25.0	35.0
79019	37.5	26.25	31.25
79091	43.75	25.0	30.0
79163	36.25	33.75	27.5
79235	32.5	32.5	25.0
79307	35.0	30.0	28.75
79379	33.75	30.0	28.75
79451	30.0	23.75	35.0
79523	30.0	20.0	33.75
79595	31.25	21.25	32.5
79667	35.0	22.5	37.5
79739	32.5	22.5	42.5
79811	25.0	22.5	48.75
79883	25.0	27.5	40.0
79955	26.25	33.75	36.25
80027	30.0	40.0	32.5
80099	28.75	52.5	30.0
80171	31.25	53.75	25.0
80243	36.25	56.25	18.75
80315	35.0	53.75	23.75
80387	35.0	47.5	27.5
80459	30.0	41.25	33.75
80531	27.5	40.0	30.0
80603	26.25	41.25	31.25
80675	25.0	38.75	27.5
80747	21.25	45.0	27.5
80819	21.25	45.0	25.0
80891	27.5	48.75	26.25
80963	32.5	46.25	28.75
81035	33.75	40.0	33.75
81107	33.75	42.5	31.25
81179	31.25	41.25	30.0
81251	28.75	36.25	31.25
81323	35.0	35.0	25.0
81395	32.5	43.75	21.25
81467	37.5	57.5	21.25
81539	36.25	60.0	23.75
81611	35.0	55.0	23.75
81683	41.25	52.5	21.25
81755	43.75	50.0	20.0
81827	42.5	53.75	25.0
81899	41.25	50.0	28.75
81971	43.75	41.25	33.75
82043	41.25	42.5	28.75
82115	43.75	43.75	26.25
82187	35.0	50.0	30.0
82259	27.5	53.75	30.0
82331	32.5	50.0	30.0
82403	30.0	41.25	30.0
82475	36.25	36.25	26.25
82547	38.75	28.75	25.0
82619	43.75	23.75	27.5
82691	51.25	22.5	30.0
82763	46.25	27.5	31.25
82835	42.5	30.0	33.75
82907	45.0	25.0	33.75
82979	47.5	23.75	30.0
83051	50.0	23.75	37.5
83123	42.5	23.75	43.75
83195	35.0	26.25	41.25
83267	31.25	23.75	35.0
83339	28.75	25.0	23.75
83411	27.5	23.75	25.0
83483	25.0	25.0	25.0
83555	25.0	27.5	32.5
83627	23.75	23.75	38.75
83699	25.0	23.75	38.75
83771	21.25	35.0	43.75
83843	21.25	40.0	45.0
83915	21.25	43.75	43.75
83987	30.0	40.0	37.5
84059	33.75	33.75	31.25
84131	38.75	31.25	33.75
84203	33.75	25.0	37.5
84275	40.0	30.0	37.5
84347	40.0	30.0	35.0
84419	42.5	27.5	32.5
84491	38.75	22.5	31.25
84563	38.75	27.5	33.75
84635	42.5	25.0	36.25
84707	47.5	23.75	45.0
84779	46.25	23.75	45.0
84851	38.75	25.0	36.25
84923	35.0	35.0	31.25
84995	31.25	37.5	26.25
85067	37.5	36.25	25.0
85139	37.5	25.0	30.0
85211	33.75	22.5	33.75
85283	28.75	33.75	35.0
85355	32.5	38.75	33.75
85427	35.0	40.0	28.75
85499	30.0	40.0	27.5
85571	31.25	37.5	32.5
85643	28.75	47.5	27.5
85715	31.25	46.25	30.0
85787	33.75	47.5	26.25
85859	37.5	45.0	22.5
85931	35.0	38.75	22.5
86003	36.25	40.0	18.75
86075	35.0	33.75	23.75
86147	38.75	28.75	32.5
86219	41.25	23.75	32.5
86291	37.5	23.75	32.5
86363	31.25	27.5	28.75
86435	27.5	28.75	33.75
86507	25.0	30.0	38.75
86579	30.0	25.0	37.5
86651	26.25	30.0	37.5
86723	27.5	28.75	32.5
86795	32.5	28.75	27.5
86867	37.5	27.5	28.75
86939	46.25	23.75	25.0
87011	47.5	20.0	31.25
87083	38.75	20.0	27.5
87155	38.75	20.0	27.5
87227	38.75	23.75	28.75
87299	40.0	26.25	27.5
87371	33.75	36.25	30.0
87443	36.25	41.25	21.25
87515	30.0	37.5	25.0
87587	30.0	35.0	36.25
87659	27.5	23.75	43.75
87731	22.5	28.75	52.5
87803	26.25	27.5	48.75
87875	27.5	28.75	45.0
87947	36.25	28.75	37.5
88019	31.25	28.75	40.0
88091	36.25	31.25	36.25
88163	37.5	31.25	37.5
88235	41.25	35.0	30.0
88307	48.75	28.75	31.25
88379	50.0	27.5	32.5
88451	51.25	23.75	38.75
88523	43.75	27.5	37.5
88595	40.0	30.0	35.0
88667	33.75	21.25	27.5
88739	23.75	21.25	30.0
88811	21.25	22.5	30.0
88883	22.5	28.75	38.75
88955	20.0	30.0	42.5
89027	22.5	31.25	41.25
89099	25.0	30.0	46.25
89171	26.25	32.5	45.0
89243	30.0	30.0	38.75
89315	32.5	25.0	37.5
89387	41.25	23.75	30.0
89459	48.75	18.75	33.75
89531	45.0	21.25	40.0
89603	42.5	21.25	35.0
89675	36.25	20.0	31.25
89747	30.0	22.5	28.75
89819	21.25	26.25	25.0
89891	18.75	28.75	26.25
89963	22.5	31.25	23.75
90035	28.75	26.25	26.25
90107	33.75	27.5	27.5
90179	31.25	25.0	36.25
90251	23.75	26.25	40.0
90323	27.5	31.25	35.0
90395	27.5	31.25	32.5
90467	38.75	36.25	32.5
90539	40.0	33.75	32.5
90611	38.75	32.5	25.0
90683	43.75	27.5	27.5
90755	42.5	26.25	28.75
90827	37.5	25.0	31.25
90899	36.25	25.0	27.5
90971	31.25	27.5	30.0
91043	28.75	26.25	27.5
91115	27.5	30.0	31.25
91187	30.0	28.75	28.75
91259	33.75	26.25	36.25
91331	36.25	21.25	35.0
91403	32.5	23.75	45.0
91475	32.5	28.75	42.5
91547	25.0	36.25	46.25
91619	25.0	38.75	37.5
91691	30.0	36.25	36.25
91763	32.5	38.75	33.75
91835	28.75	30.0	35.0
91907	28.75	36.25	35.0
91979	22.5	30.0	31.25
92051	26.25	27.5	27.5
92123	23.75	25.0	25.0
92195	26.25	27.5	23.75
92267	25.0	25.0	25.0
92339	26.25	26.25	32.5
92411	31.25	23.75	31.25
92483	31.25	28.75	38.75
92555	42.5	40.0	35.0
92627	43.75	48.75	28.75
92699	43.75	43.75	25.0
92771	38.75	37.5	25.0
92843	36.25	30.0	27.5
92915	42.5	23.75	30.0
92987	40.0	20.0	28.75
93059	38.75	20.0	30.0
93131	31.25	25.0	33.75
93203	31.25	30.0	27.5
93275	35.0	33.75	27.5
93347	32.5	36.25	26.25
93419	22.5	28.75	26.25
93491	22.5	36.25	30.0
93563	21.25	26.25	28.75
93635	28.75	33.75	31.25
93707	32.5	30.0	25.0
93779	27.5	31.25	27.5
93851	25.0	27.5	31.25
93923	23.75	25.0	36.25
93995	26.25	28.75	30.0
94067	25.0	32.5	27.5
94139	22.5	42.5	21.25
94211	21.25	47.5	17.5
94283	22.5	48.75	22.5
94355	23.75	41.25	26.25
94427	21.25	42.5	30.0
94499	23.75	35.0	31.25
94571	33.75	35.0	27.5
94643	32.5	35.0	23.75
94715	35.0	33.75	25.0
94787	31.25	37.5	25.0
94859	36.25	32.5	22.5
94931	33.75	33.75	26.25
95003	33.75	33.75	25.0
95075	31.25	47.5	32.5
95147	27.5	43.75	30.0
95219	23.75	42.5	30.0
95291	20.0	30.0	28.75
95363	22.5	36.25	28.75
95435	20.0	38.75	38.75
95507	23.75	40.0	38.75
95579	23.75	37.5	38.75
95651	31.25	28.75	32.5
95723	32.5	32.5	27.5
95795	40.0	31.25	33.75
95867	38.75	35.0	40.0
95939	38.75	26.25	46.25
96011	28.75	25.0	48.75
96083	22.5	21.25	46.25
96155	28.75	22.5	36.25
96227	32.5	32.5	27.5
96299	35.0	41.25	23.75
96371	31.25	47.5	27.5
96443	28.75	43.75	38.75
96515	32.5	37.5	35.0
96587	36.25	37.5	36.25
96659	33.75	38.75	27.5
96731	31.25	38.75	23.75
96803	23.75	45.0	30.0
96875	27.5	38.75	31.25
96947	25.0	35.0	37.5
97019	23.75	26.25	42.5
97091	25.0	23.75	41.25
97163	27.5	15.0	40.0
97235	27.5	25.0	33.75
97307	30.0	30.0	32.5
97379	31.25	36.25	32.5
97451	27.5	40.0	35.0
97523	23.75	28.75	40.0
97595	21.25	36.25	43.75
97667	20.0	27.5	48.75
97739	23.75	28.75	45.0
97811	28.75	28.75	33.75
97883	37.5	32.5	25.0
97955	48.75	32.5	18.75
98027	52.5	25.0	20.0
98099	51.25	22.5	23.75
98171	46.25	21.25	21.25
98243	40.0	31.25	22.5
98315	28.75	36.25	26.25
98387	20.0	41.25	32.5
98459	20.0	42.5	35.0
98531	20.0	40.0	33.75
98603	23.75	42.5	35.0
98675	31.25	41.25	31.25
98747	33.75	38.75	32.5
98819	35.0	36.25	30.0
98891	35.0	30.0	30.0
98963	33.75	27.5	26.25
99035	37.5	26.25	23.75
99107	36.25	28.75	30.0
99179	32.5	31.25	31.25
99251	28.75	25.0	35.0