# BASE VAL1 VAL2
# color 0:255:0 0:0:255 100:100:100
17	40.3125	34.0625	26.25
53	40.9375	35.3125	24.375
89	41.25	37.8125	23.75
125	42.1875	38.4375	23.125
161	42.1875	39.375	22.8125
197	41.5625	40.9375	23.125
233	41.875	43.125	22.5
269	41.875	41.875	22.8125
305	40.9375	41.875	23.75
341	40.625	43.125	23.4375
377	40.3125	42.5	23.4375
413	40.9375	41.875	23.4375
449	41.25	41.25	23.125
485	41.5625	40.625	22.8125
521	41.875	41.25	23.125
557	41.5625	41.5625	23.125
593	42.5	40.0	23.125
629	42.5	40.0	22.1875
665	42.5	40.3125	21.875
701	42.5	39.375	22.5
737	42.8125	38.125	23.4375
773	42.5	39.375	23.125
809	43.4375	39.375	23.125
845	43.125	39.0625	22.8125
881	43.75	39.6875	22.5
917	45.3125	38.4375	21.5625
953	44.6875	38.125	20.3125
989	44.0625	37.5	20.625
1025	43.4375	36.875	21.5625
1061	43.75	35.9375	22.1875
1097	43.4375	35.3125	21.875
1133	42.8125	35.0	22.5
1169	43.125	33.75	22.1875
1205	43.125	34.0625	22.1875
1241	43.4375	34.0625	21.5625
1277	43.4375	35.0	21.875
1313	43.125	34.0625	22.5
1349	42.8125	34.0625	23.75
1385	43.75	34.0625	23.4375
1421	43.4375	32.8125	24.0625
1457	41.5625	33.125	25.3125
1493	41.5625	32.1875	24.375
1529	40.625	31.875	25.0
1565	40.0	31.5625	25.9375
1601	40.3125	31.5625	26.5625
1637	39.0625	31.875	27.8125
1673	37.5	32.1875	28.125
1709	38.125	31.25	28.4375
1745	37.1875	30.3125	29.375
1781	37.5	29.0625	30.0
1817	38.125	29.6875	29.6875
1853	37.8125	28.75	29.6875
1889	38.125	29.375	29.6875
1925	38.125	29.6875	29.375
1961	39.375	28.75	30.0
1997	39.375	29.375	29.0625
2033	39.375	28.125	30.0
2069	40.3125	27.8125	30.625
2105	41.25	26.5625	30.9375
2141	40.0	26.5625	31.5625
2177	41.875	25.9375	30.625
2213	42.5	25.9375	30.0
2249	42.8125	25.625	30.0
2285	43.75	25.9375	28.75
2321	43.4375	26.5625	28.75
2357	43.75	26.25	29.0625
2393	45.625	26.875	28.125
2429	46.5625	26.25	27.1875
2465	46.875	27.1875	27.1875
2501	47.1875	27.1875	27.1875
2537	48.75	27.8125	26.25
2573	48.4375	27.8125	24.6875
2609	48.75	26.875	23.75
2645	50.3125	26.875	23.75
2681	50.625	27.5	23.125
2717	50.0	28.75	23.125
2753	49.375	29.0625	22.5
2789	49.0625	29.375	22.5
2825	48.125	29.375	22.5
2861	47.5	29.6875	22.8125
2897	47.8125	29.6875	21.875
2933	46.875	30.625	22.1875
2969	46.5625	31.25	22.5
3005	46.5625	31.5625	22.5
3041	46.5625	31.25	22.1875
3077	47.5	33.4375	21.875
3113	46.25	33.75	21.5625
3149	45.9375	32.8125	22.1875
3185	46.25	32.8125	23.75
3221	45.3125	33.125	22.8125
3257	46.5625	33.4375	21.875
3293	45.625	33.75	21.875
3329	46.25	33.75	21.5625
3365	45.9375	34.6875	21.25
3401	45.0	35.0	21.875
3437	45.625	34.6875	21.5625
3473	45.625	33.75	21.875
3509	45.0	33.4375	22.5
3545	45.625	34.375	22.5
3581	44.6875	35.0	22.8125
3617	44.6875	35.0	23.75
3653	46.25	34.375	23.125
3689	47.1875	33.75	22.8125
3725	47.8125	33.4375	24.0625
3761	48.4375	32.5	23.75
3797	49.375	32.5	24.0625
3833	50.625	32.5	23.125
3869	51.25	32.5	23.75
3905	50.9375	31.25	24.0625
3941	49.375	30.625	23.75
3977	48.4375	30.9375	23.75
4013	47.5	30.9375	24.6875
4049	46.5625	30.0	26.25
4085	45.625	30.625	27.5
4121	44.375	32.1875	26.875
4157	43.4375	32.8125	28.125
4193	42.1875	32.8125	30.3125
4229	40.625	33.125	32.1875
4265	39.0625	34.6875	32.5
4301	38.4375	35.3125	32.8125
4337	38.75	35.3125	31.875
4373	38.4375	35.0	32.1875
4409	35.625	35.3125	34.6875
4445	34.0625	37.1875	34.6875
4481	32.5	37.1875	35.9375
4517	33.125	36.875	35.625
4553	33.125	35.9375	35.625
4589	31.25	37.1875	36.5625
4625	28.75	38.4375	36.25
4661	27.5	40.0	36.25
4697	26.875	40.0	36.875
4733	25.9375	40.3125	37.1875
4769	24.375	41.875	37.5
4805	23.4375	42.5	38.125
4841	22.8125	43.4375	37.8125
4877	22.1875	44.0625	37.8125
4913	22.8125	44.6875	39.0625
4949	23.4375	44.375	38.125
4985	22.5	45.625	37.1875
5021	21.5625	45.9375	36.25
5057	21.5625	44.6875	36.875
5093	21.875	44.375	36.25
5129	21.5625	42.8125	34.6875
5165	21.875	42.1875	34.375
5201	21.5625	41.875	33.125
5237	20.9375	41.25	33.75
5273	20.625	41.5625	34.375
5309	19.6875	42.5	35.625
5345	20.3125	41.5625	35.0
5381	20.625	41.25	33.125
5417	20.3125	39.6875	33.75
5453	19.375	40.3125	33.75
5489	18.75	41.5625	34.375
5525	18.75	41.5625	35.0
5561	20.0	41.875	34.0625
5597	19.0625	41.25	34.6875
5633	17.8125	41.25	35.3125
5669	17.1875	41.5625	35.625
5705	17.1875	40.9375	36.875
5741	17.5	40.3125	36.875
5777	16.5625	40.3125	38.125
5813	17.1875	39.6875	38.125
5849	16.875	39.6875	37.1875
5885	16.25	40.625	37.1875
5921	15.625	40.0	38.125
5957	15.625	39.6875	38.125
5993	16.25	39.0625	38.125
6029	15.9375	40.3125	37.8125
6065	15.3125	40.9375	39.0625
6101	15.0	42.1875	39.6875
6137	15.3125	41.5625	38.75
6173	15.3125	40.9375	39.6875
6209	14.6875	41.25	40.0
6245	14.6875	40.3125	39.6875
6281	14.0625	40.625	40.3125
6317	14.6875	40.3125	41.25
6353	14.0625	41.5625	41.875
6389	14.6875	40.9375	42.5
6425	15.9375	39.6875	41.875
6461	15.9375	38.125	42.5
6497	15.625	37.8125	41.25
6533	15.3125	37.8125	42.1875
6569	16.25	37.1875	42.8125
6605	16.875	36.25	41.5625
6641	18.4375	36.25	40.0
6677	18.4375	35.0	39.375
6713	17.8125	36.25	40.625
6749	18.125	36.25	39.0625
6785	19.0625	37.1875	40.625
6821	18.75	36.5625	41.5625
6857	18.125	37.8125	43.125
6893	18.125	37.5	43.125
6929	18.125	38.125	43.125
6965	17.8125	37.1875	43.125
7001	18.4375	35.3125	42.5
7037	18.75	35.9375	41.5625
7073	19.6875	35.625	41.5625
7109	20.9375	35.3125	40.9375
7145	22.5	36.25	40.625
7181	23.75	36.5625	40.625
7217	24.0625	36.5625	39.375
7253	25.3125	35.3125	38.125
7289	25.9375	35.625	38.75
7325	27.8125	35.9375	36.25
7361	28.125	36.5625	36.25
7397	29.0625	36.5625	35.0
7433	30.0	36.25	34.0625
7469	30.9375	37.5	34.0625
7505	30.625	37.5	32.5
7541	30.3125	36.5625	32.5
7577	30.3125	36.5625	33.4375
7613	30.625	37.5	32.8125
7649	31.875	38.125	31.875
7685	32.8125	36.875	30.3125
7721	32.8125	36.875	29.6875
7757	33.4375	35.9375	28.125
7793	33.75	36.25	26.5625
7829	34.6875	35.625	25.0
7865	35.625	34.6875	23.125
7901	36.5625	35.3125	21.25
7937	37.8125	35.625	20.625
7973	37.8125	35.625	19.6875
8009	38.4375	35.3125	18.4375
8045	38.125	35.9375	18.4375
8081	37.8125	35.3125	17.5
8117	37.8125	35.625	17.5
8153	39.375	34.6875	16.25
8189	39.6875	34.375	15.9375
8225	39.0625	35.625	14.6875
8261	40.0	35.625	13.75
8297	39.0625	35.3125	14.0625
8333	39.6875	35.9375	13.125
8369	39.0625	36.5625	12.1875
8405	38.125	35.9375	12.5
8441	39.0625	36.25	12.1875
8477	40.9375	36.5625	11.875
8513	41.25	37.1875	11.25
8549	40.625	36.875	10.625
8585	40.625	36.875	10.3125
8621	40.3125	36.5625	10.3125
8657	40.0	37.5	10.0
8693	39.6875	37.8125	9.375
8729	39.6875	38.75	9.0625
8765	40.0	37.5	9.375
8801	40.625	38.125	9.375
8837	40.9375	37.8125	10.0
8873	40.0	37.8125	10.625
8909	40.0	38.4375	10.625
8945	40.625	38.4375	10.625
8981	40.3125	38.4375	10.625
9017	40.3125	39.6875	10.0
9053	40.3125	40.3125	9.375
9089	39.0625	40.3125	8.75
9125	38.75	40.0	9.0625
9161	38.125	39.6875	8.4375
9197	37.5	40.3125	8.4375
9233	35.9375	39.6875	8.75
9269	36.875	39.6875	8.4375
9305	36.25	41.25	9.0625
9341	36.25	40.0	9.0625
9377	36.5625	40.0	8.4375
9413	36.5625	38.4375	9.0625
9449	36.25	39.0625	8.4375
9485	37.1875	39.375	7.8125
9521	37.1875	40.625	7.1875
9557	36.875	40.9375	7.5
9593	37.8125	41.5625	7.8125
9629	37.5	40.9375	7.8125
9665	38.125	41.875	8.125
9701	37.8125	41.25	7.8125
9737	36.875	41.5625	7.8125
9773	36.25	41.25	7.5
9809	36.5625	42.1875	7.5
9845	36.5625	41.875	7.1875
9881	35.9375	42.1875	6.875
9917	35.9375	42.8125	6.875
9953	35.3125	43.125	7.5
9989	35.625	41.5625	7.5
10025	35.9375	40.9375	7.5
10061	36.25	40.9375	7.5
10097	36.875	42.1875	7.8125
10133	36.25	42.1875	8.125
10169	36.5625	41.5625	8.125
10205	37.5	41.25	8.125
10241	36.5625	40.9375	8.125
10277	37.1875	41.5625	7.8125
10313	36.25	42.1875	7.5
10349	35.9375	42.5	8.75
10385	35.0	42.5	7.8125
10421	35.625	43.4375	8.125
10457	35.3125	42.1875	7.8125
10493	35.0	41.5625	7.5
10529	35.0	41.5625	6.875
10565	34.6875	41.875	6.875
10601	35.0	41.5625	7.8125
10637	35.3125	40.9375	8.125
10673	35.625	40.9375	7.8125
10709	35.9375	41.875	7.5
10745	35.625	43.4375	7.5
10781	35.625	43.125	8.125
10817	35.3125	42.8125	7.8125
10853	36.25	44.0625	7.5
10889	37.5	42.8125	7.5
10925	38.4375	42.1875	7.1875
10961	37.8125	42.1875	7.8125
10997	37.5	42.5	7.5
11033	39.6875	43.125	7.5
11069	39.375	42.8125	7.8125
11105	40.0	43.4375	8.125
11141	39.6875	44.0625	8.125
11177	40.3125	43.75	8.75
11213	40.0	43.125	10.3125
11249	40.3125	42.5	10.625
11285	40.9375	42.1875	11.25
11321	40.3125	41.25	11.25
11357	39.6875	41.25	11.5625
11393	40.0	41.875	11.5625
11429	41.25	44.0625	11.5625
11465	40.9375	44.375	11.875
11501	40.9375	44.375	11.875
11537	40.9375	45.0	12.5
11573	40.625	46.25	11.25
11609	41.25	46.5625	10.625
11645	40.625	45.9375	11.5625
11681	41.25	44.6875	11.5625
11717	40.9375	44.6875	10.9375
11753	40.9375	44.6875	11.5625
11789	40.3125	44.6875	11.875
11825	38.75	43.75	12.5
11861	37.5	44.6875	12.8125
11897	37.1875	45.0	12.5
11933	36.875	45.625	12.1875
11969	36.25	44.6875	12.1875
12005	34.6875	44.6875	12.1875
12041	35.0	44.0625	11.5625
12077	34.375	42.1875	10.9375
12113	34.375	41.875	10.9375
12149	33.4375	42.8125	10.625
12185	33.4375	41.5625	9.6875
12221	32.1875	42.1875	9.375
12257	33.125	41.25	8.75
12293	34.375	42.1875	8.75
12329	34.375	41.5625	8.75
12365	33.125	40.9375	9.375
12401	33.125	39.375	10.0
12437	33.75	38.125	9.6875
12473	32.8125	37.5	10.3125
12509	33.4375	35.9375	9.6875
12545	32.8125	35.625	10.0
12581	32.1875	35.625	10.0
12617	33.125	35.625	10.0
12653	31.875	34.6875	10.3125
12689	32.1875	34.6875	10.3125
12725	32.1875	33.4375	10.3125
12761	31.5625	32.8125	10.0
12797	32.5	33.125	9.375
12833	32.5	32.5	9.375
12869	32.8125	33.125	9.6875
12905	33.125	32.8125	10.625
12941	33.125	33.4375	10.9375
12977	32.8125	33.75	11.5625
13013	32.8125	34.6875	13.125
13049	32.1875	34.0625	14.6875
13085	32.1875	33.125	15.3125
13121	32.8125	33.125	15.3125
13157	32.1875	33.125	16.25
13193	33.125	32.5	16.25
13229	32.5	32.5	16.875
13265	31.5625	31.25	18.4375
13301	31.5625	30.0	20.0
13337	32.5	28.4375	19.6875
13373	31.5625	28.125	20.3125
13409	31.25	28.4375	20.9375
13445	30.9375	28.75	21.5625
13481	30.3125	28.4375	23.4375
13517	30.9375	27.5	24.0625
13553	30.0	27.1875	24.6875
13589	30.9375	27.8125	25.0
13625	32.5	28.125	25.625
13661	31.875	26.875	25.3125
13697	32.8125	27.1875	25.9375
13733	32.8125	27.5	26.25
13769	33.4375	27.5	26.25
13805	34.375	26.5625	27.1875
13841	33.75	25.625	28.4375
13877	35.625	24.6875	28.4375
13913	35.3125	23.125	29.6875
13949	35.9375	23.125	30.3125
13985	36.875	23.125	29.375
14021	39.0625	23.4375	28.4375
14057	38.4375	22.8125	28.75
14093	37.8125	23.75	28.75
14129	37.8125	25.0	29.0625
14165	36.875	25.9375	29.6875
14201	36.875	26.5625	29.6875
14237	35.9375	27.8125	30.3125
14273	35.625	28.75	30.3125
14309	34.0625	29.375	31.25
14345	33.125	30.625	32.1875
14381	32.1875	30.625	33.125
14417	32.1875	30.9375	32.1875
14453	32.5	31.25	31.875
14489	32.8125	30.625	31.5625
14525	33.4375	31.25	30.9375
14561	33.4375	31.5625	31.875
14597	32.1875	32.5	32.8125
14633	32.5	33.75	33.125
14669	33.4375	33.75	32.8125
14705	35.0	32.5	32.8125
14741	35.625	32.8125	33.125
14777	35.3125	33.75	32.5
14813	34.6875	33.75	32.1875
14849	35.3125	34.0625	31.5625
14885	34.6875	33.75	30.9375
14921	34.6875	33.75	30.625
14957	33.75	34.0625	30.3125
14993	32.1875	34.6875	30.9375
15029	33.125	35.0	30.625
15065	33.75	34.375	30.3125
15101	33.75	35.3125	29.6875
15137	33.4375	35.9375	29.375
15173	33.4375	36.875	29.375
15209	33.75	37.1875	28.75
15245	33.75	37.1875	28.4375
15281	34.6875	37.1875	28.75
15317	35.9375	37.1875	28.4375
15353	36.5625	37.5	28.125
15389	35.9375	39.0625	29.0625
15425	35.3125	40.625	29.0625
15461	33.75	42.8125	29.0625
15497	33.125	43.125	29.0625
15533	31.875	42.8125	29.375
15569	31.5625	44.0625	29.0625
15605	30.9375	43.75	29.375
15641	29.375	44.375	30.9375
15677	27.1875	46.25	31.875
15713	25.9375	46.25	30.625
15749	25.0	47.5	31.875
15785	25.0	49.0625	31.875
15821	24.375	50.625	30.9375
15857	24.375	50.625	31.25
15893	24.375	51.25	32.8125
15929	23.75	52.5	33.125
15965	24.6875	52.8125	33.4375
16001	24.0625	53.125	33.75
16037	23.75	52.1875	34.0625
16073	25.3125	50.3125	33.75
16109	25.3125	49.6875	34.6875
16145	25.625	49.0625	35.625
16181	26.25	48.125	34.375
16217	26.25	47.8125	32.8125
16253	26.25	47.8125	32.1875
16289	26.5625	46.875	31.875
16325	28.4375	46.5625	31.5625
16361	29.375	45.3125	31.25
16397	30.3125	43.75	31.5625
16433	31.5625	42.5	31.5625
16469	32.5	43.125	30.3125
16505	33.75	42.5	29.0625
16541	35.625	42.1875	29.375
16577	38.125	41.875	28.125
16613	39.0625	41.25	27.1875
16649	40.625	41.25	26.5625
16685	41.5625	40.625	27.5
16721	43.4375	40.0	26.25
16757	43.75	39.6875	25.9375
16793	44.375	39.375	26.25
16829	44.375	40.3125	25.9375
16865	45.3125	39.375	25.0
16901	46.875	39.375	24.0625
16937	46.5625	39.0625	25.3125
16973	47.5	38.75	25.9375
17009	47.1875	38.75	25.3125
17045	46.875	38.75	25.3125
17081	47.8125	39.0625	24.0625
17117	48.125	37.8125	24.0625
17153	48.4375	38.125	25.3125
17189	49.0625	38.75	25.0
17225	48.75	38.75	24.375
17261	47.1875	38.75	25.0
17297	46.875	40.0	25.0
17333	46.875	40.0	25.9375
17369	47.1875	40.3125	25.3125
17405	48.4375	40.3125	25.3125
17441	47.8125	39.6875	25.9375
17477	48.125	39.0625	26.5625
17513	46.875	38.75	26.5625
17549	46.25	39.375	27.5
17585	45.3125	39.6875	27.8125
17621	44.6875	40.0	28.125
17657	45.0	39.6875	27.8125
17693	44.375	40.0	28.4375
17729	43.75	39.6875	28.75
17765	44.375	38.75	28.4375
17801	43.125	38.4375	28.4375
17837	41.875	39.375	28.4375
17873	40.0	39.6875	29.375
17909	39.0625	41.5625	28.4375
17945	38.125	42.5	28.125
17981	37.5	41.875	28.4375
18017	36.5625	42.5	28.75
18053	35.625	43.4375	29.0625
18089	34.6875	43.75	29.375
18125	33.75	45.3125	27.8125
18161	33.125	45.9375	27.8125
18197	32.5	44.6875	27.8125
18233	31.875	44.0625	26.875
18269	31.5625	44.0625	25.9375
18305	30.625	44.0625	26.25
18341	29.0625	44.375	26.5625
18377	27.5	45.0	26.5625
18413	26.25	45.9375	27.8125
18449	25.3125	46.25	28.125
18485	24.0625	46.25	28.4375
18521	24.0625	45.9375	28.125
18557	23.4375	45.625	28.125
18593	24.0625	45.625	27.8125
18629	23.125	45.9375	28.125
18665	22.5	45.3125	29.0625
18701	20.9375	45.625	29.375
18737	21.25	46.25	30.625
18773	22.8125	45.625	30.625
18809	23.4375	44.375	30.625
18845	24.0625	42.5	30.625
18881	25.625	42.5	29.375
18917	26.5625	41.5625	28.75
18953	27.8125	40.3125	29.375
18989	28.75	40.625	28.75
19025	29.375	40.3125	28.125
19061	30.9375	40.0	28.125
19097	31.875	38.4375	28.4375
19133	33.4375	37.1875	28.4375
19169	34.375	38.125	28.4375
19205	35.3125	37.1875	29.375
19241	36.25	37.8125	29.375
19277	38.125	37.1875	28.125
19313	38.4375	37.5	27.1875
19349	40.3125	37.1875	25.9375
19385	40.625	37.5	25.0
19421	41.875	36.875	23.75
19457	43.75	36.5625	22.8125
19493	43.75	37.5	22.5
19529	43.125	37.5	22.5
19565	42.8125	36.25	23.4375
19601	42.5	34.6875	24.375
19637	42.5	33.75	25.0
19673	42.5	33.4375	24.6875
19709	42.5	32.1875	25.0
19745	41.25	31.25	25.9375
19781	42.1875	31.25	27.1875
19817	41.25	30.625	27.5
19853	41.875	30.0	28.4375
19889	41.5625	30.625	28.75
19925	40.625	30.3125	29.0625
19961	40.3125	29.375	29.375
19997	39.0625	29.375	29.375
20033	39.0625	28.75	30.0
20069	38.4375	28.75	30.9375
20105	38.125	28.75	31.5625
20141	37.5	27.8125	32.8125
20177	37.5	26.875	32.8125
20213	36.25	26.25	32.8125
20249	35.3125	25.3125	33.75
20285	35.0	24.0625	35.625
20321	33.4375	23.75	36.5625
20357	32.5	22.8125	37.5
20393	30.9375	23.125	38.75
20429	29.0625	22.5	39.0625
20465	27.8125	21.5625	40.0
20501	27.5	21.5625	40.9375
20537	28.125	22.8125	39.375
20573	29.375	22.8125	39.0625
20609	30.625	23.125	38.75
20645	30.9375	23.125	38.75
20681	30.3125	24.375	37.1875
20717	30.3125	24.0625	36.5625
20753	31.5625	24.0625	35.9375
20789	30.9375	23.75	35.625
20825	30.625	23.75	35.0
20861	30.9375	23.4375	35.3125
20897	31.5625	24.0625	35.3125
20933	32.1875	24.375	36.25
20969	32.8125	23.75	37.8125
21005	32.5	23.75	37.1875
21041	33.125	23.75	37.5
21077	33.125	23.75	37.8125
21113	32.8125	23.75	38.75
21149	33.125	24.0625	39.375
21185	32.8125	24.375	40.9375
21221	33.75	24.6875	41.25
21257	34.375	25.3125	40.625
21293	35.625	24.6875	40.9375
21329	37.5	24.0625	41.875
21365	39.375	22.8125	42.1875
21401	39.375	22.5	43.4375
21437	40.9375	22.1875	44.0625
21473	41.5625	21.875	44.6875
21509	42.1875	21.875	44.375
21545	41.25	21.5625	45.0
21581	41.5625	22.5	45.3125
21617	41.25	22.5	45.625
21653	41.5625	23.125	46.25
21689	41.5625	24.0625	47.1875
21725	40.3125	24.375	48.125
21761	41.875	25.0	49.6875
21797	42.8125	24.6875	50.0
21833	42.8125	24.375	49.375
21869	41.875	25.0	47.8125
21905	41.5625	23.4375	47.8125
21941	41.25	24.375	46.25
21977	42.1875	24.375	45.625
22013	42.1875	24.375	44.6875
22049	42.8125	25.0	42.8125
22085	42.5	25.625	40.9375
22121	42.8125	26.25	38.75
22157	43.4375	26.875	37.5
22193	43.4375	25.9375	37.1875
22229	43.4375	26.25	36.5625
22265	43.125	27.1875	36.25
22301	44.0625	29.375	35.3125
22337	42.5	30.3125	34.6875
22373	42.5	30.0	33.125
22409	42.1875	29.6875	32.1875
22445	41.5625	30.3125	32.1875
22481	40.625	30.9375	32.1875
22517	41.25	31.5625	30.9375
22553	39.6875	32.1875	30.3125
22589	38.75	31.875	30.0
22625	39.0625	31.875	29.0625
22661	38.4375	32.8125	27.1875
22697	37.1875	34.0625	25.3125
22733	35.625	33.75	25.0
22769	33.125	34.6875	25.0
22805	32.8125	34.6875	25.9375
22841	32.5	35.3125	26.875
22877	32.1875	36.25	25.9375
22913	31.25	36.875	26.5625
22949	30.625	36.875	26.875
22985	30.0	36.25	27.8125
23021	29.6875	35.3125	28.125
23057	29.0625	35.625	28.75
23093	28.75	34.6875	29.375
23129	30.0	34.375	29.375
23165	28.75	34.375	29.6875
23201	28.125	36.25	30.625
23237	26.875	35.625	31.875
23273	25.9375	35.3125	32.1875
23309	25.625	35.625	32.1875
23345	25.3125	36.25	31.25
23381	25.625	36.25	31.25
23417	26.25	35.0	31.875
23453	25.9375	35.625	30.9375
23489	25.3125	36.25	31.25
23525	25.9375	36.5625	31.5625
23561	25.3125	38.125	31.875
23597	25.0	38.75	32.1875
23633	24.6875	38.4375	32.5
23669	25.625	37.5	33.125
23705	26.25	37.8125	31.5625
23741	27.8125	37.5	30.625
23777	28.125	38.125	30.0
23813	28.4375	37.1875	30.3125
23849	28.75	36.875	30.3125
23885	29.375	36.25	30.0
23921	29.6875	38.125	29.375
23957	30.9375	39.0625	28.4375
23993	31.25	38.75	27.5
24029	30.9375	38.75	28.125
24065	30.0	38.75	27.5
24101	29.0625	39.0625	27.5
24137	29.375	38.125	27.5
24173	30.0	36.25	26.5625
24209	29.6875	35.9375	25.9375
24245	29.375	35.0	25.9375
24281	31.25	35.9375	25.9375
24317	31.25	36.5625	26.25
24353	31.5625	36.875	26.5625
24389	30.9375	37.1875	26.25
24425	30.3125	37.1875	26.25
24461	30.9375	36.5625	26.875
24497	30.0	36.5625	26.5625
24533	31.25	35.9375	26.875
24569	31.5625	35.0	26.5625
24605	30.625	35.625	26.875
24641	30.3125	36.5625	27.5
24677	29.6875	37.5	26.875
24713	28.75	37.1875	27.8125
24749	28.4375	38.75	27.5
24785	28.125	38.4375	28.125
24821	27.8125	39.375	29.0625
24857	26.25	38.75	29.375
24893	25.0	38.75	29.6875
24929	24.0625	38.75	30.9375
24965	24.375	39.0625	31.875
25001	24.375	39.375	32.1875
25037	24.375	40.3125	31.5625
25073	25.0	40.0	30.9375
25109	25.625	40.625	30.3125
25145	25.3125	41.25	29.0625
25181	25.625	41.25	29.6875
25217	25.9375	41.5625	29.0625
25253	27.8125	40.0	29.375
25289	28.125	39.375	29.0625
25325	28.4375	38.75	29.375
25361	29.0625	37.8125	28.75
25397	30.3125	36.5625	27.8125
25433	31.25	37.1875	25.625
25469	31.875	36.5625	25.3125
25505	31.5625	35.3125	24.6875
25541	32.5	35.625	25.0
25577	34.6875	35.9375	24.0625
25613	35.3125	34.6875	23.4375
25649	35.0	35.3125	23.125
25685	37.1875	34.375	22.8125
25721	37.8125	33.4375	22.1875
25757	39.375	34.0625	21.25
25793	40.625	34.375	21.25
25829	41.5625	34.0625	20.9375
25865	41.5625	33.4375	20.625
25901	40.9375	33.4375	20.625
25937	42.1875	33.125	19.375
25973	41.875	32.8125	20.3125
26009	42.1875	31.5625	20.9375
26045	42.1875	31.875	20.9375
26081	42.8125	31.5625	20.9375
26117	43.125	31.875	21.5625
26153	43.125	32.1875	20.625
26189	44.0625	31.875	19.375
26225	43.125	32.8125	19.0625
26261	43.125	33.4375	18.4375
26297	42.8125	34.0625	18.125
26333	42.1875	35.625	18.125
26369	43.125	35.625	18.75
26405	43.4375	35.9375	18.75
26441	44.0625	36.5625	19.6875
26477	44.6875	36.25	19.6875
26513	45.0	36.875	19.0625
26549	44.6875	37.1875	18.75
26585	45.3125	36.5625	20.3125
26621	46.875	35.3125	20.9375
26657	45.9375	35.0	20.0
26693	45.625	34.6875	19.6875
26729	44.6875	35.9375	19.375
26765	43.75	36.5625	19.0625
26801	45.0	37.5	19.375
26837	45.0	38.75	19.0625
26873	45.0	39.0625	18.125
26909	44.375	39.375	18.75
26945	45.625	40.9375	17.5
26981	45.3125	42.1875	17.8125
27017	44.6875	41.5625	17.8125
27053	44.6875	42.8125	17.8125
27089	44.6875	44.375	17.8125
27125	44.375	44.375	18.125
27161	44.0625	44.0625	17.8125
27197	43.125	44.0625	17.8125
27233	42.5	44.375	17.1875
27269	42.5	45.3125	17.1875
27305	42.8125	44.0625	16.25
27341	42.8125	43.125	15.625
27377	41.875	43.125	15.9375
27413	41.5625	42.8125	15.9375
27449	41.25	42.5	16.25
27485	40.0	42.1875	16.25
27521	40.3125	43.125	15.625
27557	39.6875	43.75	15.0
27593	38.75	44.6875	15.0
27629	39.375	45.3125	14.6875
27665	40.9375	45.0	14.6875
27701	40.0	43.75	15.0
27737	40.9375	43.4375	13.75
27773	40.3125	43.125	14.375
27809	40.625	42.5	14.375
27845	40.3125	42.5	13.75
27881	40.0	41.5625	14.0625
27917	39.0625	39.6875	14.0625
27953	38.4375	39.6875	14.0625
27989	37.1875	40.0	14.6875
28025	36.5625	39.375	16.5625
28061	36.25	38.75	15.625
28097	36.25	38.75	15.9375
28133	36.5625	38.4375	17.5
28169	36.25	38.125	17.8125
28205	37.5	37.1875	17.8125
28241	37.5	37.5	17.8125
28277	37.5	37.8125	18.75
28313	35.9375	38.125	19.0625
28349	36.25	38.125	20.0
28385	35.3125	37.8125	20.0
28421	35.0	37.8125	20.3125
28457	35.0	36.875	20.9375
28493	34.375	35.625	22.1875
28529	34.6875	34.6875	21.5625
28565	34.375	34.6875	21.875
28601	33.125	34.375	23.125
28637	32.8125	33.75	24.0625
28673	33.125	33.75	23.75
28709	33.4375	33.125	24.375
28745	34.0625	33.75	23.75
28781	35.0	33.125	23.4375
28817	35.3125	32.8125	23.75
28853	35.9375	34.0625	23.4375
28889	35.9375	34.6875	23.75
28925	35.625	34.6875	24.6875
28961	36.25	33.75	23.75
28997	36.25	32.8125	23.75
29033	35.625	32.1875	25.3125
29069	35.625	32.8125	24.6875
29105	35.0	31.875	24.375
29141	34.375	32.5	24.6875
29177	34.0625	33.125	24.6875
29213	35.0	34.0625	24.375
29249	35.9375	34.375	24.0625
29285	36.5625	35.9375	22.5
29321	38.4375	36.25	21.875
29357	40.3125	36.875	21.5625
29393	41.5625	36.25	21.25
29429	42.5	37.5	20.625
29465	42.1875	37.8125	20.9375
29501	42.1875	38.4375	20.9375
29537	41.875	39.375	20.3125
29573	41.875	39.6875	19.6875
29609	42.5	40.0	19.375
29645	42.5	40.625	19.0625
29681	43.4375	41.5625	18.75
29717	42.8125	40.3125	19.0625
29753	42.1875	40.3125	19.375
29789	42.1875	40.0	20.0
29825	42.8125	39.6875	18.75
29861	43.125	39.6875	18.75
29897	44.6875	40.625	18.75
29933	45.0	41.25	17.8125
29969	46.25	43.125	16.875
30005	46.25	43.125	15.625
30041	46.875	44.0625	15.0
30077	47.1875	44.375	14.6875
30113	48.125	44.6875	14.6875
30149	47.8125	44.6875	15.0
30185	47.1875	43.125	15.3125
30221	47.8125	43.75	15.3125
30257	47.1875	43.4375	15.3125
30293	47.5	43.4375	15.0
30329	48.4375	44.0625	14.375
30365	48.4375	44.6875	14.6875
30401	49.375	42.8125	14.6875
30437	49.6875	42.8125	14.375
30473	49.375	41.25	15.0
30509	49.6875	40.3125	15.0
30545	49.6875	41.25	14.6875
30581	50.3125	40.9375	15.3125
30617	50.9375	40.3125	15.625
30653	50.3125	40.9375	15.0
30689	51.5625	41.875	15.0
30725	51.5625	42.1875	14.0625
30761	51.25	42.5	14.375
30797	51.5625	43.4375	14.375
30833	51.5625	44.6875	13.125
30869	52.1875	44.0625	13.4375
30905	51.5625	44.0625	13.75
30941	51.25	43.4375	14.375
30977	51.875	43.125	14.375
31013	50.625	43.75	14.0625
31049	51.875	45.625	14.0625
31085	51.5625	44.6875	15.0
31121	52.1875	43.4375	15.3125
31157	52.1875	43.125	15.0
31193	52.8125	43.125	14.6875
31229	52.8125	42.8125	15.0
31265	50.9375	41.875	15.625
31301	50.0	42.8125	15.0
31337	49.0625	42.1875	15.9375
31373	49.0625	42.8125	15.625
31409	48.4375	43.4375	14.6875
31445	48.125	43.75	15.625
31481	47.1875	43.75	16.875
31517	45.9375	44.0625	18.4375
31553	44.6875	45.625	19.0625
31589	43.4375	45.625	20.3125
31625	42.1875	45.9375	21.875
31661	41.5625	47.1875	21.875
31697	40.3125	47.1875	24.0625
31733	39.6875	45.625	24.6875
31769	38.125	45.3125	26.25
31805	37.5	45.3125	26.5625
31841	35.625	44.375	27.8125
31877	34.6875	43.75	28.4375
31913	34.0625	43.125	29.375
31949	33.125	41.875	31.25
31985	32.1875	42.1875	32.5
32021	31.875	42.1875	32.5
32057	31.25	42.8125	32.1875
32093	28.75	44.375	32.8125
32129	28.4375	45.625	34.0625
32165	26.5625	44.6875	36.25
32201	25.0	45.625	36.5625
32237	24.0625	45.625	38.125
32273	23.75	45.625	39.0625
32309	21.875	46.25	40.625
32345	20.3125	47.1875	41.25
32381	19.6875	48.125	42.8125
32417	19.375	48.125	42.5
32453	19.0625	50.0	43.125
32489	19.375	48.75	43.125
32525	19.0625	48.4375	43.125
32561	18.125	48.125	44.0625
32597	18.75	47.5	44.375
32633	17.8125	46.875	43.75
32669	18.125	47.5	42.8125
32705	18.4375	48.75	41.5625
32741	18.75	49.0625	41.25
32777	18.75	48.75	41.25
32813	18.4375	49.375	42.5
32849	18.75	49.6875	41.875
32885	19.375	50.0	41.5625
32921	19.375	50.0	41.25
32957	20.0	48.75	42.5
32993	19.375	48.4375	42.5
33029	19.6875	47.8125	41.875
33065	20.625	46.25	42.5
33101	20.9375	44.6875	43.4375
33137	21.5625	43.75	44.375
33173	21.875	42.8125	44.6875
33209	23.4375	42.1875	43.75
33245	23.75	40.625	44.6875
33281	24.6875	39.0625	44.375
33317	26.25	37.8125	44.375
33353	27.1875	36.25	45.0
33389	27.8125	34.6875	44.0625
33425	27.5	33.125	43.75
33461	29.0625	32.8125	43.4375
33497	30.9375	31.5625	44.6875
33533	31.25	30.625	44.0625
33569	31.5625	30.0	45.3125
33605	32.8125	28.75	45.9375
33641	32.1875	28.125	47.1875
33677	33.125	26.25	48.125
33713	33.75	24.375	48.4375
33749	33.75	23.4375	47.8125
33785	34.6875	22.1875	47.5
33821	36.25	21.5625	48.125
33857	36.875	20.0	48.75
33893	35.9375	19.0625	48.75
33929	35.9375	18.4375	50.0
33965	36.25	17.8125	50.625
34001	36.25	17.5	51.5625
34037	35.625	17.8125	52.5
34073	35.3125	17.1875	51.875
34109	35.625	16.875	51.875
34145	35.9375	17.1875	52.5
34181	34.6875	17.5	51.5625
34217	34.6875	17.8125	52.5
34253	34.6875	18.4375	52.1875
34289	34.6875	18.4375	51.875
34325	35.0	18.4375	52.1875
34361	35.3125	18.125	51.875
34397	35.9375	17.5	52.8125
34433	34.375	17.8125	52.5
34469	34.0625	17.5	52.5
34505	35.3125	17.5	52.5
34541	35.625	17.1875	51.5625
34577	35.3125	16.5625	52.5
34613	36.875	16.5625	52.8125
34649	35.9375	17.8125	53.125
34685	37.8125	17.5	52.5
34721	38.75	18.125	52.8125
34757	38.4375	17.8125	52.1875
34793	37.5	17.5	52.8125
34829	37.8125	17.5	53.125
34865	38.75	17.8125	53.4375
34901	38.75	17.5	52.8125
34937	39.0625	18.4375	51.875
34973	39.0625	18.75	51.5625
35009	38.4375	19.0625	50.625
35045	39.375	20.0	49.6875
35081	40.0	19.375	49.375
35117	40.3125	18.75	50.0
35153	40.0	18.75	50.0
35189	38.75	19.375	48.75
35225	39.375	19.0625	48.75
35261	38.75	19.6875	48.75
35297	38.125	20.3125	48.75
35333	38.4375	20.3125	48.75
35369	38.125	21.25	48.4375
35405	39.0625	20.9375	47.8125
35441	39.0625	21.5625	46.875
35477	37.8125	21.5625	46.5625
35513	37.5	22.1875	46.25
35549	37.8125	22.1875	46.25
35585	35.9375	22.8125	45.9375
35621	35.9375	21.875	46.5625
35657	34.6875	22.5	47.5
35693	34.375	23.125	46.5625
35729	33.75	23.4375	47.5
35765	33.75	23.125	46.875
35801	32.8125	24.0625	46.25
35837	32.5	23.75	46.25
35873	32.8125	23.125	45.3125
35909	32.5	22.8125	44.6875
35945	32.1875	22.1875	45.3125
35981	32.1875	21.875	44.375
36017	32.8125	21.25	45.0
36053	31.25	22.5	43.75
36089	31.25	22.1875	43.75
36125	31.5625	21.875	42.8125
36161	31.5625	22.5	43.125
36197	32.5	21.875	43.125
36233	32.8125	21.25	42.8125
36269	31.875	21.25	43.4375
36305	32.5	21.5625	43.4375
36341	31.875	21.25	44.0625
36377	30.3125	21.5625	43.4375
36413	31.5625	20.9375	43.75
36449	33.125	20.0	44.6875
36485	34.375	19.6875	45.625
36521	34.375	18.75	45.9375
36557	35.0	18.4375	45.9375
36593	35.625	19.0625	45.9375
36629	35.3125	17.8125	45.0
36665	35.625	18.125	45.9375
36701	35.3125	18.125	45.3125
36737	35.3125	18.4375	46.875
36773	35.3125	17.8125	46.25
36809	35.0	18.125	46.5625
36845	35.3125	17.5	48.4375
36881	35.3125	16.875	48.125
36917	35.0	16.875	48.75
36953	36.5625	16.5625	48.75
36989	36.875	16.25	49.0625
37025	37.8125	16.875	50.3125
37061	37.8125	17.1875	48.75
37097	39.0625	16.5625	49.6875
37133	39.375	15.625	51.25
37169	38.125	16.25	51.25
37205	37.8125	16.25	51.5625
37241	37.8125	16.25	51.25
37277	38.75	15.3125	51.25
37313	39.6875	14.6875	51.5625
37349	39.6875	15.3125	51.875
37385	39.375	15.0	51.875
37421	40.0	16.25	50.625
37457	39.0625	16.875	50.0
37493	37.8125	17.8125	49.375
37529	36.875	17.8125	48.75
37565	36.875	18.4375	48.75
37601	37.1875	18.75	48.4375
37637	37.1875	18.75	48.75
37673	38.75	18.4375	48.4375
37709	39.375	19.0625	48.4375
37745	39.375	19.375	47.8125
37781	39.0625	20.9375	46.25
37817	38.75	22.1875	46.25
37853	40.0	21.875	46.5625
37889	39.375	22.5	45.3125
37925	39.0625	23.4375	45.0
37961	38.4375	23.125	45.3125
37997	38.125	21.875	45.3125
38033	38.75	21.875	45.9375
38069	38.4375	21.875	45.3125
38105	38.75	20.9375	45.0
38141	38.125	21.875	44.0625
38177	39.0625	21.25	44.375
38213	38.125	21.25	44.6875
38249	37.8125	21.5625	42.8125
38285	37.8125	20.9375	42.5
38321	38.75	20.9375	43.125
38357	38.125	20.625	42.8125
38393	37.8125	19.375	44.0625
38429	38.75	18.4375	44.6875
38465	39.375	18.125	44.6875
38501	39.6875	17.5	45.3125
38537	39.0625	17.1875	44.6875
38573	38.75	16.5625	45.0
38609	39.0625	15.3125	45.625
38645	39.375	15.625	45.625
38681	39.6875	15.3125	45.0
38717	39.0625	15.625	45.625
38753	38.75	14.0625	46.5625
38789	38.75	13.4375	46.5625
38825	37.1875	14.375	46.25
38861	37.8125	13.125	47.5
38897	38.125	13.125	48.125
38933	39.0625	12.5	49.0625
38969	38.125	13.4375	49.375
39005	37.8125	13.4375	49.375
39041	37.8125	13.75	49.0625
39077	36.875	14.6875	48.4375
39113	37.5	14.0625	47.8125
39149	37.8125	13.4375	47.8125
39185	37.8125	13.125	48.125
39221	36.875	13.4375	49.6875
39257	36.5625	12.8125	50.625
39293	35.625	13.4375	49.6875
39329	34.6875	14.0625	50.0
39365	34.6875	14.0625	49.375
39401	33.4375	15.0	48.125
39437	34.0625	15.3125	48.4375
39473	34.6875	15.625	48.125
39509	35.0	15.3125	48.125
39545	34.6875	16.875	47.8125
39581	33.75	17.8125	47.5
39617	32.5	18.125	47.5
39653	32.5	17.8125	46.875
39689	33.125	18.125	46.5625
39725	34.0625	19.375	45.9375
39761	34.6875	19.6875	46.25
39797	35.0	19.6875	45.9375
39833	34.6875	20.0	45.0
39869	35.0	19.0625	44.375
39905	35.625	19.0625	42.8125
39941	36.875	18.125	43.75
39977	35.9375	18.125	44.6875
40013	39.0625	17.5	44.0625
40049	39.375	18.125	43.4375
40085	39.0625	19.0625	43.75
40121	39.375	20.3125	43.4375
40157	39.375	20.625	42.8125
40193	40.0	21.25	42.8125
40229	40.0	21.875	43.125
40265	40.9375	20.9375	43.75
40301	41.875	20.625	42.8125
40337	42.1875	20.625	42.5
40373	42.8125	20.625	42.1875
40409	41.875	21.875	41.5625
40445	41.5625	22.1875	41.25
40481	41.875	21.875	40.9375
40517	43.125	20.9375	40.3125
40553	44.6875	20.9375	39.375
40589	44.375	20.625	38.4375
40625	45.3125	20.625	39.375
40661	44.6875	20.9375	38.4375
40697	45.625	20.3125	38.125
40733	44.375	20.3125	37.8125
40769	44.375	20.625	36.875
40805	45.0	20.9375	36.875
40841	44.0625	22.8125	36.25
40877	42.8125	23.125	35.625
40913	43.4375	23.4375	35.3125
40949	43.4375	23.125	35.9375
40985	41.875	23.4375	36.5625
41021	42.5	23.125	36.25
41057	42.5	22.8125	35.625
41093	41.875	23.4375	35.3125
41129	42.5	23.4375	35.3125
41165	42.8125	24.0625	34.375
41201	43.4375	23.75	35.0
41237	43.125	24.0625	35.0
41273	43.125	23.75	34.6875
41309	42.1875	25.0	34.6875
41345	42.5	24.6875	34.0625
41381	43.125	24.0625	34.0625
41417	44.0625	24.0625	33.75
41453	42.5	24.0625	35.0
41489	41.5625	24.6875	35.3125
41525	40.625	25.0	36.25
41561	40.9375	24.6875	36.875
41597	40.625	24.6875	36.875
41633	40.3125	25.0	37.1875
41669	40.3125	25.0	37.1875
41705	40.9375	25.3125	38.125
41741	41.25	24.6875	38.125
41777	40.625	25.3125	37.8125
41813	41.25	25.3125	37.1875
41849	41.875	25.625	36.5625
41885	41.5625	25.0	37.5
41921	40.625	25.625	37.5
41957	41.25	25.0	36.875
41993	42.1875	24.375	37.5
42029	41.875	25.0	38.125
42065	42.1875	24.6875	37.8125
42101	41.5625	25.0	35.9375
42137	41.5625	23.4375	35.9375
42173	41.5625	24.0625	35.625
42209	41.5625	24.0625	35.625
42245	42.1875	24.6875	35.0
42281	42.8125	23.75	35.3125
42317	42.5	23.125	35.9375
42353	42.5	23.75	35.625
42389	42.1875	23.75	36.5625
42425	42.8125	23.4375	35.3125
42461	44.6875	23.125	35.0
42497	45.0	23.125	34.6875
42533	44.375	23.4375	35.0
42569	45.3125	22.5	33.75
42605	46.25	21.875	34.6875
42641	46.875	21.5625	35.0
42677	46.25	21.875	34.6875
42713	46.25	20.9375	35.625
42749	45.9375	20.9375	36.25
42785	47.1875	20.625	36.5625
42821	46.875	21.5625	37.1875
42857	47.8125	21.25	36.875
42893	47.5	21.5625	36.5625
42929	46.25	22.5	36.25
42965	46.25	22.8125	37.1875
43001	47.5	22.5	37.8125
43037	47.8125	22.1875	37.5
43073	48.4375	22.1875	38.125
43109	48.75	21.875	38.125
43145	49.6875	21.875	38.4375
43181	49.6875	21.5625	36.875
43217	49.375	20.625	38.125
43253	48.75	20.9375	39.0625
43289	48.75	20.625	39.0625
43325	48.75	20.9375	39.0625
43361	48.125	21.5625	37.8125
43397	48.125	21.875	36.875
43433	46.5625	22.5	36.25
43469	47.1875	22.1875	36.875
43505	47.5	21.5625	37.1875
43541	46.875	22.5	36.25
43577	46.25	23.4375	35.0
43613	45.9375	23.75	35.625
43649	46.25	23.125	35.9375
43685	46.25	23.125	35.625
43721	46.25	23.4375	34.6875
43757	45.0	22.5	35.0
43793	43.4375	23.4375	33.4375
43829	42.8125	25.0	32.8125
43865	42.8125	25.0	32.1875
43901	41.875	25.0	32.1875
43937	41.25	25.3125	32.1875
43973	40.0	26.5625	30.625
44009	39.6875	28.75	29.6875
44045	39.375	29.6875	28.75
44081	38.4375	30.9375	28.125
44117	37.8125	31.875	27.1875
44153	37.5	32.8125	26.875
44189	36.875	34.0625	25.0
44225	36.875	35.0	24.375
44261	36.5625	35.625	24.0625
44297	36.875	36.875	23.75
44333	37.1875	36.875	23.125
44369	36.5625	38.125	22.8125
44405	35.9375	38.75	21.875
44441	35.0	39.375	22.1875
44477	34.0625	40.0	20.9375
44513	33.75	41.5625	21.25
44549	33.75	41.25	20.9375
44585	33.125	41.875	21.5625
44621	32.5	42.8125	21.25
44657	32.1875	43.4375	20.9375
44693	31.5625	44.375	20.9375
44729	31.5625	45.3125	21.25
44765	32.1875	45.0	21.5625
44801	31.875	45.0	22.1875
44837	33.125	45.3125	20.9375
44873	33.75	45.0	21.875
44909	33.75	44.6875	22.5
44945	33.75	44.6875	23.75
44981	33.4375	43.4375	24.375
45017	32.5	43.4375	24.375
45053	31.5625	42.1875	25.0
45089	31.25	42.5	24.375
45125	32.5	42.8125	25.0
45161	33.125	43.4375	25.0
45197	34.375	44.6875	24.375
45233	34.6875	45.0	23.75
45269	34.6875	43.75	23.4375
45305	33.75	43.125	24.0625
45341	34.0625	43.125	25.0
45377	34.375	43.125	25.0
45413	36.25	43.125	24.0625
45449	36.5625	42.1875	24.375
45485	35.9375	41.875	24.0625
45521	35.3125	42.8125	23.125
45557	34.6875	42.5	23.4375
45593	35.0	42.8125	22.1875
45629	34.6875	43.4375	22.1875
45665	35.0	43.125	21.875
45701	36.25	44.0625	20.625
45737	36.875	43.75	21.25
45773	36.875	44.375	20.3125
45809	35.0	44.375	20.3125
45845	34.0625	44.375	20.0
45881	35.0	44.6875	18.75
45917	34.375	45.3125	18.75
45953	33.4375	46.25	19.0625
45989	33.4375	46.5625	18.4375
46025	32.8125	46.5625	18.4375
46061	33.125	47.1875	18.4375
46097	33.4375	46.25	18.4375
46133	32.5	46.25	19.6875
46169	30.9375	45.9375	20.0
46205	30.9375	45.9375	20.3125
46241	30.9375	45.9375	20.625
46277	31.25	46.5625	20.0
46313	31.875	46.25	19.375
46349	30.625	46.25	20.625
46385	30.3125	46.875	20.9375
46421	30.9375	47.5	20.625
46457	30.625	48.125	19.6875
46493	31.25	47.8125	20.625
46529	32.8125	47.8125	19.375
46565	32.8125	47.5	19.375
46601	32.5	47.5	20.0
46637	32.8125	46.5625	20.625
46673	31.25	45.9375	20.9375
46709	31.5625	46.5625	19.6875
46745	31.5625	45.9375	20.625
46781	32.8125	47.1875	19.375
46817	32.8125	45.9375	19.375
46853	32.5	45.625	19.6875
46889	31.875	44.0625	19.6875
46925	33.4375	45.0	19.6875
46961	34.375	45.9375	19.0625
46997	34.6875	45.625	20.0
47033	34.6875	45.3125	20.0
47069	34.375	45.3125	19.375
47105	34.0625	44.6875	18.75
47141	34.375	44.375	19.0625
47177	35.3125	43.75	19.6875
47213	35.0	44.0625	19.0625
47249	35.3125	45.3125	19.6875
47285	36.25	45.9375	19.0625
47321	35.9375	45.3125	19.375
47357	35.3125	44.375	19.375
47393	36.25	45.0	19.0625
47429	36.25	44.375	19.375
47465	36.25	43.75	20.0
47501	35.625	43.4375	20.3125
47537	35.625	42.5	20.625
47573	35.625	42.5	20.9375
47609	35.625	42.8125	20.3125
47645	35.9375	42.1875	21.25
47681	34.6875	42.1875	21.5625
47717	35.3125	42.1875	21.875
47753	35.3125	40.9375	23.125
47789	35.0	42.5	22.8125
47825	36.25	41.25	22.1875
47861	37.5	42.5	20.9375
47897	37.1875	41.875	21.5625
47933	36.25	42.5	21.875
47969	36.5625	42.8125	21.875
48005	36.25	44.375	21.875
48041	36.5625	44.0625	22.1875
48077	36.25	43.75	22.5
48113	35.625	43.75	22.1875
48149	35.625	43.75	21.5625
48185	35.625	43.4375	21.875
48221	35.625	42.8125	22.8125
48257	35.0	42.5	23.125
48293	35.625	43.125	21.5625
48329	35.625	43.125	21.875
48365	35.0	43.125	21.875
48401	34.6875	44.0625	20.9375
48437	35.0	45.0	19.6875
48473	35.9375	45.625	19.6875
48509	35.625	45.625	19.6875
48545	35.625	45.9375	20.3125
48581	35.3125	44.375	20.9375
48617	35.625	45.625	19.6875
48653	34.6875	45.9375	20.0
48689	34.375	45.625	19.6875
48725	34.6875	45.9375	19.0625
48761	34.375	45.9375	19.375
48797	33.4375	46.25	20.625
48833	32.1875	45.3125	22.1875
48869	31.5625	45.3125	22.5
48905	31.5625	44.6875	22.8125
48941	30.9375	45.0	23.125
48977	31.5625	43.75	22.8125
49013	31.5625	44.375	22.8125
49049	31.5625	44.0625	22.8125
49085	30.9375	44.0625	23.75
49121	30.3125	44.0625	24.375
49157	30.3125	44.0625	24.0625
49193	30.0	44.0625	24.375
49229	29.375	42.8125	25.0
49265	29.375	43.75	25.9375
49301	29.375	42.8125	26.5625
49337	30.0	42.1875	27.5
49373	30.3125	41.5625	27.1875
49409	29.6875	41.875	27.1875
49445	29.375	42.1875	27.8125
49481	29.375	41.875	28.4375
49517	29.0625	43.125	27.1875
49553	29.6875	43.75	26.5625
49589	29.6875	43.75	27.5
49625	30.3125	43.125	26.875
49661	30.9375	43.125	26.875
49697	30.9375	41.5625	28.75
49733	30.9375	42.1875	28.125
49769	30.9375	42.1875	27.5
49805	31.5625	42.1875	26.5625
49841	31.875	42.1875	25.3125
49877	33.4375	42.1875	24.375
49913	33.4375	40.0	24.0625
49949	33.75	40.3125	24.375
49985	32.5	39.6875	25.3125
50021	33.125	40.3125	25.0
50057	35.0	40.0	24.375
50093	35.625	40.9375	24.0625
50129	34.6875	42.1875	24.375
50165	35.0	43.125	24.0625
50201	35.0	44.375	23.4375
50237	35.3125	44.0625	23.125
50273	35.625	44.6875	23.75
50309	34.6875	45.3125	23.75
50345	34.375	45.0	25.0
50381	33.4375	45.0	25.3125
50417	34.0625	44.375	24.375
50453	33.75	44.6875	24.6875
50489	34.375	44.375	24.6875
50525	33.75	43.75	24.0625
50561	34.0625	45.9375	23.4375
50597	34.6875	45.3125	23.125
50633	34.375	46.25	23.4375
50669	35.0	46.25	23.75
50705	35.0	45.9375	24.375
50741	35.0	46.875	24.0625
50777	34.6875	46.875	23.75
50813	35.9375	47.8125	23.125
50849	35.3125	48.4375	24.0625
50885	35.0	49.0625	23.75
50921	35.625	49.6875	23.4375
50957	35.0	49.0625	23.75
50993	34.375	47.1875	23.4375
51029	33.75	46.5625	24.0625
51065	33.4375	44.375	25.0
51101	34.0625	42.8125	24.375
51137	34.0625	42.1875	25.0
51173	34.0625	41.25	25.9375
51209	34.0625	40.3125	26.875
51245	33.4375	40.0	27.1875
51281	34.6875	39.375	26.25
51317	34.375	39.0625	26.875
51353	35.0	37.5	27.5
51389	34.6875	37.8125	27.8125
51425	35.3125	37.1875	28.125
51461	37.1875	35.3125	28.75
51497	38.125	33.75	30.0
51533	37.5	32.1875	31.25
51569	38.75	30.9375	30.9375
51605	38.75	30.9375	30.0
51641	39.375	30.3125	30.0
51677	39.0625	29.6875	30.9375
51713	39.6875	28.4375	31.25
51749	40.0	27.8125	31.25
51785	40.3125	25.9375	31.875
51821	40.0	25.3125	31.25
51857	40.3125	23.4375	31.875
51893	39.375	23.4375	31.5625
51929	40.625	23.4375	31.5625
51965	41.5625	23.75	32.5
52001	41.875	25.0	31.875
52037	41.25	25.3125	31.5625
52073	41.5625	25.9375	31.5625
52109	42.5	26.5625	31.25
52145	42.8125	27.5	30.9375
52181	43.4375	27.8125	29.375
52217	44.0625	28.125	28.75
52253	44.0625	29.0625	28.75
52289	44.375	29.375	28.125
52325	43.75	28.75	28.4375
52361	43.75	29.6875	28.4375
52397	42.1875	30.0	28.4375
52433	42.1875	30.625	27.5
52469	40.625	31.875	27.1875
52505	40.0	32.8125	27.1875
52541	39.0625	33.125	28.75
52577	38.75	33.4375	29.0625
52613	37.8125	33.75	28.4375
52649	36.875	34.6875	28.4375
52685	35.9375	35.0	28.4375
52721	35.3125	35.0	29.0625
52757	34.375	35.3125	30.3125
52793	34.6875	36.25	30.9375
52829	35.0	37.1875	30.9375
52865	35.0	38.125	30.9375
52901	35.625	39.375	30.625
52937	34.6875	40.3125	30.0
52973	34.6875	40.9375	30.3125
53009	35.0	40.9375	30.0
53045	35.625	40.0	30.0
53081	35.0	39.375	29.375
53117	35.3125	38.75	30.625
53153	34.6875	38.4375	31.5625
53189	33.75	39.6875	32.1875
53225	34.6875	40.0	30.625
53261	33.75	40.625	30.0
53297	34.0625	40.9375	30.625
53333	34.6875	39.6875	29.375
53369	35.625	39.6875	29.0625
53405	34.6875	38.75	29.375
53441	35.9375	37.1875	29.6875
53477	35.625	35.9375	29.375
53513	37.1875	34.6875	28.4375
53549	37.5	34.6875	28.125
53585	37.8125	34.375	28.4375
53621	37.1875	34.375	29.375
53657	36.5625	35.0	30.0
53693	36.25	35.3125	31.25
53729	35.625	35.625	30.9375
53765	34.6875	35.9375	30.625
53801	33.4375	35.9375	32.1875
53837	32.5	35.3125	32.1875
53873	32.5	34.6875	33.4375
53909	32.8125	34.0625	34.375
53945	33.4375	31.875	35.625
53981	34.0625	30.9375	35.0
54017	33.4375	29.6875	35.9375
54053	32.8125	30.0	36.875
54089	32.8125	29.0625	36.5625
54125	31.875	27.5	37.5
54161	32.5	27.1875	38.4375
54197	31.25	26.25	40.625
54233	30.3125	24.6875	41.875
54269	29.375	25.625	43.75
54305	28.4375	26.5625	44.6875
54341	28.125	26.25	45.625
54377	26.5625	27.1875	45.9375
54413	26.5625	26.875	45.9375
54449	26.5625	27.8125	45.9375
54485	25.3125	28.125	45.9375
54521	26.5625	28.4375	45.625
54557	28.125	27.5	43.125
54593	29.6875	27.5	41.5625
54629	30.3125	26.875	40.9375
54665	31.25	26.25	39.0625
54701	31.5625	26.25	38.4375
54737	32.5	25.9375	37.8125
54773	34.0625	26.5625	35.9375
54809	35.9375	26.5625	36.25
54845	35.625	25.9375	36.875
54881	35.0	26.875	35.9375
54917	34.0625	28.4375	36.25
54953	32.8125	29.6875	35.625
54989	33.4375	30.0	33.75
55025	33.4375	31.25	33.75
55061	33.125	31.875	33.4375
55097	33.125	33.4375	31.875
55133	33.75	33.125	30.9375
55169	34.0625	34.0625	29.0625
55205	35.0	34.0625	27.5
55241	34.6875	34.0625	25.9375
55277	34.375	35.3125	25.625
55313	34.6875	35.3125	25.3125
55349	35.625	34.6875	25.0
55385	35.0	34.6875	25.9375
55421	34.0625	35.3125	26.25
55457	33.4375	35.3125	25.9375
55493	33.125	34.0625	27.5
55529	32.1875	34.6875	29.0625
55565	30.625	34.6875	29.6875
55601	29.375	34.0625	30.0
55637	30.3125	34.0625	30.0
55673	31.875	33.125	30.625
55709	31.875	32.1875	30.9375
55745	32.8125	32.1875	31.875
55781	32.1875	31.5625	30.3125
55817	31.5625	31.875	29.375
55853	31.25	31.5625	30.9375
55889	31.25	30.9375	31.5625
55925	30.3125	30.9375	32.8125
55961	29.0625	29.6875	34.6875
55997	30.3125	28.75	33.4375
56033	29.0625	29.375	35.0
56069	28.4375	29.0625	35.625
56105	28.4375	30.0	35.625
56141	28.75	29.375	36.875
56177	28.75	29.0625	37.1875
56213	29.375	28.125	38.125
56249	29.6875	27.8125	37.5
56285	29.0625	28.125	38.4375
56321	29.375	29.0625	38.75
56357	28.75	29.0625	39.375
56393	28.4375	30.625	39.0625
56429	27.8125	31.875	40.3125
56465	28.125	32.5	40.0
56501	28.4375	32.1875	40.625
56537	28.4375	33.75	42.1875
56573	28.125	33.4375	42.5
56609	26.25	34.0625	43.75
56645	25.625	35.3125	43.4375
56681	23.125	36.5625	43.4375
56717	21.25	36.875	44.375
56753	20.625	37.5	45.625
56789	20.9375	38.125	45.3125
56825	21.25	38.4375	44.6875
56861	20.9375	39.0625	44.375
56897	20.625	40.0	44.0625
56933	20.0	40.0	44.0625
56969	19.0625	39.6875	45.0
57005	19.0625	39.375	45.0
57041	18.75	39.0625	44.375
57077	18.4375	38.75	45.0
57113	18.4375	39.6875	45.0
57149	17.8125	39.6875	44.375
57185	16.875	39.6875	44.6875
57221	16.5625	40.0	45.9375
57257	15.9375	40.0	45.9375
57293	15.3125	39.0625	45.625
57329	15.625	39.375	45.0
57365	16.25	38.125	43.75
57401	17.1875	37.5	43.125
57437	15.625	38.125	43.4375
57473	15.9375	37.8125	43.125
57509	16.25	37.8125	42.8125
57545	15.9375	38.125	43.75
57581	16.25	37.8125	44.0625
57617	16.5625	37.1875	44.375
57653	16.5625	36.875	42.8125
57689	15.9375	36.5625	43.75
57725	15.9375	35.9375	44.0625
57761	16.25	33.75	43.4375
57797	16.5625	33.125	43.125
57833	16.5625	32.5	44.0625
57869	16.875	32.1875	43.75
57905	18.4375	31.5625	42.8125
57941	18.4375	30.9375	41.875
57977	19.0625	30.0	42.8125
58013	19.6875	29.0625	43.4375
58049	19.375	28.125	44.0625
58085	20.0	28.4375	44.0625
58121	19.6875	27.8125	44.6875
58157	20.625	26.875	44.6875
58193	21.25	27.1875	43.125
58229	21.5625	28.4375	42.1875
58265	23.75	27.1875	42.5
58301	25.0	25.9375	42.8125
58337	25.3125	26.25	43.4375
58373	25.0	25.3125	44.0625
58409	25.625	25.3125	42.8125
58445	26.875	23.75	41.875
58481	26.5625	24.375	42.1875
58517	26.5625	24.0625	40.625
58553	25.9375	23.4375	41.25
58589	26.5625	23.4375	42.1875
58625	27.5	23.125	41.5625
58661	28.125	23.4375	40.625
58697	28.75	24.6875	40.625
58733	27.8125	25.3125	40.625
58769	28.125	26.25	40.3125
58805	29.375	26.5625	39.0625
58841	30.0	26.875	39.375
58877	29.375	28.125	39.375
58913	29.6875	28.75	39.6875
58949	29.0625	28.125	38.4375
58985	29.0625	27.8125	37.8125
59021	28.75	28.75	37.5
59057	28.75	28.4375	38.4375
59093	29.6875	29.0625	38.125
59129	30.0	29.375	37.1875
59165	29.375	30.0	37.5
59201	29.0625	30.3125	38.125
59237	27.1875	31.5625	38.4375
59273	26.5625	32.8125	37.8125
59309	25.3125	34.0625	38.125
59345	25.9375	34.375	38.125
59381	25.3125	34.6875	39.0625
59417	24.375	35.9375	40.3125
59453	24.0625	37.1875	40.3125
59489	23.75	36.875	40.625
59525	24.0625	36.875	39.0625
59561	24.6875	37.5	37.1875
59597	26.25	37.1875	37.1875
59633	27.1875	37.1875	35.9375
59669	26.875	37.1875	35.3125
59705	26.875	37.8125	35.0
59741	25.9375	37.5	34.6875
59777	26.25	37.1875	34.0625
59813	26.875	36.25	33.4375
59849	27.5	37.1875	31.875
59885	28.125	37.8125	30.625
59921	27.5	38.75	31.5625
59957	28.75	38.4375	30.9375
59993	28.75	38.4375	30.3125
60029	28.4375	38.75	29.6875
60065	28.125	39.0625	29.6875
60101	28.75	39.0625	29.375
60137	29.375	38.4375	29.6875
60173	30.0	39.0625	28.125
60209	30.3125	38.4375	28.125
60245	31.5625	37.1875	27.1875
60281	31.5625	36.25	25.9375
60317	31.875	36.5625	25.0
60353	32.8125	35.3125	24.6875
60389	34.0625	34.375	22.8125
60425	35.3125	35.0	22.5
60461	35.625	34.375	22.5
60497	36.25	34.375	23.75
60533	35.625	35.0	23.4375
60569	34.6875	35.625	23.4375
60605	35.3125	35.0	23.4375
60641	36.5625	34.0625	23.125
60677	36.25	34.375	23.75
60713	36.875	34.0625	24.6875
60749	36.25	34.0625	24.375
60785	35.9375	34.0625	25.625
60821	35.625	33.125	26.25
60857	35.9375	34.375	25.9375
60893	35.9375	36.25	25.0
60929	35.0	36.5625	25.3125
60965	35.625	37.8125	24.375
61001	35.9375	38.4375	25.625
61037	35.9375	38.75	25.0
61073	35.9375	38.4375	26.25
61109	35.625	39.375	25.3125
61145	36.25	38.75	25.625
61181	35.9375	39.375	25.9375
61217	37.5	40.3125	25.9375
61253	37.5	41.5625	27.8125
61289	36.875	41.875	27.5
61325	36.25	42.1875	28.125
61361	35.9375	42.8125	27.8125
61397	35.0	42.8125	27.1875
61433	35.625	43.125	28.125
61469	36.25	43.4375	27.8125
61505	36.5625	42.8125	28.125
61541	37.5	42.5	28.125
61577	36.5625	43.125	28.75
61613	37.1875	44.375	29.0625
61649	36.875	44.6875	28.75
61685	37.1875	45.0	28.75
61721	37.1875	45.3125	28.75
61757	36.5625	46.5625	28.125
61793	36.25	46.5625	28.4375
61829	37.8125	46.875	28.4375
61865	39.0625	45.3125	29.0625
61901	39.6875	44.6875	29.6875
61937	37.8125	45.0	29.6875
61973	37.8125	44.6875	29.6875
62009	36.25	45.625	29.375
62045	36.5625	45.0	28.75
62081	36.875	44.6875	29.0625
62117	37.1875	44.375	29.6875
62153	37.1875	44.375	28.75
62189	36.875	45.0	28.75
62225	37.5	44.375	28.75
62261	37.1875	45.3125	28.125
62297	35.9375	45.0	27.5
62333	36.875	45.0	27.1875
62369	36.25	45.9375	26.25
62405	35.9375	45.9375	26.5625
62441	34.375	46.25	27.5
62477	32.5	46.5625	28.4375
62513	33.125	46.875	28.4375
62549	33.125	46.5625	27.8125
62585	35.0	46.25	26.875
62621	35.3125	46.5625	26.875
62657	35.625	47.5	27.1875
62693	36.875	47.1875	27.8125
62729	37.8125	46.25	28.125
62765	38.4375	45.9375	27.8125
62801	36.875	45.3125	28.75
62837	36.25	46.5625	27.8125
62873	37.1875	45.9375	27.8125
62909	37.8125	43.75	28.125
62945	38.4375	44.0625	27.5
62981	39.0625	44.375	26.875
63017	40.3125	45.3125	27.1875
63053	39.375	44.0625	27.5
63089	39.6875	43.125	27.1875
63125	39.0625	41.25	27.1875
63161	38.125	40.9375	26.875
63197	38.4375	40.3125	26.25
63233	39.375	40.0	27.1875
63269	40.0	39.375	27.5
63305	39.375	39.6875	27.1875
63341	41.25	37.8125	26.5625
63377	40.625	37.1875	27.1875
63413	42.1875	36.25	26.5625
63449	43.4375	36.25	25.625
63485	42.8125	34.0625	26.25
63521	42.1875	34.375	26.5625
63557	40.625	34.0625	26.875
63593	40.0	33.125	27.1875
63629	39.6875	31.5625	25.9375
63665	39.375	31.25	25.3125
63701	38.75	30.3125	26.25
63737	37.5	28.4375	28.125
63773	39.0625	27.8125	26.875
63809	39.375	25.625	27.8125
63845	40.0	25.3125	29.0625
63881	40.0	24.6875	29.0625
63917	40.0	23.125	30.0
63953	40.3125	21.5625	30.625
63989	40.0	20.3125	31.5625
64025	39.6875	20.9375	33.125
64061	40.3125	21.5625	32.5
64097	38.75	23.75	32.5
64133	38.125	25.625	31.875
64169	36.875	26.5625	31.875
64205	36.875	26.875	31.25
64241	36.5625	27.1875	31.5625
64277	35.625	27.8125	31.875
64313	35.9375	29.0625	31.5625
64349	34.6875	30.0	31.875
64385	34.0625	30.0	32.5
64421	33.4375	29.6875	33.4375
64457	33.75	30.0	33.125
64493	33.75	29.0625	33.4375
64529	33.4375	27.5	34.375
64565	33.4375	27.5	35.0
64601	32.8125	27.1875	35.3125
64637	32.8125	27.8125	35.9375
64673	33.125	29.375	34.375
64709	32.5	30.3125	34.6875
64745	32.1875	30.625	35.0
64781	31.875	31.25	34.6875
64817	31.875	31.875	34.0625
64853	32.5	32.1875	34.0625
64889	31.25	33.75	32.8125
64925	32.1875	34.0625	32.1875
64961	32.1875	34.0625	31.25
64997	32.5	33.75	30.3125
65033	34.0625	32.8125	30.3125
65069	35.3125	30.625	30.0
65105	36.25	30.0	30.625
65141	37.5	28.4375	30.9375
65177	38.125	28.4375	30.3125
65213	39.0625	27.1875	30.3125
65249	38.75	26.875	30.9375
65285	39.375	25.9375	31.875
65321	41.25	24.375	32.1875
65357	40.3125	24.6875	30.625
65393	39.375	25.3125	30.625
65429	39.6875	25.3125	30.0
65465	40.9375	25.9375	28.4375
65501	40.9375	27.1875	27.1875
65537	41.25	28.75	26.5625
65573	41.5625	29.6875	26.5625
65609	41.25	27.5	26.5625
65645	41.5625	27.1875	25.625
65681	41.5625	27.8125	24.6875
65717	41.25	27.8125	25.3125
65753	40.9375	29.6875	24.375
65789	40.625	30.0	24.375
65825	39.6875	31.5625	24.0625
65861	40.0	32.5	25.3125
65897	38.75	32.1875	25.3125
65933	38.75	32.8125	25.0
65969	37.8125	32.8125	25.3125
66005	36.25	34.0625	24.6875
66041	35.9375	34.0625	25.0
66077	36.875	33.4375	25.3125
66113	35.625	33.4375	25.625
66149	35.3125	33.4375	26.875
66185	34.0625	32.8125	27.8125
66221	34.0625	31.25	28.125
66257	32.5	32.5	27.1875
66293	32.8125	32.1875	27.5
66329	34.375	31.875	27.1875
66365	35.3125	30.3125	28.4375
66401	35.625	30.3125	29.0625
66437	35.625	28.75	30.0
66473	35.625	28.4375	31.5625
66509	36.25	26.875	32.5
66545	36.5625	26.5625	33.75
66581	36.5625	26.25	33.125
66617	35.9375	25.0	33.4375
66653	36.875	24.0625	33.125
66689	38.4375	23.4375	33.75
66725	38.4375	22.8125	33.75
66761	38.75	21.5625	33.75
66797	39.0625	20.3125	34.6875
66833	39.6875	18.4375	34.0625
66869	39.375	19.0625	35.3125
66905	38.125	19.375	36.5625
66941	37.8125	18.4375	37.8125
66977	38.125	18.125	37.8125
67013	36.25	18.75	38.4375
67049	36.875	18.125	39.0625
67085	35.9375	19.375	39.375
67121	35.9375	20.0	40.0
67157	36.25	21.5625	40.0
67193	37.1875	22.5	39.375
67229	37.1875	22.8125	40.3125
67265	35.625	24.0625	40.625
67301	35.625	24.6875	39.0625
67337	34.6875	25.3125	39.6875
67373	33.75	26.25	39.375
67409	32.5	26.25	39.375
67445	32.5	26.875	38.125
67481	31.5625	28.125	37.8125
67517	30.9375	30.0	36.875
67553	30.0	30.9375	38.125
67589	29.6875	32.1875	39.6875
67625	27.5	32.8125	41.5625
67661	26.25	32.5	41.875
67697	26.25	32.5	43.4375
67733	25.0	32.1875	43.4375
67769	24.6875	33.4375	45.0
67805	23.4375	34.375	44.375
67841	22.8125	33.125	45.9375
67877	23.4375	32.1875	44.0625
67913	23.4375	32.1875	43.4375
67949	22.8125	33.125	43.125
67985	22.8125	35.0	42.1875
68021	22.1875	35.9375	40.9375
68057	22.8125	37.5	38.75
68093	23.125	38.125	37.8125
68129	23.125	38.4375	36.875
68165	22.5	39.375	35.9375
68201	23.125	39.6875	34.6875
68237	23.125	41.5625	34.375
68273	23.125	43.125	34.375
68309	23.125	44.375	34.0625
68345	23.75	44.375	33.4375
68381	25.3125	45.3125	33.4375
68417	26.25	44.375	31.5625
68453	27.8125	45.625	31.25
68489	27.8125	45.0	30.3125
68525	28.125	46.25	29.6875
68561	28.75	47.1875	28.125
68597	29.375	47.1875	26.25
68633	30.625	48.4375	24.375
68669	30.9375	48.75	22.5
68705	32.1875	50.0	21.25
68741	32.8125	49.375	20.0
68777	34.6875	49.6875	19.0625
68813	35.625	51.25	18.4375
68849	36.25	53.125	17.1875
68885	36.25	54.6875	17.5
68921	36.5625	54.0625	18.125
68957	36.25	52.8125	18.4375
68993	36.875	51.5625	17.5
69029	37.1875	50.625	18.75
69065	36.875	50.3125	18.75
69101	37.1875	49.375	19.375
69137	36.875	48.4375	20.0
69173	36.25	45.9375	21.25
69209	36.5625	44.375	22.1875
69245	34.375	43.4375	23.125
69281	33.75	42.8125	24.0625
69317	33.125	43.4375	24.0625
69353	32.8125	42.8125	24.375
69389	30.625	42.5	26.25
69425	29.6875	41.875	27.1875
69461	30.0	40.3125	27.1875
69497	29.6875	39.0625	27.8125
69533	30.625	37.5	25.9375
69569	29.375	37.1875	27.1875
69605	29.0625	37.8125	28.125
69641	27.1875	37.8125	30.0
69677	26.5625	37.8125	31.5625
69713	25.625	36.5625	32.1875
69749	23.75	36.5625	33.75
69785	22.5	37.1875	34.375
69821	22.5	36.25	34.6875
69857	21.875	35.9375	35.625
69893	21.5625	34.6875	35.625
69929	20.9375	35.3125	36.25
69965	19.375	35.0	38.125
70001	20.0	35.0	38.125
70037	19.6875	34.6875	37.8125
70073	19.375	33.4375	38.125
70109	20.0	33.75	38.4375
70145	20.3125	33.75	38.4375
70181	21.25	32.8125	38.125
70217	22.8125	32.8125	37.1875
70253	22.1875	33.125	36.875
70289	23.125	33.125	37.1875
70325	23.75	32.8125	36.875
70361	25.0	32.1875	35.9375
70397	26.25	32.5	37.1875
70433	27.5	31.25	37.1875
70469	29.6875	30.9375	36.25
70505	30.625	30.9375	37.1875
70541	32.1875	29.6875	38.125
70577	33.125	29.375	37.1875
70613	35.0	28.4375	36.5625
70649	35.9375	27.1875	36.875
70685	37.5	26.5625	36.875
70721	38.75	26.25	36.5625
70757	40.625	24.0625	36.875
70793	42.1875	22.8125	37.1875
70829	42.5	23.4375	37.1875
70865	42.8125	23.4375	38.4375
70901	45.625	22.1875	38.4375
70937	46.5625	22.1875	38.75
70973	46.5625	22.1875	38.75
71009	48.125	21.5625	40.0
71045	47.1875	23.125	40.0
71081	47.8125	23.125	39.375
71117	46.5625	23.4375	37.5
71153	45.9375	23.4375	38.4375
71189	45.625	23.125	39.375
71225	44.0625	22.5	40.3125
71261	44.375	22.8125	39.6875
71297	44.0625	23.125	41.5625
71333	42.1875	23.4375	41.25
71369	40.0	24.375	41.5625
71405	38.125	25.9375	42.8125
71441	36.5625	27.1875	43.4375
71477	35.3125	28.4375	43.125
71513	35.0	29.0625	42.5
71549	35.3125	29.6875	41.875
71585	34.375	30.0	42.1875
71621	32.5	31.5625	41.5625
71657	30.9375	31.5625	41.5625
71693	29.6875	32.1875	40.0
71729	28.4375	32.8125	40.625
71765	28.75	32.8125	40.0
71801	28.75	31.875	40.3125
71837	29.0625	33.125	39.0625
71873	27.5	34.0625	39.0625
71909	27.8125	34.6875	39.0625
71945	27.8125	35.0	38.125
71981	26.5625	35.625	37.8125
72017	26.25	35.625	37.8125
72053	26.25	35.9375	38.125
72089	27.1875	35.625	38.125
72125	26.875	36.5625	37.5
72161	26.875	38.4375	36.5625
72197	26.5625	40.3125	38.4375
72233	26.25	39.0625	38.125
72269	25.9375	40.3125	37.5
72305	26.5625	40.0	38.125
72341	28.125	39.0625	37.1875
72377	27.8125	37.8125	37.5
72413	27.8125	38.125	37.8125
72449	28.4375	37.1875	38.4375
72485	27.5	36.25	39.375
72521	26.875	36.5625	40.0
72557	27.1875	36.25	39.0625
72593	27.8125	36.25	39.6875
72629	28.75	36.5625	40.3125
72665	28.4375	36.875	41.5625
72701	27.8125	36.5625	42.1875
72737	27.8125	36.875	43.125
72773	27.8125	36.5625	43.125
72809	28.125	36.875	41.875
72845	27.1875	36.875	42.5
72881	27.5	35.625	42.8125
72917	26.5625	36.5625	44.6875
72953	27.1875	35.0	45.3125
72989	27.1875	34.6875	46.25
73025	26.5625	35.0	47.5
73061	26.875	35.3125	47.8125
73097	27.5	35.3125	47.8125
73133	27.5	33.4375	47.8125
73169	27.5	32.8125	48.75
73205	28.4375	33.4375	48.75
73241	28.4375	33.4375	50.0
73277	27.8125	34.0625	50.625
73313	27.1875	34.375	51.5625
73349	27.8125	34.0625	51.875
73385	26.5625	34.375	51.875
73421	26.25	34.6875	52.1875
73457	25.625	35.625	51.25
73493	25.3125	36.25	50.0
73529	25.3125	35.3125	49.375
73565	24.375	35.625	49.375
73601	24.375	35.625	48.4375
73637	24.6875	35.0	46.25
73673	25.0	35.0	45.3125
73709	24.0625	35.9375	43.75
73745	23.75	36.25	43.75
73781	22.5	36.5625	44.0625
73817	22.8125	36.25	42.1875
73853	23.125	35.9375	40.0
73889	24.0625	35.625	39.375
73925	24.6875	35.9375	38.75
73961	26.5625	35.3125	36.875
73997	27.5	34.6875	36.5625
74033	28.125	34.6875	36.25
74069	27.5	35.3125	36.25
74105	28.125	35.3125	35.0
74141	29.375	34.6875	33.75
74177	30.625	33.4375	33.125
74213	31.25	33.125	31.5625
74249	31.875	32.8125	29.6875
74285	33.125	32.1875	28.75
74321	33.125	32.5	28.75
74357	34.6875	32.5	27.1875
74393	35.0	31.5625	27.5
74429	35.9375	30.625	26.875
74465	37.5	30.625	27.8125
74501	37.5	30.9375	29.375
74537	37.8125	30.3125	30.0
74573	38.4375	29.6875	30.3125
74609	39.375	29.0625	30.9375
74645	40.0	27.1875	31.25
74681	40.625	27.1875	30.9375
74717	41.5625	28.125	30.625
74753	41.875	29.0625	30.9375
74789	42.8125	29.6875	30.9375
74825	41.875	30.9375	30.9375
74861	40.0	31.875	30.0
74897	39.0625	31.875	30.625
74933	38.75	32.5	29.375
74969	39.0625	33.4375	29.0625
75005	38.75	33.75	29.0625
75041	38.4375	34.0625	29.375
75077	37.5	34.0625	28.75
75113	36.875	34.6875	28.125
75149	35.9375	35.3125	26.875
75185	35.625	35.9375	26.25
75221	35.625	37.1875	26.25
75257	35.625	37.8125	25.625
75293	35.625	38.4375	25.3125
75329	35.0	38.125	26.25
75365	33.75	39.375	26.25
75401	33.125	40.625	26.25
75437	33.125	40.3125	25.9375
75473	32.8125	41.25	24.375
75509	32.8125	42.8125	23.75
75545	32.1875	43.125	23.4375
75581	31.5625	44.375	23.4375
75617	31.5625	44.375	22.8125
75653	31.875	45.0	22.8125
75689	32.8125	44.375	22.5
75725	32.1875	44.375	24.375
75761	32.8125	43.125	25.3125
75797	33.125	44.375	24.6875
75833	34.0625	43.75	24.0625
75869	32.8125	42.8125	24.0625
75905	31.5625	42.5	26.5625
75941	31.25	42.8125	27.1875
75977	30.625	41.5625	27.1875
76013	30.3125	41.5625	27.1875
76049	31.25	41.25	27.1875
76085	30.625	40.625	29.0625
76121	29.6875	39.0625	29.375
76157	29.375	39.6875	30.625
76193	28.75	38.75	31.875
76229	27.1875	38.75	32.5
76265	26.25	39.375	31.5625
76301	27.1875	40.3125	30.625
76337	27.8125	38.4375	30.625
76373	27.1875	37.8125	31.875
76409	26.25	36.875	32.5
76445	26.5625	36.25	33.4375
76481	26.5625	35.9375	33.75
76517	26.25	36.25	33.75
76553	25.3125	36.25	33.75
76589	24.6875	35.625	33.4375
76625	23.75	34.375	33.125
76661	22.8125	32.5	33.125
76697	23.125	31.875	32.5
76733	22.8125	30.3125	32.1875
76769	22.5	29.0625	34.0625
76805	24.0625	27.8125	34.0625
76841	24.0625	27.8125	33.75
76877	25.9375	28.4375	32.1875
76913	25.9375	28.4375	31.5625
76949	27.1875	30.3125	30.9375
76985	27.1875	30.0	31.5625
77021	26.5625	29.6875	30.9375
77057	26.875	30.625	30.3125
77093	26.875	29.6875	30.625
77129	28.125	29.375	29.6875
77165	28.4375	30.625	30.9375
77201	28.75	30.9375	30.625
77237	28.75	30.625	30.3125
77273	29.0625	30.625	30.3125
77309	27.8125	31.5625	30.3125
77345	29.0625	33.125	28.125
77381	29.375	34.375	27.8125
77417	29.375	35.3125	25.625
77453	30.0	33.75	25.9375
77489	31.875	33.4375	25.625
77525	32.1875	33.75	25.9375
77561	33.125	33.125	26.875
77597	33.4375	33.75	27.1875
77633	34.0625	34.6875	27.5
77669	34.0625	35.0	27.1875
77705	33.75	35.9375	25.625
77741	32.5	37.1875	25.3125
77777	32.5	38.125	25.3125
77813	32.5	38.75	25.625
77849	33.125	37.5	25.625
77885	33.125	35.9375	26.25
77921	32.5	35.3125	25.625
77957	32.5	36.25	25.9375
77993	33.125	35.3125	26.875
78029	32.8125	35.625	26.5625
78065	33.75	35.3125	26.875
78101	32.8125	35.3125	26.875
78137	33.4375	34.0625	25.9375
78173	34.6875	32.1875	26.5625
78209	34.6875	31.875	26.25
78245	35.9375	31.5625	26.5625
78281	36.5625	30.9375	26.875
78317	36.25	29.6875	27.8125
78353	36.5625	29.0625	27.5
78389	36.25	28.75	28.4375
78425	35.3125	30.0	28.4375
78461	35.3125	29.0625	29.375
78497	35.0	29.6875	29.375
78533	34.375	30.0	29.6875
78569	35.3125	29.375	29.0625
78605	35.0	28.75	28.75
78641	34.375	29.6875	29.0625
78677	34.0625	28.4375	30.3125
78713	34.375	27.5	31.25
78749	34.375	27.1875	30.3125
78785	34.0625	26.25	31.5625
78821	34.6875	26.25	30.9375
78857	34.375	27.1875	31.25
78893	35.0	26.25	32.1875
78929	34.6875	25.9375	32.8125
78965	34.6875	25.3125	33.125
79001	34.6875	25.3125	33.75
79037	35.0	25.3125	34.6875
79073	34.0625	24.6875	35.0
79109	33.125	25.9375	33.75
79145	32.1875	26.875	33.75
79181	31.25	26.875	34.6875
79217	30.9375	27.5	34.375
79253	31.5625	27.8125	34.6875
79289	31.5625	28.4375	35.0
79325	30.9375	30.3125	35.0
79361	30.3125	31.5625	34.375
79397	30.3125	31.875	33.75
79433	30.3125	32.5	33.75
79469	30.9375	33.75	33.125
79505	30.9375	34.0625	32.8125
79541	30.625	35.0	33.4375
79577	30.3125	36.5625	33.4375
79613	30.9375	36.875	33.75
79649	31.5625	37.5	32.8125
79685	31.25	38.125	32.5
79721	30.3125	39.0625	32.5
79757	30.3125	39.6875	32.8125
79793	29.375	39.6875	33.125
79829	29.6875	41.25	32.1875
79865	29.375	42.1875	31.5625
79901	28.75	42.1875	30.9375
79937	29.0625	42.5	29.0625
79973	28.125	43.75	28.125
80009	28.125	45.3125	27.8125
80045	28.4375	46.25	27.5
80081	28.75	46.875	27.8125
80117	28.75	47.5	27.8125
80153	29.0625	46.875	27.5
80189	30.0	46.875	27.1875
80225	30.0	46.5625	26.25
80261	29.6875	45.625	27.1875
80297	29.6875	44.6875	27.8125
80333	30.0	44.0625	28.75
80369	29.375	44.375	29.0625
80405	29.6875	43.75	29.375
80441	29.0625	42.5	30.3125
80477	27.5	42.1875	30.3125
80513	28.4375	41.25	29.375
80549	28.4375	40.0	29.375
80585	29.0625	40.9375	28.4375
80621	28.75	42.1875	27.8125
80657	29.375	43.4375	27.1875
80693	30.0	44.375	27.1875
80729	30.3125	45.9375	27.5
80765	30.9375	45.9375	27.1875
80801	31.25	45.0	27.1875
80837	31.875	45.3125	26.5625
80873	32.1875	46.25	25.9375
80909	33.125	47.5	25.625
80945	34.375	47.8125	25.9375
80981	35.0	47.5	25.0
81017	36.25	46.5625	26.25
81053	37.5	47.5	25.3125
81089	36.875	47.1875	25.9375
81125	36.5625	47.5	26.25
81161	36.875	47.8125	25.3125
81197	37.1875	47.5	26.25
81233	37.8125	47.5	25.625
81269	38.4375	47.5	25.3125
81305	39.6875	47.1875	25.0
81341	39.0625	47.8125	25.0
81377	39.0625	48.4375	25.0
81413	39.6875	49.6875	24.6875
81449	39.375	50.3125	24.6875
81485	38.4375	50.3125	25.3125
81521	37.5	52.1875	25.625
81557	38.4375	50.9375	26.5625
81593	38.75	50.625	27.1875
81629	39.0625	48.75	26.875
81665	38.75	47.1875	26.5625
81701	38.125	46.25	25.625
81737	38.125	45.0	26.25
81773	38.75	44.6875	26.5625
81809	39.375	44.0625	26.875
81845	39.6875	42.5	27.5
81881	39.0625	41.25	28.125
81917	40.3125	40.625	27.5
81953	40.3125	38.4375	29.0625
81989	40.0	38.75	28.75
82025	38.75	38.125	28.75
82061	39.6875	37.1875	28.4375
82097	40.0	36.5625	28.4375
82133	39.375	35.9375	28.75
82169	40.0	35.0	29.0625
82205	40.625	34.6875	28.125
82241	40.9375	33.75	29.0625
82277	40.625	33.125	30.0
82313	41.25	31.875	30.9375
82349	41.5625	30.9375	31.25
82385	40.3125	29.375	33.125
82421	41.875	29.0625	31.875
82457	42.1875	27.8125	31.875
82493	41.875	26.25	32.5
82529	40.625	25.625	32.1875
82565	41.25	24.6875	31.25
82601	40.9375	25.0	30.9375
82637	39.6875	25.625	31.875
82673	40.3125	24.6875	32.1875
82709	39.6875	25.0	31.875
82745	38.125	24.6875	32.5
82781	37.5	25.0	32.5
82817	37.1875	25.625	33.125
82853	35.625	25.0	34.0625
82889	34.375	25.0	35.0
82925	33.125	25.9375	34.6875
82961	33.125	24.375	34.375
82997	32.1875	25.3125	35.3125
83033	31.875	26.5625	35.625
83069	30.0	27.1875	36.25
83105	29.6875	28.125	37.5
83141	28.125	28.75	37.1875
83177	26.875	30.3125	37.8125
83213	27.1875	30.3125	36.875
83249	27.5	30.625	35.3125
83285	27.5	29.6875	34.6875
83321	26.875	30.0	34.375
83357	28.125	29.375	35.0
83393	27.8125	29.6875	35.3125
83429	27.1875	30.625	35.9375
83465	27.8125	30.9375	35.9375
83501	28.4375	30.625	36.5625
83537	29.375	31.25	37.1875
83573	30.9375	30.9375	37.5
83609	30.9375	30.625	37.8125
83645	30.625	31.25	37.1875
83681	31.5625	31.25	37.1875
83717	31.25	31.875	36.25
83753	32.1875	30.9375	36.875
83789	33.4375	31.25	36.875
83825	34.6875	31.875	36.875
83861	35.0	31.875	36.5625
83897	35.625	31.25	36.5625
83933	36.25	31.25	36.5625
83969	38.125	28.75	36.875
84005	38.4375	27.8125	36.25
84041	40.0	28.4375	36.25
84077	40.3125	27.1875	35.3125
84113	40.0	28.125	35.0
84149	39.6875	27.5	34.6875
84185	38.4375	28.125	34.375
84221	38.4375	29.0625	35.3125
84257	38.75	29.375	34.375
84293	40.0	29.375	33.4375
84329	39.6875	29.0625	32.8125
84365	40.3125	28.125	33.75
84401	39.6875	27.5	33.125
84437	39.0625	27.1875	33.75
84473	38.125	27.5	34.0625
84509	37.5	29.0625	34.0625
84545	36.25	29.6875	33.125
84581	36.875	30.0	33.125
84617	38.4375	30.0	33.125
84653	38.4375	30.9375	32.8125
84689	37.8125	31.25	34.0625
84725	35.9375	32.1875	33.4375
84761	35.625	32.1875	33.4375
84797	35.0	32.1875	32.5
84833	34.375	33.4375	32.5
84869	33.75	35.0	30.9375
84905	34.0625	36.25	30.625
84941	32.5	37.5	30.9375
84977	32.1875	37.5	30.0
85013	31.875	37.5	29.0625
85049	33.125	38.4375	29.6875
85085	33.4375	39.0625	29.375
85121	34.375	38.125	28.4375
85157	33.75	37.8125	27.8125
85193	32.8125	37.1875	28.4375
85229	33.125	38.4375	28.125
85265	32.8125	38.4375	28.125
85301	32.8125	38.75	27.8125
85337	32.5	40.0	28.125
85373	34.375	40.0	28.125
85409	34.0625	39.0625	27.8125
85445	35.3125	38.125	27.5
85481	34.375	37.1875	26.875
85517	34.375	35.9375	27.1875
85553	34.6875	35.3125	27.5
85589	33.125	35.9375	27.5
85625	32.8125	36.5625	27.1875
85661	33.75	35.3125	28.125
85697	33.75	35.3125	29.0625
85733	33.75	34.375	28.125
85769	32.8125	34.6875	29.0625
85805	33.4375	32.5	28.75
85841	33.4375	31.5625	29.375
85877	33.125	30.625	29.375
85913	33.4375	30.9375	30.625
85949	32.8125	30.0	30.9375
85985	31.875	30.3125	30.3125
86021	31.5625	30.0	29.6875
86057	32.5	28.125	30.3125
86093	33.75	27.1875	30.9375
86129	34.0625	27.1875	31.875
86165	35.3125	26.25	31.25
86201	35.3125	25.9375	31.875
86237	34.0625	26.25	32.8125
86273	34.6875	25.625	32.1875
86309	34.6875	25.0	31.875
86345	35.0	24.6875	30.625
86381	35.0	24.6875	30.0
86417	34.6875	24.6875	30.3125
86453	34.6875	25.625	31.875
86489	35.0	25.625	31.875
86525	35.625	25.9375	31.5625
86561	36.25	25.3125	31.25
86597	35.625	25.3125	30.625
86633	35.625	27.1875	30.0
86669	36.5625	27.5	28.75
86705	37.1875	29.0625	27.8125
86741	37.5	28.4375	28.125
86777	36.5625	28.125	28.125
86813	35.9375	28.4375	29.6875
86849	36.25	28.4375	30.625
86885	36.5625	27.5	29.375
86921	36.5625	26.875	30.9375
86957	35.9375	27.8125	31.875
86993	35.9375	28.125	34.375
87029	35.3125	28.125	34.6875
87065	32.8125	28.4375	35.0
87101	33.4375	29.375	35.9375
87137	31.875	28.75	35.0
87173	31.5625	29.375	35.3125
87209	33.125	29.6875	35.0
87245	32.8125	29.375	35.9375
87281	32.5	30.3125	36.875
87317	31.5625	31.875	37.5
87353	31.875	31.875	37.5
87389	32.1875	32.1875	37.1875
87425	31.875	31.25	36.875
87461	31.875	32.1875	35.9375
87497	32.8125	31.875	36.5625
87533	34.6875	31.875	37.1875
87569	35.3125	30.625	37.5
87605	36.25	29.375	38.4375
87641	36.25	29.0625	39.375
87677	36.25	28.75	39.6875
87713	36.5625	28.125	40.3125
87749	37.1875	29.6875	39.0625
87785	38.4375	29.0625	38.4375
87821	38.4375	29.375	38.125
87857	39.375	29.375	38.125
87893	38.75	29.0625	36.25
87929	39.0625	27.5	34.0625
87965	38.125	27.5	33.75
88001	36.875	27.8125	34.0625
88037	36.875	27.5	33.75
88073	37.1875	27.5	33.75
88109	37.8125	28.125	34.6875
88145	36.875	28.125	34.6875
88181	35.0	29.0625	34.375
88217	34.6875	28.75	34.375
88253	34.375	28.75	34.375
88289	33.75	28.125	35.3125
88325	34.375	27.8125	35.0
88361	33.4375	27.5	36.25
88397	33.4375	27.8125	36.875
88433	32.1875	28.125	37.5
88469	30.3125	28.125	37.5
88505	29.6875	27.8125	36.875
88541	29.375	27.8125	35.9375
88577	30.0	27.8125	35.625
88613	30.3125	27.5	35.9375
88649	30.3125	26.875	35.625
88685	29.6875	26.875	35.625
88721	30.3125	25.625	36.25
88757	30.3125	25.9375	36.875
88793	30.625	26.25	36.875
88829	31.25	25.9375	36.875
88865	31.875	26.875	37.1875
88901	32.1875	26.875	36.875
88937	31.875	25.625	37.1875
88973	32.5	25.625	37.1875
89009	32.5	25.625	35.9375
89045	32.5	26.25	35.0
89081	31.875	26.25	34.6875
89117	31.5625	25.625	34.0625
89153	31.5625	25.9375	33.4375
89189	32.1875	26.25	33.125
89225	32.1875	25.9375	32.5
89261	32.1875	25.625	31.25
89297	32.5	25.0	31.875
89333	32.5	25.625	30.625
89369	33.75	25.0	29.6875
89405	34.0625	25.3125	30.3125
89441	33.75	25.0	31.25
89477	31.875	25.3125	30.9375
89513	30.3125	25.0	32.1875
89549	30.0	26.25	31.5625
89585	30.3125	26.25	31.25
89621	30.0	27.1875	31.875
89657	29.6875	28.125	30.9375
89693	29.0625	28.75	30.3125
89729	30.0	29.0625	30.0
89765	28.75	28.75	29.6875
89801	29.0625	29.6875	29.6875
89837	30.0	29.375	30.625
89873	30.3125	29.6875	30.0
89909	31.5625	30.3125	29.6875
89945	32.1875	30.0	29.375
89981	32.5	29.375	29.6875
90017	33.125	29.0625	30.9375
90053	34.0625	29.375	30.9375
90089	34.375	29.0625	31.25
90125	35.0	27.1875	31.25
90161	35.0	27.8125	30.9375
90197	34.6875	28.4375	31.5625
90233	34.375	29.0625	31.5625
90269	33.75	29.375	30.0
90305	33.4375	29.0625	30.9375
90341	32.8125	28.75	30.9375
90377	33.4375	28.4375	29.6875
90413	34.6875	29.0625	29.6875
90449	34.6875	29.375	29.6875
90485	35.9375	28.125	29.6875
90521	35.3125	27.5	31.5625
90557	35.3125	26.5625	30.3125
90593	35.0	26.5625	30.0
90629	35.3125	26.25	31.875
90665	35.0	26.25	32.8125
90701	32.8125	26.875	33.4375
90737	34.0625	27.1875	32.5
90773	33.4375	27.1875	34.0625
90809	32.5	27.8125	34.6875
90845	31.5625	28.4375	35.0
90881	30.9375	28.4375	34.0625
90917	31.25	28.75	34.0625
90953	30.9375	29.0625	35.3125
90989	30.3125	29.0625	34.6875
91025	31.5625	30.625	35.9375
91061	30.0	30.9375	35.0
91097	30.0	30.625	36.25
91133	30.0	30.9375	36.5625
91169	30.625	30.9375	36.25
91205	30.0	30.625	36.875
91241	29.375	30.3125	36.25
91277	30.0	31.25	35.3125
91313	30.0	30.9375	35.3125
91349	28.4375	30.0	35.3125
91385	28.125	30.3125	35.0
91421	27.8125	30.3125	35.0
91457	28.125	30.3125	34.6875
91493	27.1875	31.875	33.4375
91529	25.9375	31.25	33.4375
91565	26.25	31.25	33.125
91601	25.9375	30.9375	33.125
91637	27.1875	30.3125	31.875
91673	27.8125	30.0	31.5625
91709	27.1875	30.3125	32.1875
91745	27.5	30.625	31.25
91781	29.375	30.625	30.3125
91817	29.6875	30.625	31.5625
91853	30.9375	32.8125	30.9375
91889	30.625	33.75	30.0
91925	31.25	33.4375	29.375
91961	30.9375	32.5	29.375
91997	30.9375	32.1875	28.125
92033	31.875	31.5625	28.4375
92069	32.5	32.5	29.375
92105	32.8125	31.25	28.75
92141	34.375	31.25	28.125
92177	35.9375	31.25	27.8125
92213	35.625	31.25	28.75
92249	35.625	30.3125	28.75
92285	35.3125	30.625	28.75
92321	36.875	31.25	29.6875
92357	37.1875	30.625	29.6875
92393	37.1875	30.625	30.0
92429	37.8125	30.625	29.375
92465	37.1875	31.25	29.375
92501	37.8125	31.875	29.6875
92537	38.75	32.8125	29.375
92573	39.0625	33.75	29.375
92609	38.125	33.4375	28.75
92645	36.5625	33.4375	27.8125
92681	35.625	31.875	27.1875
92717	35.3125	31.25	27.5
92753	33.4375	31.25	28.4375
92789	33.4375	30.3125	28.125
92825	33.125	29.0625	28.75
92861	33.125	27.8125	28.4375
92897	32.1875	29.0625	29.0625
92933	32.5	29.0625	27.8125
92969	32.1875	28.4375	28.4375
93005	31.25	28.125	29.375
93041	30.3125	28.4375	28.75
93077	29.6875	29.0625	29.375
93113	28.125	29.0625	29.6875
93149	27.5	29.375	29.6875
93185	28.125	29.375	29.375
93221	28.4375	29.375	30.9375
93257	27.8125	30.0	29.375
93293	27.1875	30.3125	29.0625
93329	26.5625	31.5625	27.8125
93365	25.625	31.875	28.4375
93401	25.0	32.8125	27.5
93437	25.625	33.75	28.4375
93473	25.3125	34.0625	27.5
93509	24.6875	33.75	26.25
93545	23.75	34.0625	26.5625
93581	23.75	34.6875	27.5
93617	24.6875	35.0	28.4375
93653	25.3125	35.9375	28.4375
93689	25.3125	35.9375	27.1875
93725	25.3125	35.3125	27.1875
93761	25.625	35.9375	27.1875
93797	25.9375	35.3125	27.1875
93833	25.9375	36.25	27.1875
93869	25.3125	36.25	27.5
93905	25.9375	36.25	27.8125
93941	25.9375	36.5625	27.1875
93977	27.1875	37.8125	25.625
94013	27.5	37.5	26.5625
94049	27.1875	37.5	26.25
94085	27.5	37.8125	25.3125
94121	28.75	37.5	24.6875
94157	27.8125	39.0625	24.0625
94193	27.8125	39.0625	24.6875
94229	28.125	38.75	25.3125
94265	29.375	38.4375	26.25
94301	30.3125	39.0625	25.9375
94337	30.3125	39.375	26.875
94373	29.375	38.4375	27.5
94409	29.0625	38.125	27.1875
94445	29.0625	38.125	26.875
94481	28.4375	36.5625	27.8125
94517	29.375	35.625	27.5
94553	30.0	35.9375	28.125
94589	29.0625	36.25	27.8125
94625	28.75	37.1875	26.875
94661	28.75	37.5	28.125
94697	27.5	37.5	29.6875
94733	27.5	38.125	30.0
94769	27.5	37.8125	30.3125
94805	26.5625	37.1875	30.9375
94841	27.5	36.875	30.625
94877	27.1875	35.9375	31.5625
94913	28.125	35.9375	30.3125
94949	27.1875	36.25	31.25
94985	27.1875	36.5625	30.3125
95021	28.75	36.875	32.1875
95057	28.4375	37.5	33.75
95093	28.4375	36.875	34.375
95129	28.75	36.5625	35.0
95165	28.4375	35.9375	34.6875
95201	29.0625	35.0	36.25
95237	28.125	34.375	36.25
95273	26.875	31.5625	37.1875
95309	27.1875	31.5625	37.5
95345	27.5	31.25	38.4375
95381	28.75	30.9375	37.8125
95417	29.6875	30.3125	37.8125
95453	30.0	32.1875	36.5625
95489	30.625	33.125	36.25
95525	30.625	34.375	36.25
95561	30.3125	33.75	36.5625
95597	30.625	32.8125	36.875
95633	31.5625	32.8125	35.9375
95669	32.5	32.8125	35.3125
95705	32.5	33.125	35.9375
95741	32.1875	34.375	36.25
95777	33.4375	33.125	35.0
95813	33.4375	34.6875	35.3125
95849	32.8125	35.0	35.625
95885	32.1875	35.625	35.625
95921	32.5	35.3125	35.3125
95957	31.875	34.6875	35.0
95993	30.9375	35.625	33.75
96029	30.3125	35.625	32.8125
96065	29.0625	37.1875	33.4375
96101	29.0625	36.875	33.4375
96137	29.6875	37.8125	32.1875
96173	28.75	38.75	32.1875
96209	29.6875	37.5	31.875
96245	30.0	37.1875	31.25
96281	30.0	37.1875	32.1875
96317	30.3125	37.1875	32.8125
96353	29.0625	37.8125	33.75
96389	28.4375	36.25	34.0625
96425	28.125	34.0625	35.3125
96461	27.8125	33.125	34.6875
96497	27.8125	32.8125	34.6875
96533	28.75	34.0625	34.375
96569	29.0625	33.125	35.3125
96605	29.0625	33.4375	34.375
96641	28.75	32.8125	33.75
96677	27.8125	32.8125	33.75
96713	27.1875	32.1875	34.0625
96749	25.625	32.1875	35.9375
96785	26.25	31.25	35.9375
96821	26.25	30.9375	36.875
96857	26.25	31.5625	37.1875
96893	25.3125	30.9375	38.4375
96929	25.3125	29.375	39.6875
96965	24.6875	29.375	39.375
97001	25.3125	28.125	39.6875
97037	25.9375	28.125	38.4375
97073	26.25	28.75	37.1875
97109	28.75	28.75	36.5625
97145	29.0625	28.75	35.9375
97181	29.6875	29.6875	35.3125
97217	30.9375	30.3125	34.0625
97253	31.875	30.0	33.125
97289	32.5	29.375	32.5
97325	33.75	28.75	31.875
97361	35.0	29.6875	32.1875
97397	35.625	30.625	31.5625
97433	35.3125	30.9375	31.25
97469	35.9375	29.0625	31.5625
97505	34.0625	30.0	30.9375
97541	34.6875	29.6875	30.625
97577	33.4375	30.3125	30.9375
97613	33.125	30.0	30.9375
97649	32.8125	30.9375	31.25
97685	33.4375	31.5625	31.25
97721	34.0625	32.8125	30.3125
97757	33.75	31.875	29.6875
97793	34.0625	31.875	28.75
97829	34.375	32.1875	29.0625
97865	33.75	33.75	28.125
97901	35.3125	35.0	27.1875
97937	35.9375	35.625	26.875
97973	36.25	35.3125	27.1875
98009	36.25	34.375	28.125
98045	34.6875	34.0625	29.375
98081	33.75	34.6875	29.0625
98117	33.75	34.6875	28.4375
98153	32.8125	33.75	29.0625
98189	32.1875	34.6875	29.6875
98225	32.1875	35.0	29.0625
98261	31.875	35.3125	29.375
98297	31.25	35.3125	29.375
98333	30.625	36.25	29.375
98369	30.0	36.25	31.25
98405	29.6875	35.625	31.5625
98441	29.0625	35.3125	31.5625
98477	30.3125	34.0625	31.5625
98513	30.0	32.8125	31.875
98549	31.25	31.875	32.5