# BASE VAL1 VAL2
# color 0:255:0 0:0:255 100:100:100
71	25.0	10.0	45.0
215	60.0	5.0	20.0
359	50.0	20.0	25.0
503	40.0	55.0	20.0
647	45.0	50.0	35.0
791	35.0	20.0	30.0
935	30.0	40.0	55.0
1079	40.0	50.0	10.0
1223	35.0	25.0	35.0
1367	50.0	25.0	0.0
1511	35.0	45.0	35.0
1655	55.0	30.0	15.0
1799	40.0	35.0	25.0
1943	30.0	30.0	30.0
2087	35.0	40.0	20.0
2231	45.0	40.0	25.0
2375	25.0	20.0	30.0
2519	25.0	30.0	30.0
2663	30.0	20.0	35.0
2807	50.0	30.0	20.0
2951	55.0	25.0	20.0
3095	45.0	20.0	30.0
3239	50.0	25.0	30.0
3383	50.0	30.0	25.0
3527	50.0	35.0	10.0
3671	40.0	45.0	35.0
3815	30.0	30.0	25.0
3959	50.0	30.0	35.0
4103	50.0	25.0	25.0
4247	50.0	40.0	10.0
4391	45.0	40.0	15.0
4535	20.0	55.0	35.0
4679	55.0	20.0	35.0
4823	55.0	25.0	25.0
4967	25.0	35.0	40.0
5111	25.0	45.0	50.0
5255	25.0	55.0	25.0
5399	10.0	60.0	45.0
5543	10.0	35.0	45.0
5687	25.0	30.0	35.0
5831	30.0	40.0	35.0
5975	10.0	50.0	25.0
6119	20.0	25.0	35.0
6263	10.0	55.0	50.0
6407	5.0	45.0	30.0
6551	15.0	40.0	35.0
6695	25.0	40.0	45.0
6839	15.0	50.0	30.0
6983	15.0	50.0	35.0
7127	10.0	25.0	40.0
7271	15.0	40.0	50.0
7415	20.0	35.0	50.0
7559	25.0	25.0	35.0
7703	25.0	50.0	35.0
7847	10.0	45.0	45.0
7991	25.0	35.0	30.0
8135	40.0	55.0	30.0
8279	45.0	50.0	15.0
8423	40.0	55.0	15.0
8567	35.0	35.0	30.0
8711	45.0	30.0	25.0
8855	40.0	40.0	0.0
8999	40.0	35.0	10.0
9143	50.0	35.0	10.0
9287	50.0	45.0	5.0
9431	50.0	45.0	10.0
9575	45.0	30.0	10.0
9719	30.0	40.0	20.0
9863	40.0	45.0	15.0
10007	40.0	55.0	0.0
10151	35.0	50.0	0.0
10295	35.0	40.0	10.0
10439	45.0	45.0	5.0
10583	35.0	40.0	5.0
10727	25.0	20.0	5.0
10871	25.0	50.0	5.0
11015	45.0	35.0	5.0
11159	45.0	40.0	0.0
11303	25.0	45.0	20.0
11447	25.0	25.0	0.0
11591	50.0	30.0	25.0
11735	40.0	50.0	15.0
11879	50.0	20.0	10.0
12023	45.0	45.0	15.0
12167	40.0	40.0	40.0
12311	20.0	30.0	10.0
12455	45.0	55.0	5.0
12599	30.0	25.0	15.0
12743	25.0	50.0	15.0
12887	30.0	35.0	5.0
13031	25.0	15.0	0.0
13175	30.0	45.0	5.0
13319	40.0	50.0	15.0
13463	40.0	25.0	15.0
13607	25.0	5.0	10.0
13751	30.0	45.0	5.0
13895	30.0	45.0	25.0
14039	30.0	10.0	30.0
14183	35.0	25.0	15.0
14327	45.0	20.0	20.0
14471	30.0	25.0	35.0
14615	40.0	15.0	10.0
14759	50.0	20.0	20.0
14903	45.0	25.0	40.0
15047	15.0	40.0	30.0
15191	15.0	40.0	55.0
15335	10.0	45.0	50.0
15479	50.0	30.0	25.0
15623	45.0	40.0	20.0
15767	35.0	25.0	25.0
15911	35.0	25.0	20.0
16055	30.0	75.0	30.0
16199	30.0	45.0	50.0
16343	20.0	60.0	35.0
16487	25.0	40.0	35.0
16631	20.0	55.0	50.0
16775	45.0	55.0	20.0
16919	35.0	45.0	30.0
17063	25.0	30.0	40.0
17207	40.0	30.0	35.0
17351	45.0	35.0	25.0
17495	60.0	50.0	10.0
17639	45.0	40.0	35.0
17783	30.0	50.0	25.0
17927	50.0	30.0	50.0
18071	40.0	35.0	25.0
18215	30.0	45.0	25.0
18359	60.0	40.0	20.0
18503	40.0	40.0	45.0
18647	45.0	50.0	30.0
18791	15.0	60.0	25.0
18935	15.0	45.0	30.0
19079	10.0	55.0	20.0
19223	20.0	45.0	10.0
19367	20.0	50.0	45.0
19511	35.0	35.0	20.0
19655	20.0	35.0	40.0
19799	30.0	15.0	30.0
19943	55.0	40.0	25.0
20087	50.0	15.0	25.0
20231	60.0	40.0	10.0
20375	45.0	40.0	5.0
20519	25.0	25.0	45.0
20663	40.0	15.0	45.0
20807	40.0	20.0	40.0
20951	25.0	35.0	20.0
21095	30.0	20.0	45.0
21239	25.0	25.0	40.0
21383	15.0	35.0	35.0
21527	45.0	20.0	45.0
21671	30.0	15.0	30.0
21815	35.0	25.0	40.0
21959	40.0	15.0	50.0
22103	40.0	20.0	55.0
22247	40.0	25.0	35.0
22391	30.0	30.0	65.0
22535	35.0	25.0	65.0
22679	50.0	30.0	55.0
22823	25.0	30.0	15.0
22967	50.0	20.0	25.0
23111	50.0	35.0	10.0
23255	60.0	60.0	15.0
23399	25.0	35.0	30.0
23543	15.0	35.0	25.0
23687	15.0	35.0	35.0
23831	25.0	50.0	20.0
23975	30.0	20.0	30.0
24119	40.0	25.0	30.0
24263	15.0	45.0	35.0
24407	35.0	35.0	35.0
24551	10.0	60.0	35.0
24695	40.0	30.0	15.0
24839	45.0	20.0	15.0
24983	35.0	30.0	25.0
25127	35.0	20.0	30.0
25271	30.0	50.0	25.0
25415	15.0	45.0	45.0
25559	10.0	45.0	35.0
25703	15.0	65.0	25.0
25847	15.0	35.0	35.0
25991	35.0	40.0	15.0
26135	30.0	25.0	15.0
26279	45.0	20.0	30.0
26423	45.0	40.0	5.0
26567	45.0	35.0	20.0
26711	50.0	45.0	15.0
26855	30.0	20.0	35.0
26999	55.0	30.0	10.0
27143	60.0	35.0	10.0
27287	35.0	45.0	15.0
27431	45.0	45.0	20.0
27575	55.0	15.0	35.0
27719	40.0	55.0	10.0
27863	40.0	45.0	20.0
28007	50.0	50.0	5.0
28151	45.0	35.0	5.0
28295	40.0	25.0	0.0
28439	30.0	50.0	20.0
28583	55.0	40.0	10.0
28727	30.0	45.0	20.0
28871	35.0	25.0	20.0
29015	35.0	40.0	15.0
29159	40.0	35.0	5.0
29303	25.0	20.0	35.0
29447	40.0	20.0	30.0
29591	35.0	30.0	30.0
29735	55.0	35.0	15.0
29879	20.0	45.0	30.0
30023	35.0	35.0	45.0
30167	60.0	65.0	5.0
30311	60.0	45.0	20.0
30455	35.0	35.0	25.0
30599	45.0	45.0	0.0
30743	45.0	35.0	30.0
30887	50.0	65.0	10.0
31031	55.0	30.0	15.0
31175	50.0	45.0	15.0
31319	70.0	45.0	10.0
31463	40.0	25.0	20.0
31607	50.0	55.0	5.0
31751	50.0	60.0	10.0
31895	35.0	50.0	15.0
32039	45.0	40.0	30.0
32183	65.0	55.0	5.0
32327	55.0	35.0	15.0
32471	25.0	40.0	50.0
32615	15.0	55.0	30.0
32759	15.0	55.0	40.0
32903	30.0	25.0	55.0
33047	20.0	50.0	35.0
33191	15.0	50.0	50.0
33335	5.0	55.0	55.0
33479	15.0	45.0	55.0
33623	15.0	45.0	25.0
33767	15.0	55.0	60.0
33911	45.0	30.0	45.0
34055	25.0	20.0	60.0
34199	50.0	10.0	60.0
34343	35.0	20.0	45.0
34487	40.0	15.0	60.0
34631	40.0	10.0	45.0
34775	55.0	20.0	35.0
34919	35.0	25.0	65.0
35063	20.0	5.0	60.0
35207	40.0	25.0	50.0
35351	45.0	15.0	50.0
35495	35.0	25.0	45.0
35639	60.0	25.0	35.0
35783	45.0	5.0	65.0
35927	35.0	20.0	45.0
36071	35.0	10.0	60.0
36215	35.0	25.0	55.0
36359	50.0	25.0	50.0
36503	35.0	25.0	50.0
36647	35.0	35.0	45.0
36791	35.0	25.0	55.0
36935	25.0	20.0	35.0
37079	25.0	20.0	45.0
37223	30.0	15.0	55.0
37367	35.0	15.0	45.0
37511	45.0	10.0	60.0
37655	30.0	20.0	40.0
37799	40.0	10.0	65.0
37943	45.0	15.0	45.0
38087	35.0	25.0	60.0
38231	60.0	5.0	55.0
38375	55.0	25.0	50.0
38519	40.0	25.0	50.0
38663	55.0	15.0	55.0
38807	50.0	20.0	45.0
38951	25.0	10.0	40.0
39095	20.0	20.0	50.0
39239	45.0	10.0	25.0
39383	40.0	10.0	70.0
39527	30.0	15.0	50.0
39671	30.0	30.0	55.0
39815	35.0	15.0	55.0
39959	35.0	25.0	35.0
40103	45.0	5.0	40.0
40247	25.0	10.0	50.0
40391	40.0	20.0	40.0
40535	20.0	35.0	50.0
40679	45.0	40.0	40.0
40823	50.0	0.0	40.0
40967	75.0	20.0	25.0
41111	40.0	25.0	45.0
41255	45.0	10.0	50.0
41399	30.0	30.0	40.0
41543	50.0	20.0	20.0
41687	30.0	35.0	25.0
41831	25.0	35.0	35.0
41975	45.0	25.0	30.0
42119	50.0	35.0	45.0
42263	30.0	35.0	30.0
42407	40.0	20.0	45.0
42551	50.0	30.0	40.0
42695	40.0	30.0	30.0
42839	55.0	15.0	45.0
42983	40.0	30.0	30.0
43127	50.0	20.0	45.0
43271	45.0	10.0	30.0
43415	55.0	10.0	40.0
43559	55.0	10.0	50.0
43703	35.0	25.0	40.0
43847	40.0	25.0	35.0
43991	60.0	5.0	45.0
44135	50.0	15.0	30.0
44279	40.0	25.0	35.0
44423	35.0	25.0	40.0
44567	40.0	25.0	35.0
44711	35.0	15.0	35.0
44855	20.0	40.0	35.0
44999	40.0	55.0	10.0
45143	15.0	50.0	5.0
45287	55.0	50.0	10.0
45431	20.0	40.0	15.0
45575	30.0	45.0	40.0
45719	30.0	40.0	35.0
45863	35.0	40.0	40.0
46007	25.0	25.0	35.0
46151	55.0	65.0	5.0
46295	20.0	30.0	35.0
46439	25.0	30.0	20.0
46583	30.0	60.0	10.0
46727	35.0	40.0	30.0
46871	30.0	45.0	25.0
47015	30.0	45.0	20.0
47159	25.0	55.0	15.0
47303	25.0	40.0	35.0
47447	30.0	50.0	25.0
47591	35.0	35.0	30.0
47735	30.0	60.0	10.0
47879	35.0	40.0	25.0
48023	35.0	35.0	15.0
48167	35.0	45.0	20.0
48311	20.0	35.0	35.0
48455	40.0	30.0	30.0
48599	40.0	40.0	30.0
48743	25.0	45.0	25.0
48887	30.0	50.0	35.0
49031	30.0	35.0	25.0
49175	35.0	40.0	35.0
49319	30.0	60.0	10.0
49463	35.0	45.0	20.0
49607	20.0	50.0	20.0
49751	30.0	35.0	30.0
49895	25.0	50.0	30.0
50039	15.0	40.0	30.0
50183	20.0	40.0	30.0
50327	45.0	30.0	20.0
50471	30.0	55.0	20.0
50615	30.0	55.0	15.0
50759	40.0	35.0	20.0
50903	45.0	30.0	25.0
51047	55.0	40.0	20.0
51191	40.0	50.0	15.0
51335	25.0	55.0	25.0
51479	20.0	45.0	15.0
51623	35.0	30.0	50.0
51767	55.0	50.0	10.0
51911	30.0	20.0	25.0
52055	35.0	25.0	30.0
52199	30.0	40.0	50.0
52343	40.0	35.0	30.0
52487	50.0	20.0	45.0
52631	50.0	20.0	40.0
52775	45.0	20.0	20.0
52919	45.0	20.0	35.0
53063	45.0	65.0	25.0
53207	50.0	30.0	35.0
53351	30.0	40.0	35.0
53495	30.0	40.0	50.0
53639	30.0	25.0	30.0
53783	50.0	40.0	35.0
53927	25.0	60.0	20.0
54071	40.0	25.0	35.0
54215	35.0	60.0	5.0
54359	35.0	20.0	25.0
54503	45.0	10.0	25.0
54647	10.0	40.0	50.0
54791	5.0	30.0	45.0
54935	55.0	5.0	25.0
55079	20.0	20.0	50.0
55223	5.0	45.0	55.0
55367	25.0	20.0	35.0
55511	50.0	30.0	0.0
55655	25.0	30.0	15.0
55799	60.0	25.0	50.0
55943	40.0	35.0	5.0
56087	30.0	45.0	30.0
56231	20.0	55.0	20.0
56375	20.0	25.0	45.0
56519	15.0	25.0	35.0
56663	55.0	15.0	40.0
56807	15.0	35.0	50.0
56951	35.0	20.0	40.0
57095	30.0	35.0	35.0
57239	15.0	30.0	45.0
57383	5.0	60.0	55.0
57527	30.0	25.0	45.0
57671	10.0	45.0	55.0
57815	25.0	35.0	35.0
57959	10.0	40.0	55.0
58103	20.0	40.0	30.0
58247	5.0	30.0	50.0
58391	25.0	35.0	35.0
58535	20.0	45.0	55.0
58679	10.0	20.0	55.0
58823	5.0	25.0	50.0
58967	25.0	25.0	60.0
59111	30.0	20.0	50.0
59255	55.0	10.0	45.0
59399	35.0	20.0	20.0
59543	30.0	25.0	50.0
59687	25.0	40.0	30.0
59831	25.0	40.0	35.0
59975	15.0	45.0	35.0
60119	20.0	45.0	30.0
60263	15.0	55.0	40.0
60407	10.0	55.0	55.0
60551	65.0	40.0	10.0
60695	30.0	30.0	15.0
60839	50.0	45.0	10.0
60983	30.0	35.0	20.0
61127	30.0	45.0	30.0
61271	45.0	20.0	20.0
61415	35.0	40.0	30.0
61559	35.0	40.0	15.0
61703	35.0	35.0	25.0
61847	25.0	70.0	20.0
61991	40.0	45.0	30.0
62135	35.0	45.0	40.0
62279	40.0	20.0	45.0
62423	50.0	40.0	30.0
62567	40.0	55.0	30.0
62711	15.0	60.0	25.0
62855	30.0	40.0	40.0
62999	25.0	50.0	20.0
63143	45.0	55.0	30.0
63287	25.0	40.0	15.0
63431	20.0	40.0	45.0
63575	65.0	45.0	20.0
63719	60.0	40.0	20.0
63863	35.0	15.0	30.0
64007	40.0	40.0	25.0
64151	35.0	30.0	25.0
64295	55.0	20.0	15.0
64439	45.0	20.0	20.0
64583	40.0	20.0	20.0
64727	45.0	5.0	30.0
64871	45.0	10.0	40.0
65015	50.0	30.0	45.0
65159	25.0	40.0	25.0
65303	30.0	50.0	35.0
65447	30.0	15.0	35.0
65591	20.0	35.0	40.0
65735	40.0	25.0	35.0
65879	40.0	40.0	15.0
66023	55.0	20.0	20.0
66167	45.0	20.0	15.0
66311	30.0	15.0	25.0
66455	40.0	40.0	10.0
66599	35.0	30.0	25.0
66743	30.0	55.0	25.0
66887	40.0	30.0	5.0
67031	45.0	30.0	30.0
67175	25.0	5.0	50.0
67319	55.0	5.0	40.0
67463	40.0	20.0	50.0
67607	45.0	10.0	25.0
67751	45.0	25.0	40.0
67895	10.0	25.0	60.0
68039	25.0	30.0	55.0
68183	40.0	40.0	35.0
68327	30.0	30.0	35.0
68471	30.0	50.0	20.0
68615	15.0	25.0	55.0
68759	10.0	45.0	50.0
68903	25.0	40.0	10.0
69047	30.0	55.0	15.0
69191	25.0	75.0	10.0
69335	45.0	40.0	25.0
69479	20.0	65.0	20.0
69623	45.0	40.0	15.0
69767	50.0	40.0	20.0
69911	25.0	55.0	25.0
70055	35.0	45.0	30.0
70199	10.0	35.0	35.0
70343	15.0	35.0	40.0
70487	30.0	20.0	20.0
70631	20.0	50.0	55.0
70775	10.0	65.0	40.0
70919	10.0	45.0	45.0
71063	40.0	15.0	40.0
71207	25.0	30.0	20.0
71351	65.0	25.0	40.0
71495	70.0	10.0	55.0
71639	60.0	10.0	45.0
71783	25.0	40.0	45.0
71927	35.0	25.0	55.0
72071	15.0	20.0	20.0
72215	20.0	40.0	25.0
72359	15.0	55.0	45.0
72503	55.0	35.0	30.0
72647	10.0	35.0	30.0
72791	40.0	35.0	40.0
72935	35.0	30.0	30.0
73079	25.0	25.0	25.0
73223	15.0	35.0	55.0
73367	25.0	30.0	45.0
73511	20.0	25.0	40.0
73655	5.0	45.0	60.0
73799	30.0	40.0	40.0
73943	30.0	25.0	50.0
74087	35.0	25.0	40.0
74231	20.0	45.0	70.0
74375	20.0	30.0	60.0
74519	30.0	20.0	20.0
74663	25.0	55.0	20.0
74807	30.0	25.0	15.0
74951	55.0	20.0	35.0
75095	45.0	35.0	35.0
75239	40.0	25.0	25.0
75383	45.0	20.0	35.0
75527	30.0	20.0	30.0
75671	40.0	45.0	15.0
75815	15.0	35.0	30.0
75959	25.0	40.0	35.0
76103	35.0	50.0	15.0
76247	55.0	45.0	25.0
76391	45.0	35.0	30.0
76535	30.0	40.0	20.0
76679	35.0	55.0	45.0
76823	15.0	20.0	15.0
76967	10.0	25.0	30.0
77111	15.0	50.0	35.0
77255	30.0	50.0	25.0
77399	30.0	20.0	45.0
77543	25.0	25.0	15.0
77687	40.0	15.0	35.0
77831	40.0	40.0	20.0
77975	20.0	25.0	25.0
78119	35.0	40.0	40.0
78263	15.0	45.0	25.0
78407	40.0	25.0	15.0
78551	40.0	25.0	40.0
78695	25.0	45.0	15.0
78839	40.0	15.0	35.0
78983	25.0	30.0	40.0
79127	55.0	10.0	40.0
79271	30.0	35.0	25.0
79415	45.0	30.0	25.0
79559	35.0	20.0	25.0
79703	35.0	15.0	35.0
79847	30.0	25.0	50.0
79991	35.0	30.0	50.0
80135	25.0	45.0	35.0
80279	35.0	70.0	20.0
80423	40.0	60.0	15.0
80567	30.0	55.0	30.0
80711	25.0	40.0	30.0
80855	15.0	30.0	25.0
80999	20.0	60.0	30.0
81143	50.0	40.0	35.0
81287	20.0	50.0	35.0
81431	20.0	30.0	35.0
81575	30.0	60.0	10.0
81719	40.0	55.0	40.0
81863	45.0	60.0	10.0
82007	55.0	50.0	35.0
82151	65.0	35.0	15.0
82295	30.0	55.0	30.0
82439	5.0	30.0	50.0
82583	30.0	40.0	25.0
82727	50.0	20.0	40.0
82871	50.0	35.0	25.0
83015	30.0	35.0	25.0
83159	55.0	15.0	30.0
83303	45.0	25.0	35.0
83447	35.0	15.0	40.0
83591	10.0	35.0	25.0
83735	25.0	25.0	30.0
83879	20.0	35.0	45.0
84023	10.0	40.0	55.0
84167	40.0	60.0	30.0
84311	35.0	25.0	45.0
84455	45.0	30.0	35.0
84599	20.0	25.0	25.0
84743	55.0	30.0	50.0
84887	35.0	20.0	45.0
85031	35.0	30.0	30.0
85175	35.0	45.0	35.0
85319	40.0	20.0	35.0
85463	40.0	45.0	35.0
85607	50.0	25.0	25.0
85751	30.0	40.0	45.0
85895	25.0	55.0	35.0
86039	35.0	65.0	15.0
86183	30.0	40.0	25.0
86327	45.0	30.0	45.0
86471	25.0	20.0	15.0
86615	40.0	30.0	45.0
86759	30.0	30.0	25.0
86903	25.0	35.0	45.0
87047	70.0	10.0	30.0
87191	35.0	25.0	40.0
87335	50.0	15.0	15.0
87479	40.0	30.0	30.0
87623	35.0	55.0	15.0
87767	15.0	25.0	55.0
87911	25.0	40.0	55.0
88055	25.0	35.0	50.0
88199	45.0	25.0	45.0
88343	40.0	35.0	40.0
88487	65.0	25.0	35.0
88631	40.0	45.0	30.0
88775	35.0	25.0	35.0
88919	20.0	25.0	35.0
89063	30.0	35.0	40.0
89207	15.0	30.0	45.0
89351	10.0	30.0	60.0
89495	55.0	15.0	25.0
89639	35.0	20.0	40.0
89783	55.0	25.0	35.0
89927	20.0	15.0	45.0
90071	10.0	25.0	20.0
90215	30.0	15.0	25.0
90359	35.0	45.0	40.0
90503	25.0	35.0	30.0
90647	25.0	45.0	20.0
90791	45.0	35.0	25.0
90935	35.0	25.0	20.0
91079	40.0	15.0	20.0
91223	35.0	30.0	25.0
91367	45.0	30.0	25.0
91511	45.0	5.0	35.0
91655	20.0	45.0	55.0
91799	20.0	55.0	20.0
91943	30.0	35.0	35.0
92087	25.0	30.0	35.0
92231	25.0	35.0	15.0
92375	25.0	35.0	30.0
92519	20.0	15.0	35.0
92663	35.0	45.0	45.0
92807	45.0	50.0	25.0
92951	25.0	35.0	25.0
93095	65.0	10.0	20.0
93239	25.0	25.0	20.0
93383	40.0	35.0	25.0
93527	45.0	55.0	45.0
93671	20.0	35.0	40.0
93815	40.0	30.0	15.0
93959	15.0	20.0	50.0
94103	30.0	20.0	40.0
94247	15.0	45.0	10.0
94391	30.0	50.0	20.0
94535	10.0	40.0	40.0
94679	20.0	35.0	20.0
94823	30.0	50.0	25.0
94967	40.0	40.0	30.0
95111	30.0	50.0	25.0
95255	45.0	65.0	45.0
95399	20.0	35.0	20.0
95543	25.0	35.0	35.0
95687	15.0	40.0	55.0
95831	35.0	10.0	30.0
95975	50.0	35.0	45.0
96119	25.0	20.0	50.0
96263	15.0	20.0	45.0
96407	40.0	50.0	15.0
96551	20.0	40.0	30.0
96695	35.0	40.0	45.0
96839	20.0	45.0	25.0
96983	30.0	35.0	30.0
97127	20.0	35.0	30.0
97271	30.0	30.0	40.0
97415	25.0	15.0	40.0
97559	25.0	35.0	30.0
97703	10.0	25.0	50.0
97847	30.0	25.0	50.0
97991	30.0	40.0	20.0
98135	45.0	35.0	25.0
98279	60.0	10.0	20.0
98423	35.0	35.0	25.0
98567	10.0	30.0	40.0
98711	30.0	25.0	30.0
98855	35.0	40.0	35.0
98999	30.0	20.0	40.0
99143	30.0	25.0	25.0
99287	45.0	45.0	20.0
99431	30.0	30.0	25.0