# BASE VAL1 VAL2
# color 0:255:0 0:0:255 100:100:100
35	40.0	28.125	25.625
107	41.25	31.25	23.75
179	42.5	35.625	23.75
251	41.875	42.5	21.25
323	40.625	41.875	23.125
395	39.375	43.125	22.5
467	39.375	41.875	25.0
539	41.25	41.875	25.625
611	41.25	42.5	25.0
683	43.125	43.75	21.875
755	42.5	41.25	24.375
827	41.25	41.875	25.625
899	43.125	41.875	23.125
971	43.125	41.25	18.75
1043	41.875	41.25	21.25
1115	41.875	37.5	21.875
1187	41.875	33.75	22.5
1259	41.875	35.0	21.25
1331	45.625	35.625	20.0
1403	46.875	37.5	21.875
1475	45.625	34.375	22.5
1547	43.125	31.875	23.125
1619	43.75	32.5	21.25
1691	44.375	33.75	21.875
1763	42.5	32.5	23.125
1835	40.0	31.875	26.25
1907	40.0	30.625	26.25
1979	38.75	31.25	28.125
2051	36.875	30.625	28.125
2123	36.25	30.0	33.125
2195	33.125	30.0	34.375
2267	33.75	26.25	35.625
2339	33.75	26.875	34.375
2411	38.75	29.375	31.25
2483	40.625	28.125	31.25
2555	44.375	24.375	32.5
2627	46.25	21.25	28.125
2699	52.5	23.75	25.625
2771	52.5	24.375	23.125
2843	53.125	24.375	23.75
2915	53.75	25.625	23.125
2987	51.875	27.5	23.125
3059	52.5	30.625	19.375
3131	49.375	31.875	20.0
3203	47.5	32.5	22.5
3275	45.625	31.875	21.25
3347	42.5	35.625	20.625
3419	41.25	34.375	20.625
3491	40.625	33.125	23.75
3563	42.5	33.125	24.375
3635	42.5	35.625	23.75
3707	45.0	33.125	23.75
3779	46.875	34.375	22.5
3851	50.625	33.125	20.625
3923	50.0	33.75	22.5
3995	50.0	34.375	20.625
4067	46.25	35.625	21.875
4139	47.5	36.25	21.875
4211	50.625	32.5	23.75
4283	49.375	31.875	24.375
4355	51.875	30.625	23.125
4427	50.0	26.875	26.25
4499	43.75	27.5	29.375
4571	45.625	25.0	31.875
4643	37.5	30.0	33.75
4715	32.5	34.375	37.5
4787	27.5	38.75	40.625
4859	23.75	41.25	38.75
4931	20.625	45.625	43.75
5003	20.625	48.75	41.875
5075	19.375	46.875	39.375
5147	21.25	47.5	36.25
5219	21.875	45.0	34.375
5291	21.25	46.25	35.625
5363	22.5	45.0	34.375
5435	25.0	42.5	35.0
5507	23.125	43.125	33.125
5579	24.375	42.5	32.5
5651	22.5	37.5	33.125
5723	20.625	36.875	33.75
5795	19.375	38.125	35.0
5867	17.5	38.125	32.5
5939	14.375	36.875	33.75
6011	15.0	39.375	36.25
6083	14.375	42.5	36.25
6155	13.125	45.0	38.125
6227	13.125	45.625	42.5
6299	15.625	41.875	41.875
6371	16.25	43.75	41.25
6443	17.5	41.25	41.25
6515	18.125	38.125	39.375
6587	16.25	39.375	41.875
6659	17.5	37.5	40.0
6731	15.0	38.125	39.375
6803	12.5	40.0	40.625
6875	11.875	40.0	43.75
6947	13.75	38.125	44.375
7019	13.75	35.625	43.125
7091	16.875	34.375	42.5
7163	20.0	33.125	39.375
7235	21.25	33.75	40.625
7307	24.375	34.375	41.875
7379	22.5	37.5	43.125
7451	21.25	37.5	41.875
7523	21.875	36.25	41.25
7595	24.375	36.25	40.0
7667	26.25	39.375	40.625
7739	25.625	38.75	38.125
7811	30.0	36.25	32.5
7883	34.375	35.625	28.125
7955	40.0	37.5	25.0
8027	39.375	37.5	22.5
8099	36.875	36.875	24.375
8171	38.75	35.0	21.875
8243	40.0	36.25	20.625
8315	36.25	34.375	20.625
8387	35.625	34.375	16.875
8459	36.875	31.875	16.25
8531	38.125	34.375	12.5
8603	38.125	35.0	10.0
8675	40.0	34.375	10.625
8747	40.625	35.625	7.5
8819	41.25	38.125	7.5
8891	41.25	38.75	8.125
8963	43.125	40.0	9.375
9035	43.125	40.0	10.625
9107	41.875	39.375	10.0
9179	40.0	40.625	8.75
9251	38.125	40.625	11.25
9323	38.125	38.75	11.875
9395	38.125	38.125	12.5
9467	36.25	37.5	11.25
9539	38.125	39.375	8.75
9611	36.25	39.375	8.125
9683	35.625	39.375	7.5
9755	34.375	41.25	5.625
9827	34.375	42.5	6.25
9899	34.375	41.875	5.0
9971	37.5	41.875	5.0
10043	36.25	41.25	6.875
10115	39.375	44.375	7.5
10187	41.25	44.375	8.75
10259	37.5	40.0	9.375
10331	39.375	41.25	9.375
10403	35.625	43.125	8.125
10475	35.0	43.75	9.375
10547	35.0	39.375	8.125
10619	33.125	39.375	8.125
10691	33.125	38.75	6.875
10763	34.375	43.75	6.25
10835	32.5	41.875	6.875
10907	35.625	41.875	6.875
10979	35.0	42.5	6.25
11051	36.25	44.375	5.625
11123	38.125	44.375	7.5
11195	37.5	43.75	8.75
11267	36.25	42.5	10.0
11339	38.75	43.125	7.5
11411	40.0	41.875	7.5
11483	41.25	40.0	9.375
11555	43.125	41.875	10.0
11627	41.875	43.75	7.5
11699	44.375	41.875	10.625
11771	44.375	43.125	13.125
11843	40.0	36.875	15.625
11915	42.5	45.625	14.375
11987	40.625	47.5	14.375
12059	40.0	50.625	15.0
12131	39.375	48.125	14.375
12203	36.875	46.875	10.625
12275	38.125	48.75	8.75
12347	36.25	49.375	10.625
12419	32.5	43.125	10.625
12491	30.625	40.625	10.0
12563	29.375	35.0	8.125
12635	30.0	36.25	6.875
12707	27.5	36.25	8.75
12779	30.0	33.75	8.75
12851	33.75	35.625	8.125
12923	35.0	35.0	9.375
12995	35.625	32.5	10.625
13067	35.625	34.375	11.875
13139	36.875	33.125	11.875
13211	37.5	31.25	11.875
13283	33.75	32.5	11.25
13355	31.875	31.25	9.375
13427	30.0	33.75	12.5
13499	29.375	35.625	14.375
13571	27.5	31.25	18.125
13643	29.375	35.0	20.625
13715	29.375	33.75	21.875
13787	30.625	29.375	27.5
13859	31.25	25.625	30.0
13931	31.875	22.5	30.0
14003	31.875	21.25	31.875
14075	33.125	23.125	31.875
14147	35.0	21.25	29.375
14219	36.25	23.125	29.375
14291	37.5	26.25	24.375
14363	38.125	24.375	26.875
14435	40.0	24.375	28.125
14507	43.125	24.375	26.875
14579	41.875	24.375	25.625
14651	39.375	31.875	29.375
14723	36.875	30.0	33.125
14795	33.125	33.75	36.25
14867	27.5	36.25	38.125
14939	24.375	36.875	36.25
15011	21.25	39.375	37.5
15083	25.625	37.5	37.5
15155	27.5	36.875	35.625
15227	35.625	35.0	31.25
15299	38.75	33.75	28.125
15371	44.375	30.625	25.625
15443	45.625	30.0	24.375
15515	42.5	29.375	23.125
15587	41.875	33.125	23.125
15659	36.875	36.25	24.375
15731	30.0	41.25	25.625
15803	30.625	41.25	31.875
15875	27.5	46.875	31.875
15947	24.375	54.375	33.75
16019	22.5	56.875	35.625
16091	21.25	53.75	34.375
16163	22.5	52.5	37.5
16235	20.625	53.75	34.375
16307	19.375	56.25	31.25
16379	22.5	51.875	31.25
16451	24.375	49.375	32.5
16523	26.25	47.5	31.875
16595	28.75	45.625	34.375
16667	30.0	45.625	31.875
16739	33.75	39.375	30.625
16811	34.375	38.125	32.5
16883	36.25	36.875	31.25
16955	38.75	35.625	30.0
17027	43.125	38.75	25.0
17099	48.75	37.5	21.25
17171	51.875	38.125	22.5
17243	55.0	40.0	19.375
17315	52.5	42.5	19.375
17387	53.75	43.75	18.75
17459	54.375	41.25	22.5
17531	49.375	38.75	25.625
17603	46.875	40.0	26.875
17675	45.0	37.5	28.75
17747	41.25	37.5	28.75
17819	40.0	38.125	31.25
17891	40.0	38.75	32.5
17963	44.375	39.375	27.5
18035	44.375	38.75	28.75
18107	45.0	40.625	28.125
18179	46.25	41.875	28.125
18251	48.125	40.625	27.5
18323	44.375	40.625	25.0
18395	37.5	44.375	25.625
18467	31.25	45.625	30.0
18539	28.125	46.875	30.0
18611	23.125	48.125	29.375
18683	19.375	47.5	27.5
18755	15.625	50.625	27.5
18827	16.875	49.375	27.5
18899	18.75	46.875	26.875
18971	19.375	45.625	27.5
19043	20.625	44.375	25.625
19115	25.0	41.875	28.125
19187	25.625	43.75	31.25
19259	27.5	42.5	34.375
19331	30.0	38.75	34.375
19403	33.75	38.125	30.625
19475	37.5	35.0	29.375
19547	38.75	36.25	31.25
19619	41.25	31.875	28.125
19691	43.75	31.875	25.0
19763	45.625	33.125	23.125
19835	46.875	36.25	19.375
19907	48.125	39.375	17.5
19979	50.0	40.0	14.375
20051	46.25	38.125	16.875
20123	43.75	36.25	22.5
20195	40.625	32.5	25.0
20267	36.25	28.125	31.25
20339	35.625	24.375	36.25
20411	32.5	22.5	41.875
20483	29.375	18.75	44.375
20555	30.0	20.625	43.125
20627	33.75	21.25	41.25
20699	34.375	21.25	38.75
20771	34.375	23.125	35.625
20843	29.375	23.125	36.25
20915	27.5	25.625	34.375
20987	25.625	25.0	37.5
21059	24.375	25.0	36.25
21131	26.875	25.625	35.0
21203	26.25	26.875	36.875
21275	30.0	25.0	34.375
21347	31.25	24.375	35.0
21419	36.25	23.125	38.125
21491	40.0	21.875	38.75
21563	38.75	22.5	38.75
21635	39.375	21.875	42.5
21707	40.625	22.5	46.25
21779	41.875	25.0	48.125
21851	43.75	22.5	49.375
21923	42.5	21.25	51.25
21995	43.125	22.5	50.625
22067	43.125	21.875	50.625
22139	43.75	23.75	47.5
22211	42.5	25.0	48.75
22283	41.875	25.625	51.25
22355	40.0	28.125	48.75
22427	40.625	26.875	42.5
22499	40.625	26.25	40.625
22571	41.875	28.125	34.375
22643	45.0	27.5	29.375
22715	45.0	28.75	23.75
22787	43.75	31.875	20.0
22859	45.0	33.125	21.875
22931	42.5	32.5	24.375
23003	39.375	35.625	26.25
23075	36.875	35.625	26.875
23147	32.5	36.875	28.75
23219	28.125	40.0	26.875
23291	20.625	36.875	30.625
23363	20.0	39.375	30.625
23435	20.0	39.375	30.625
23507	20.625	35.0	30.0
23579	23.75	34.375	30.0
23651	27.5	29.375	32.5
23723	28.75	33.125	33.75
23795	31.875	35.625	31.875
23867	30.625	30.625	33.125
23939	31.875	32.5	32.5
24011	30.0	38.125	32.5
24083	25.0	43.75	33.75
24155	21.875	44.375	33.75
24227	23.125	43.125	28.75
24299	25.625	41.25	27.5
24371	26.875	41.875	26.875
24443	28.75	41.875	25.0
24515	33.125	38.125	21.875
24587	36.875	32.5	20.625
24659	36.875	30.0	22.5
24731	34.375	28.75	23.75
24803	35.625	30.0	23.75
24875	35.0	32.5	25.0
24947	30.625	33.125	29.375
25019	27.5	36.875	31.875
25091	25.625	38.75	32.5
25163	21.875	44.375	31.25
25235	21.25	47.5	30.625
25307	18.75	48.125	33.125
25379	16.25	45.625	33.75
25451	20.0	44.375	31.875
25523	21.25	42.5	31.875
25595	27.5	39.375	28.125
25667	28.75	39.375	26.25
25739	33.125	33.125	26.875
25811	38.75	31.25	26.25
25883	42.5	29.375	23.125
25955	43.75	30.0	18.125
26027	41.875	28.75	19.375
26099	42.5	30.0	20.0
26171	41.875	32.5	18.75
26243	41.875	35.0	18.125
26315	42.5	36.875	16.875
26387	40.625	36.25	19.375
26459	41.875	36.25	21.875
26531	43.125	32.5	22.5
26603	43.125	33.125	23.125
26675	45.0	31.875	20.625
26747	43.75	29.375	21.875
26819	45.0	31.875	19.375
26891	46.25	35.625	16.875
26963	47.5	38.75	15.0
27035	48.125	41.25	15.0
27107	48.75	40.625	18.125
27179	47.5	39.375	18.125
27251	46.25	40.625	18.125
27323	45.625	42.5	19.375
27395	42.5	43.125	20.625
27467	44.375	45.0	19.375
27539	41.875	44.375	19.375
27611	39.375	50.0	16.875
27683	40.625	48.125	16.875
27755	40.625	48.75	13.75
27827	41.25	43.75	11.875
27899	41.25	41.875	11.875
27971	39.375	41.875	11.25
28043	38.125	41.25	12.5
28115	39.375	40.625	11.25
28187	40.0	40.625	12.5
28259	40.0	40.625	13.125
28331	38.75	40.625	16.875
28403	38.125	39.375	16.25
28475	37.5	37.5	16.25
28547	33.75	37.5	18.75
28619	33.125	36.25	21.875
28691	33.125	35.0	22.5
28763	34.375	35.625	21.875
28835	34.375	34.375	23.75
28907	31.875	36.875	25.0
28979	33.75	33.75	24.375
29051	35.0	31.25	24.375
29123	34.375	32.5	24.375
29195	33.125	31.875	25.625
29267	35.0	29.375	25.0
29339	38.75	32.5	21.875
29411	38.75	32.5	23.125
29483	38.125	33.125	23.75
29555	37.5	33.125	24.375
29627	35.625	31.25	25.0
29699	37.5	36.875	23.125
29771	37.5	40.625	21.875
29843	41.25	41.25	20.625
29915	46.25	40.625	18.75
29987	46.25	43.75	17.5
30059	46.25	46.25	15.0
30131	49.375	48.125	13.75
30203	48.75	43.75	15.0
30275	45.0	39.375	18.125
30347	44.375	39.375	16.25
30419	42.5	40.625	18.75
30491	45.0	41.875	15.625
30563	47.5	41.875	14.375
30635	46.25	42.5	15.625
30707	46.875	45.0	15.0
30779	48.75	48.75	12.5
30851	54.375	50.625	10.625
30923	54.375	45.0	11.25
30995	54.375	40.625	15.625
31067	53.75	41.25	15.0
31139	56.25	38.75	15.0
31211	56.25	36.25	15.0
31283	51.25	37.5	16.25
31355	48.125	40.0	16.875
31427	48.75	45.0	14.375
31499	50.0	48.125	13.125
31571	48.125	50.625	13.125
31643	48.75	48.125	15.625
31715	51.25	49.375	13.75
31787	48.75	46.875	15.0
31859	48.125	43.125	14.375
31931	48.125	41.875	15.625
32003	43.75	39.375	22.5
32075	40.0	40.625	26.25
32147	34.375	45.0	28.75
32219	28.75	44.375	34.375
32291	25.625	45.0	38.75
32363	21.25	46.25	40.0
32435	21.25	43.125	43.125
32507	22.5	45.625	39.375
32579	21.25	44.375	38.125
32651	21.25	45.0	40.625
32723	20.0	46.875	39.375
32795	20.0	47.5	40.625
32867	18.75	50.0	43.125
32939	15.625	55.0	43.125
33011	16.875	51.875	47.5
33083	15.0	50.0	50.0
33155	15.0	49.375	46.875
33227	16.25	50.625	42.5
33299	17.5	50.625	43.75
33371	18.75	47.5	41.25
33443	21.875	45.0	40.625
33515	23.75	44.375	36.875
33587	27.5	40.625	37.5
33659	28.125	36.25	44.375
33731	30.0	31.25	46.875
33803	32.5	26.875	45.0
33875	35.0	22.5	48.125
33947	34.375	21.25	48.75
34019	36.875	18.125	53.125
34091	36.875	19.375	51.875
34163	37.5	18.125	51.875
34235	36.25	18.125	50.0
34307	38.125	16.875	48.75
34379	38.125	15.625	49.375
34451	35.625	16.25	51.25
34523	35.0	16.875	51.25
34595	34.375	14.375	53.125
34667	31.875	17.5	53.75
34739	33.75	18.75	54.375
34811	31.875	18.75	56.875
34883	34.375	20.0	55.0
34955	33.125	19.375	53.125
35027	35.0	18.75	51.875
35099	37.5	18.75	51.875
35171	41.875	18.125	51.875
35243	43.125	15.625	50.625
35315	42.5	15.625	50.625
35387	42.5	16.875	53.125
35459	43.75	18.75	49.375
35531	43.125	20.0	48.125
35603	41.25	20.0	46.875
35675	35.625	21.25	48.125
35747	33.125	23.75	47.5
35819	33.75	25.0	45.625
35891	33.75	24.375	44.375
35963	33.125	25.0	44.375
36035	31.25	23.75	46.25
36107	31.25	25.0	45.0
36179	34.375	23.75	48.125
36251	34.375	22.5	46.25
36323	32.5	23.125	48.125
36395	30.625	21.875	46.25
36467	32.5	20.625	45.0
36539	31.875	18.75	43.125
36611	30.0	20.0	40.625
36683	29.375	20.625	39.375
36755	31.25	20.0	40.0
36827	33.125	20.625	40.0
36899	30.0	21.25	42.5
36971	34.375	19.375	45.625
37043	38.125	18.125	51.25
37115	41.25	16.875	51.25
37187	40.625	16.25	51.875
37259	38.75	15.625	53.75
37331	38.75	14.375	55.625
37403	38.125	13.125	54.375
37475	38.75	13.125	51.25
37547	36.25	15.625	48.125
37619	36.875	16.25	48.75
37691	37.5	15.0	51.25
37763	38.75	15.625	49.375
37835	38.75	16.875	48.125
37907	41.25	18.125	49.375
37979	38.125	21.875	48.125
38051	37.5	20.625	50.0
38123	38.125	21.25	48.75
38195	41.875	20.625	46.875
38267	38.125	25.0	45.625
38339	39.375	26.875	45.0
38411	38.125	25.0	43.125
38483	38.75	24.375	42.5
38555	40.0	23.125	40.625
38627	38.125	21.25	41.25
38699	36.875	21.25	40.625
38771	38.125	16.25	40.0
38843	37.5	15.0	42.5
38915	37.5	12.5	46.875
38987	38.75	11.875	47.5
39059	38.125	11.25	49.375
39131	41.875	9.375	50.0
39203	43.75	10.625	50.0
39275	39.375	10.625	53.75
39347	36.875	13.125	50.625
39419	37.5	13.75	50.625
39491	36.875	16.25	50.625
39563	34.375	18.75	48.75
39635	32.5	18.125	46.875
39707	32.5	15.625	46.25
39779	33.125	14.375	48.75
39851	30.625	15.625	50.0
39923	30.0	16.875	44.375
39995	32.5	14.375	47.5
40067	33.75	16.25	47.5
40139	33.125	19.375	48.125
40211	35.0	22.5	44.375
40283	36.875	25.625	43.125
40355	39.375	23.125	40.625
40427	40.0	21.875	41.875
40499	41.875	21.25	41.25
40571	46.875	21.25	40.0
40643	46.25	21.25	39.375
40715	46.25	18.75	41.25
40787	46.25	16.25	43.75
40859	46.25	19.375	42.5
40931	43.75	22.5	39.375
41003	41.875	22.5	40.0
41075	43.75	20.0	39.375
41147	45.0	21.25	37.5
41219	44.375	21.875	33.75
41291	43.125	23.75	28.125
41363	41.875	25.625	30.625
41435	44.375	23.75	31.875
41507	43.125	25.0	31.875
41579	40.625	26.875	31.25
41651	40.625	26.25	33.75
41723	44.375	24.375	38.75
41795	41.875	23.75	40.625
41867	43.125	24.375	36.25
41939	41.875	23.75	36.875
42011	40.625	24.375	40.0
42083	40.625	24.375	40.0
42155	38.125	23.75	40.0
42227	38.125	26.25	35.625
42299	40.0	26.25	36.875
42371	39.375	26.875	36.875
42443	40.0	25.625	36.875
42515	44.375	26.875	34.375
42587	43.125	23.75	32.5
42659	45.0	23.125	33.75
42731	46.25	21.25	35.625
42803	46.875	20.0	34.375
42875	45.625	21.25	33.125
42947	45.625	21.25	34.375
43019	44.375	21.25	35.625
43091	48.125	20.0	36.25
43163	48.125	20.0	35.625
43235	46.25	20.625	36.875
43307	47.5	22.5	39.375
43379	49.375	21.875	40.0
43451	46.25	25.0	38.125
43523	49.375	22.5	41.25
43595	50.0	24.375	38.125
43667	51.25	21.875	39.375
43739	51.25	20.0	40.0
43811	48.125	20.0	36.875
43883	48.125	21.25	35.0
43955	45.0	19.375	35.0
44027	44.375	21.875	32.5
44099	41.25	24.375	31.25
44171	40.0	25.0	33.125
44243	40.625	26.25	30.625
44315	39.375	28.75	28.75
44387	36.875	30.0	30.625
44459	36.875	31.875	28.75
44531	34.375	37.5	25.625
44603	35.0	39.375	24.375
44675	33.125	40.625	20.0
44747	33.75	45.0	17.5
44819	35.0	45.625	18.125
44891	35.625	46.25	15.625
44963	33.75	45.625	15.625
45035	31.875	46.25	16.875
45107	29.375	45.625	20.0
45179	30.625	46.875	22.5
45251	30.625	44.375	25.0
45323	28.125	44.375	26.875
45395	33.125	43.75	28.75
45467	34.375	41.875	31.875
45539	32.5	40.625	31.875
45611	33.75	39.375	27.5
45683	37.5	42.5	26.25
45755	40.625	44.375	22.5
45827	37.5	42.5	21.875
45899	39.375	42.5	18.125
45971	38.125	42.5	16.875
46043	36.25	46.25	15.625
46115	34.375	45.0	16.25
46187	31.25	44.375	17.5
46259	33.75	44.375	20.0
46331	31.875	47.5	18.75
46403	30.625	48.125	20.0
46475	29.375	50.0	20.0
46547	29.375	47.5	20.625
46619	30.625	46.875	22.5
46691	28.125	47.5	23.125
46763	28.75	46.875	21.875
46835	30.0	45.0	21.875
46907	31.875	45.625	20.0
46979	32.5	47.5	20.625
47051	35.0	48.125	18.75
47123	34.375	46.25	18.125
47195	34.375	45.0	19.375
47267	35.0	46.875	19.375
47339	35.0	46.25	17.5
47411	32.5	43.75	19.375
47483	34.375	43.75	20.625
47555	34.375	41.875	21.875
47627	34.375	43.125	20.0
47699	35.0	42.5	19.375
47771	36.875	43.125	20.625
47843	38.75	43.125	20.625
47915	38.75	45.625	20.0
47987	37.5	43.125	19.375
48059	36.875	41.875	21.25
48131	36.875	41.875	22.5
48203	35.0	40.625	23.125
48275	31.25	39.375	26.25
48347	33.75	38.125	23.125
48419	35.625	40.625	23.75
48491	36.875	45.0	23.75
48563	36.25	45.625	24.375
48635	36.25	46.25	20.625
48707	37.5	45.0	20.625
48779	38.75	45.625	19.375
48851	35.0	47.5	20.0
48923	35.0	47.5	15.625
48995	35.625	45.625	15.625
49067	35.625	44.375	18.125
49139	33.125	44.375	19.375
49211	31.875	46.875	17.5
49283	30.0	45.625	21.25
49355	30.0	42.5	26.875
49427	26.875	41.875	30.625
49499	26.875	42.5	31.25
49571	26.875	44.375	27.5
49643	28.125	41.25	30.0
49715	27.5	40.625	30.625
49787	28.125	41.875	30.625
49859	30.0	40.625	26.25
49931	31.25	41.25	24.375
50003	30.0	41.875	26.875
50075	32.5	44.375	25.625
50147	33.125	46.25	24.375
50219	33.75	44.375	25.625
50291	35.0	42.5	24.375
50363	35.0	41.875	24.375
50435	36.25	39.375	23.125
50507	35.625	37.5	24.375
50579	36.875	36.875	23.75
50651	36.875	40.0	23.75
50723	36.25	45.625	21.875
50795	35.0	47.5	23.125
50867	32.5	48.125	26.25
50939	31.875	50.625	26.25
51011	31.875	51.25	24.375
51083	31.25	52.5	23.125
51155	33.75	48.125	25.0
51227	33.75	47.5	25.625
51299	36.875	47.5	21.875
51371	38.125	47.5	22.5
51443	38.125	46.875	21.875
51515	36.875	40.0	24.375
51587	35.625	34.375	26.25
51659	35.0	35.625	25.0
51731	33.75	33.125	28.75
51803	31.875	28.75	33.125
51875	31.25	26.875	33.75
51947	35.625	26.875	34.375
52019	40.0	28.75	36.25
52091	41.875	26.875	36.25
52163	43.75	25.625	36.25
52235	46.25	22.5	33.125
52307	48.125	23.125	29.375
52379	47.5	20.625	30.0
52451	45.0	20.625	29.375
52523	42.5	21.25	26.875
52595	42.5	27.5	26.25
52667	41.25	30.625	25.0
52739	41.875	33.75	25.0
52811	40.0	36.875	27.5
52883	38.75	40.625	26.875
52955	37.5	42.5	25.625
53027	37.5	43.75	28.75
53099	34.375	38.75	30.0
53171	31.25	36.875	32.5
53243	28.125	36.875	32.5
53315	30.625	36.875	35.625
53387	32.5	37.5	34.375
53459	31.875	38.125	34.375
53531	34.375	38.75	29.375
53603	37.5	37.5	30.0
53675	38.75	41.25	30.625
53747	39.375	44.375	26.875
53819	38.125	45.0	23.75
53891	37.5	40.625	23.125
53963	40.625	35.0	26.25
54035	40.0	30.0	26.875
54107	36.875	30.0	28.75
54179	33.75	26.875	30.625
54251	31.875	25.0	34.375
54323	26.875	27.5	41.25
54395	25.625	30.625	43.75
54467	27.5	29.375	43.75
54539	27.5	29.375	46.875
54611	28.75	27.5	44.375
54683	30.625	25.625	47.5
54755	28.125	24.375	48.125
54827	31.25	23.75	48.75
54899	27.5	24.375	47.5
54971	24.375	26.875	48.125
55043	27.5	27.5	41.875
55115	28.75	27.5	35.625
55187	32.5	27.5	29.375
55259	37.5	28.125	25.0
55331	41.875	28.125	25.0
55403	43.125	29.375	24.375
55475	40.625	32.5	21.25
55547	38.125	35.0	26.875
55619	36.25	39.375	28.75
55691	35.0	41.25	28.125
55763	31.25	41.25	27.5
55835	28.125	41.875	25.0
55907	27.5	39.375	27.5
55979	26.25	35.625	30.625
56051	23.75	32.5	31.875
56123	25.0	28.125	31.25
56195	30.0	25.625	33.75
56267	36.875	21.25	34.375
56339	35.0	21.875	35.0
56411	35.0	23.75	35.625
56483	32.5	25.0	38.125
56555	33.75	28.125	39.375
56627	30.0	31.25	41.25
56699	25.0	33.75	39.375
56771	21.875	34.375	41.875
56843	23.125	35.0	41.875
56915	21.875	38.75	42.5
56987	22.5	39.375	44.375
57059	23.75	36.875	45.0
57131	23.75	38.125	45.625
57203	18.75	39.375	49.375
57275	18.75	40.625	48.75
57347	19.375	42.5	46.25
57419	18.125	39.375	45.625
57491	15.625	40.625	46.25
57563	13.125	42.5	42.5
57635	13.125	40.0	43.125
57707	13.75	39.375	41.875
57779	13.125	36.25	43.75
57851	11.875	35.625	43.125
57923	16.25	36.25	40.625
57995	17.5	35.625	41.25
58067	18.75	33.75	45.0
58139	18.75	33.75	46.25
58211	18.125	31.875	45.0
58283	20.625	30.625	43.75
58355	20.0	29.375	45.0
58427	21.25	26.25	44.375
58499	20.625	24.375	44.375
58571	19.375	22.5	43.75
58643	21.875	20.625	43.75
58715	25.0	23.125	41.875
58787	26.875	22.5	43.125
58859	31.875	21.875	41.875
58931	31.875	23.75	41.875
59003	32.5	24.375	38.75
59075	32.5	25.0	40.625
59147	31.875	25.0	38.75
59219	31.25	26.25	40.0
59291	30.0	28.75	37.5
59363	27.5	33.75	36.25
59435	25.625	33.125	38.75
59507	25.0	33.125	36.875
59579	26.25	33.75	35.0
59651	28.125	33.75	34.375
59723	26.875	34.375	37.5
59795	22.5	37.5	38.125
59867	23.75	36.25	40.625
59939	21.875	41.25	43.125
60011	23.75	40.625	41.875
60083	24.375	40.625	38.75
60155	27.5	39.375	36.25
60227	28.125	39.375	31.25
60299	30.625	36.875	27.5
60371	32.5	38.125	21.875
60443	34.375	36.25	18.75
60515	35.0	37.5	18.75
60587	30.625	36.25	21.875
60659	32.5	36.25	23.125
60731	34.375	37.5	24.375
60803	33.75	35.625	24.375
60875	33.75	31.875	26.875
60947	36.875	32.5	28.125
61019	38.75	33.125	28.125
61091	38.75	33.75	25.0
61163	39.375	31.25	23.125
61235	40.625	31.25	24.375
61307	38.75	33.125	25.625
61379	36.875	38.75	23.75
61451	33.75	42.5	22.5
61523	32.5	44.375	24.375
61595	31.25	45.625	27.5
61667	31.875	48.75	27.5
61739	35.0	50.0	28.75
61811	35.625	49.375	30.625
61883	35.625	46.875	30.625
61955	38.125	43.125	33.125
62027	40.625	41.25	30.625
62099	41.875	41.25	30.625
62171	42.5	40.0	29.375
62243	38.125	40.625	28.125
62315	38.75	45.0	25.625
62387	41.25	45.625	26.25
62459	36.25	47.5	26.25
62531	31.25	50.625	28.125
62603	33.75	48.125	26.875
62675	33.125	50.0	28.75
62747	36.875	47.5	29.375
62819	31.25	44.375	28.75
62891	31.875	47.5	27.5
62963	33.125	45.625	27.5
63035	35.625	45.0	27.5
63107	38.75	45.0	25.625
63179	37.5	44.375	26.875
63251	40.625	46.25	26.25
63323	40.625	46.25	29.375
63395	41.875	43.125	29.375
63467	44.375	46.25	25.625
63539	43.75	44.375	28.125
63611	40.625	38.125	30.0
63683	38.75	36.25	25.625
63755	35.0	32.5	28.75
63827	38.75	29.375	25.0
63899	41.25	29.375	26.875
63971	41.25	25.625	25.625
64043	40.625	24.375	26.25
64115	39.375	27.5	25.625
64187	37.5	25.625	26.25
64259	40.625	22.5	27.5
64331	40.0	20.0	31.25
64403	39.375	19.375	33.125
64475	40.0	16.875	35.625
64547	40.625	15.625	40.0
64619	36.25	23.75	38.75
64691	34.375	28.75	35.625
64763	32.5	34.375	33.75
64835	31.875	39.375	30.625
64907	28.75	41.25	29.375
64979	28.75	41.25	29.375
65051	26.875	38.75	30.0
65123	29.375	29.375	33.125
65195	30.625	31.25	33.75
65267	31.875	26.875	36.875
65339	35.0	25.0	37.5
65411	34.375	25.625	33.75
65483	37.5	26.875	31.875
65555	41.875	28.75	30.0
65627	41.25	28.75	28.75
65699	46.25	26.25	25.625
65771	46.25	27.5	25.625
65843	45.625	25.625	25.625
65915	43.75	25.0	25.625
65987	42.5	26.875	25.0
66059	40.0	28.125	23.75
66131	38.75	27.5	23.125
66203	36.25	31.25	25.0
66275	34.375	33.75	23.125
66347	35.0	40.0	23.125
66419	32.5	40.625	23.75
66491	31.875	40.625	26.25
66563	34.375	39.375	27.5
66635	31.875	38.125	29.375
66707	31.875	33.125	31.875
66779	32.5	28.75	31.875
66851	35.0	21.25	30.625
66923	39.375	18.75	33.125
66995	39.375	14.375	38.75
67067	38.75	11.875	41.25
67139	41.25	11.875	36.875
67211	45.0	14.375	34.375
67283	45.0	15.0	37.5
67355	41.25	16.875	37.5
67427	36.875	20.625	39.375
67499	35.625	22.5	36.25
67571	32.5	25.625	39.375
67643	29.375	29.375	43.75
67715	30.0	30.625	43.125
67787	27.5	33.75	41.875
67859	28.125	33.125	41.25
67931	29.375	32.5	38.125
68003	28.75	35.0	38.125
68075	27.5	36.25	35.625
68147	24.375	35.0	39.375
68219	23.125	32.5	43.125
68291	20.0	32.5	48.75
68363	18.125	32.5	48.125
68435	17.5	31.25	46.875
68507	16.875	35.0	45.625
68579	20.625	39.375	38.125
68651	22.5	43.75	31.875
68723	23.125	50.0	25.0
68795	27.5	53.125	19.375
68867	32.5	58.125	17.5
68939	37.5	56.25	16.875
69011	37.5	55.0	15.625
69083	36.875	53.75	18.75
69155	39.375	52.5	18.125
69227	41.875	46.875	18.125
69299	41.875	45.625	18.75
69371	38.75	50.625	18.75
69443	34.375	51.25	21.25
69515	37.5	46.875	19.375
69587	36.875	44.375	20.0
69659	32.5	42.5	23.125
69731	29.375	40.625	26.25
69803	25.625	39.375	31.25
69875	25.0	33.75	32.5
69947	24.375	30.625	33.75
70019	22.5	31.25	34.375
70091	21.25	28.75	34.375
70163	21.25	33.75	36.875
70235	21.875	32.5	38.125
70307	18.125	35.625	40.0
70379	17.5	36.25	36.875
70451	15.625	38.75	40.625
70523	15.625	39.375	42.5
70595	17.5	37.5	40.625
70667	20.625	33.75	39.375
70739	24.375	32.5	36.25
70811	28.75	28.75	35.625
70883	33.75	27.5	35.625
70955	41.875	23.75	32.5
71027	47.5	20.0	34.375
71099	50.0	20.0	34.375
71171	51.875	20.0	35.0
71243	53.75	18.125	39.375
71315	55.625	18.125	39.375
71387	52.5	20.0	40.625
71459	50.625	21.875	45.625
71531	47.5	23.75	45.625
71603	43.125	25.0	43.125
71675	39.375	25.625	43.125
71747	33.125	28.125	41.875
71819	31.875	25.625	43.75
71891	23.125	31.25	43.125
71963	22.5	32.5	40.625
72035	24.375	33.75	38.75
72107	25.625	35.625	41.25
72179	23.125	37.5	38.125
72251	24.375	37.5	39.375
72323	27.5	39.375	35.625
72395	31.875	36.25	36.25
72467	32.5	36.875	35.625
72539	26.875	36.875	35.625
72611	29.375	36.875	34.375
72683	29.375	41.25	36.875
72755	27.5	40.625	38.75
72827	25.0	41.875	39.375
72899	23.75	39.375	38.75
72971	25.0	36.25	41.25
73043	25.625	35.625	45.0
73115	27.5	36.25	46.25
73187	26.25	31.875	47.5
73259	30.0	31.875	46.875
73331	30.625	33.75	45.0
73403	29.375	33.75	48.125
73475	28.75	33.75	48.125
73547	28.75	35.0	50.625
73619	26.875	35.0	50.0
73691	29.375	32.5	51.25
73763	25.0	36.875	55.0
73835	23.75	36.25	58.125
73907	23.125	35.0	55.0
73979	22.5	38.125	51.25
74051	23.75	35.625	47.5
74123	20.0	37.5	45.625
74195	21.875	36.875	38.125
74267	21.875	35.625	31.25
74339	21.875	36.875	25.625
74411	26.875	34.375	23.75
74483	31.25	32.5	22.5
74555	32.5	33.75	25.625
74627	37.5	32.5	26.875
74699	41.25	31.25	30.0
74771	43.125	28.75	29.375
74843	45.0	28.75	31.875
74915	43.75	28.125	31.875
74987	42.5	30.0	33.125
75059	41.875	26.875	36.25
75131	41.25	23.75	35.625
75203	41.25	26.25	31.875
75275	40.625	30.625	31.25
75347	37.5	33.125	30.0
75419	35.0	35.625	27.5
75491	35.0	38.75	23.125
75563	33.75	41.875	22.5
75635	30.625	44.375	20.0
75707	30.625	45.625	20.0
75779	31.25	42.5	21.25
75851	32.5	43.125	22.5
75923	31.25	43.75	26.25
75995	31.25	43.75	25.0
76067	31.875	44.375	24.375
76139	32.5	42.5	25.625
76211	35.0	44.375	26.875
76283	32.5	45.0	29.375
76355	35.625	41.875	25.0
76427	31.875	42.5	28.125
76499	30.0	39.375	30.0
76571	29.375	37.5	32.5
76643	25.0	37.5	35.0
76715	21.875	33.75	35.0
76787	19.375	35.0	35.625
76859	20.625	35.0	38.125
76931	21.25	31.875	37.5
77003	23.75	35.0	37.5
77075	21.875	35.625	33.75
77147	23.125	30.625	29.375
77219	25.0	26.875	30.625
77291	28.125	21.875	32.5
77363	30.0	22.5	28.125
77435	31.875	28.125	24.375
77507	32.5	24.375	26.25
77579	31.25	25.625	30.0
77651	33.125	30.625	30.625
77723	31.25	35.625	30.0
77795	28.125	41.25	29.375
77867	28.125	45.0	27.5
77939	27.5	41.25	26.25
78011	32.5	40.0	25.625
78083	35.0	40.625	23.75
78155	36.25	38.75	22.5
78227	35.625	35.625	21.25
78299	37.5	35.0	23.125
78371	38.125	29.375	24.375
78443	34.375	31.25	25.625
78515	33.75	30.625	28.75
78587	32.5	30.625	28.125
78659	33.125	28.75	29.375
78731	35.0	27.5	30.625
78803	33.75	26.875	32.5
78875	35.0	28.75	31.875
78947	36.25	28.125	30.625
79019	36.25	28.75	29.375
79091	40.0	26.875	30.0
79163	35.0	30.0	29.375
79235	31.875	26.875	30.0
79307	33.75	25.0	30.0
79379	33.75	25.625	32.5
79451	32.5	23.125	36.25
79523	30.625	21.875	39.375
79595	28.125	21.875	39.375
79667	29.375	25.0	38.75
79739	28.75	28.75	39.375
79811	28.125	33.75	39.375
79883	26.25	40.0	33.75
79955	30.0	44.375	28.75
80027	31.25	46.875	26.875
80099	33.125	50.625	28.125
80171	32.5	48.75	26.875
80243	30.625	49.375	26.25
80315	31.25	46.25	27.5
80387	30.0	44.375	30.0
80459	27.5	40.0	30.625
80531	25.0	44.375	27.5
80603	24.375	43.75	28.125
80675	26.875	45.0	28.125
80747	28.125	43.75	27.5
80819	28.125	42.5	28.125
80891	30.0	45.0	29.375
80963	30.0	43.125	30.625
81035	31.875	37.5	32.5
81107	33.125	38.75	28.125
81179	31.875	44.375	26.25
81251	32.5	48.125	26.25
81323	36.25	46.875	24.375
81395	35.625	48.75	21.875
81467	38.125	54.375	20.0
81539	40.0	56.875	20.625
81611	40.0	54.375	26.25
81683	43.125	49.375	25.625
81755	43.125	46.25	25.625
81827	43.125	48.125	26.875
81899	41.25	47.5	28.75
81971	37.5	44.375	32.5
82043	36.25	46.25	29.375
82115	38.125	46.25	27.5
82187	33.75	45.0	26.875
82259	33.75	42.5	28.125
82331	36.25	37.5	27.5
82403	37.5	33.125	28.125
82475	43.75	30.625	28.125
82547	41.25	28.75	28.75
82619	43.75	26.25	30.625
82691	47.5	24.375	30.625
82763	46.25	26.25	31.25
82835	46.25	25.625	36.25
82907	43.125	25.625	38.75
82979	41.25	24.375	36.25
83051	40.625	23.75	34.375
83123	36.25	24.375	33.75
83195	31.875	25.0	34.375
83267	28.75	25.0	31.25
83339	26.25	24.375	31.25
83411	25.625	25.0	33.125
83483	24.375	26.25	33.75
83555	21.25	31.875	38.75
83627	22.5	32.5	41.25
83699	23.75	35.0	40.625
83771	26.875	36.25	39.375
83843	28.125	34.375	39.375
83915	30.625	35.0	38.75
83987	33.75	32.5	37.5
84059	38.125	31.25	35.0
84131	38.75	30.625	33.125
84203	36.875	26.25	33.125
84275	38.125	28.75	34.375
84347	40.0	29.375	35.0
84419	41.875	26.875	35.625
84491	41.875	23.125	36.25
84563	41.25	24.375	36.875
84635	40.625	26.25	35.625
84707	40.625	31.875	37.5
84779	38.75	29.375	33.75
84851	39.375	29.375	32.5
84923	36.25	27.5	31.875
84995	33.125	31.875	30.625
85067	33.75	35.625	30.0
85139	36.25	33.125	30.625
85211	33.75	32.5	31.25
85283	30.0	35.625	33.75
85355	29.375	41.25	32.5
85427	30.625	43.75	29.375
85499	30.625	41.875	27.5
85571	33.125	41.25	28.125
85643	31.875	44.375	25.0
85715	32.5	42.5	24.375
85787	35.625	41.875	21.875
85859	36.875	37.5	25.0
85931	38.125	34.375	27.5
86003	36.25	33.125	25.0
86075	35.625	28.125	27.5
86147	35.625	28.125	32.5
86219	33.75	26.25	33.75
86291	31.875	26.25	34.375
86363	31.25	25.625	33.125
86435	28.125	28.125	34.375
86507	28.125	30.0	34.375
86579	32.5	26.25	33.75
86651	34.375	25.625	30.625
86723	36.875	25.625	30.625
86795	38.125	24.375	29.375
86867	40.0	22.5	26.875
86939	41.25	22.5	27.5
87011	43.75	21.875	31.25
87083	37.5	24.375	28.75
87155	35.625	29.375	27.5
87227	37.5	31.875	25.625
87299	35.625	31.875	30.0
87371	31.875	33.75	32.5
87443	30.625	32.5	33.75
87515	28.125	33.125	39.375
87587	29.375	32.5	41.875
87659	25.625	29.375	43.125
87731	28.75	26.25	44.375
87803	30.625	28.75	42.5
87875	33.75	30.0	42.5
87947	34.375	31.25	35.625
88019	38.75	30.0	35.0
88091	43.75	29.375	34.375
88163	44.375	30.0	35.0
88235	45.0	31.25	34.375
88307	46.25	28.75	33.75
88379	44.375	26.875	32.5
88451	40.625	24.375	32.5
88523	33.125	25.0	34.375
88595	29.375	27.5	33.125
88667	26.875	27.5	33.125
88739	23.125	26.25	35.0
88811	23.125	28.125	35.625
88883	23.125	30.625	41.875
88955	23.125	31.875	42.5
89027	26.875	29.375	39.375
89099	30.625	28.125	38.75
89171	33.75	26.875	36.875
89243	36.875	25.625	37.5
89315	39.375	23.75	38.125
89387	40.0	23.75	31.25
89459	40.625	20.625	33.125
89531	35.625	22.5	32.5
89603	31.875	23.75	31.25
89675	29.375	26.875	28.125
89747	26.875	26.875	25.625
89819	25.0	26.25	27.5
89891	26.25	29.375	28.125
89963	26.875	28.75	27.5
90035	25.0	28.75	31.25
90107	30.625	29.375	32.5
90179	30.625	28.75	33.125
90251	33.125	31.25	35.0
90323	33.75	33.125	33.125
90395	35.0	31.25	30.0
90467	38.75	31.25	30.0
90539	40.0	28.125	31.25
90611	37.5	28.125	28.125
90683	38.125	26.25	28.75
90755	35.625	26.875	27.5
90827	31.875	25.625	29.375
90899	32.5	26.25	29.375
90971	30.0	26.875	30.625
91043	32.5	25.0	31.25
91115	31.25	25.625	35.0
91187	31.25	26.25	37.5
91259	32.5	29.375	39.375
91331	31.875	31.25	40.0
91403	30.0	30.625	38.75
91475	30.625	30.625	39.375
91547	27.5	36.875	40.0
91619	28.125	36.875	36.875
91691	28.75	33.75	35.625
91763	26.875	32.5	30.0
91835	26.25	28.75	30.625
91907	24.375	30.625	30.625
91979	23.75	30.0	29.375
92051	23.75	25.625	27.5
92123	24.375	24.375	29.375
92195	28.125	27.5	28.75
92267	30.625	30.625	30.625
92339	36.25	33.75	31.25
92411	36.875	36.875	29.375
92483	38.125	36.875	30.0
92555	40.0	38.75	30.0
92627	42.5	37.5	28.125
92699	43.75	33.75	27.5
92771	38.125	30.625	26.875
92843	37.5	26.875	27.5
92915	38.125	25.0	30.625
92987	35.625	25.625	27.5
93059	36.875	26.875	30.0
93131	30.625	30.0	30.0
93203	28.125	30.625	28.75
93275	28.125	31.875	28.125
93347	28.125	32.5	26.875
93419	26.875	32.5	27.5
93491	26.875	31.25	28.125
93563	23.125	28.75	28.75
93635	26.875	29.375	31.875
93707	28.125	26.875	30.625
93779	26.875	30.625	28.75
93851	23.125	31.875	30.0
93923	22.5	35.625	28.75
93995	24.375	37.5	24.375
94067	23.125	40.625	26.25
94139	23.75	40.625	25.0
94211	21.875	43.75	23.125
94283	25.625	40.625	26.25
94355	28.75	40.0	26.25
94427	27.5	38.125	26.875
94499	30.0	36.25	27.5
94571	31.875	33.75	26.25
94643	33.125	35.625	23.75
94715	32.5	33.75	26.875
94787	33.125	37.5	26.875
94859	31.875	40.0	27.5
94931	30.0	38.125	26.875
95003	28.125	36.875	26.875
95075	25.625	38.75	31.875
95147	24.375	41.25	30.625
95219	21.25	42.5	34.375
95291	20.0	35.0	34.375
95363	24.375	33.75	35.625
95435	26.25	33.75	35.0
95507	28.75	37.5	34.375
95579	31.25	35.625	38.125
95651	33.75	31.875	38.75
95723	35.625	28.125	38.125
95795	32.5	27.5	40.625
95867	32.5	28.75	40.625
95939	33.75	28.125	39.375
96011	31.25	32.5	36.875
96083	29.375	32.5	33.75
96155	29.375	36.25	32.5
96227	31.875	38.125	32.5
96299	35.0	40.625	29.375
96371	31.875	44.375	30.0
96443	30.625	41.875	31.875
96515	30.625	39.375	31.25
96587	30.0	40.625	33.75
96659	28.75	38.75	31.25
96731	27.5	35.625	31.25
96803	24.375	33.75	35.625
96875	25.625	29.375	36.875
96947	24.375	25.0	39.375
97019	26.875	27.5	36.875
97091	27.5	28.125	35.625
97163	29.375	26.25	36.25
97235	27.5	29.375	35.625
97307	26.25	31.25	36.25
97379	26.25	33.75	39.375
97451	24.375	33.75	41.875
97523	23.125	30.0	40.0
97595	27.5	31.25	37.5
97667	31.25	30.625	35.625
97739	36.25	30.0	30.625
97811	41.875	25.625	27.5
97883	43.75	26.875	23.75
97955	47.5	27.5	20.0
98027	45.0	28.75	22.5
98099	38.125	30.0	26.25
98171	32.5	31.25	28.125
98243	30.625	33.75	29.375
98315	26.25	38.75	30.625
98387	23.75	41.875	33.125
98459	25.0	42.5	33.125
98531	27.5	39.375	33.75
98603	30.625	38.75	31.875
98675	33.125	34.375	30.0
98747	34.375	33.125	28.75
98819	36.875	32.5	27.5
98891	35.0	29.375	31.25
98963	33.125	28.125	28.75
99035	32.5	25.625	30.0