# BASE VAL1 VAL2
# color 0:255:0 0:0:255 100:100:100
17	38.75	15.0	28.75
53	42.5	20.0	23.75
89	45.0	20.0	23.75
125	48.75	22.5	21.25
161	47.5	25.0	20.0
197	40.0	30.0	23.75
233	38.75	40.0	22.5
269	41.25	40.0	20.0
305	38.75	38.75	26.25
341	37.5	43.75	21.25
377	35.0	47.5	25.0
413	37.5	47.5	28.75
449	43.75	43.75	22.5
485	41.25	45.0	21.25
521	45.0	46.25	20.0
557	41.25	43.75	21.25
593	42.5	41.25	22.5
629	43.75	38.75	18.75
665	41.25	41.25	22.5
701	36.25	38.75	31.25
737	38.75	35.0	32.5
773	38.75	38.75	30.0
809	40.0	45.0	27.5
845	40.0	42.5	26.25
881	42.5	46.25	23.75
917	47.5	46.25	21.25
953	47.5	51.25	15.0
989	46.25	46.25	17.5
1025	41.25	43.75	20.0
1061	42.5	41.25	23.75
1097	42.5	38.75	22.5
1133	42.5	35.0	21.25
1169	37.5	30.0	25.0
1205	38.75	33.75	21.25
1241	38.75	35.0	22.5
1277	40.0	37.5	22.5
1313	45.0	33.75	18.75
1349	41.25	37.5	22.5
1385	45.0	40.0	21.25
1421	50.0	36.25	20.0
1457	46.25	36.25	23.75
1493	46.25	36.25	20.0
1529	47.5	36.25	21.25
1565	46.25	36.25	22.5
1601	47.5	37.5	21.25
1637	50.0	35.0	21.25
1673	45.0	35.0	21.25
1709	43.75	32.5	21.25
1745	41.25	30.0	25.0
1781	41.25	28.75	25.0
1817	40.0	30.0	23.75
1853	37.5	28.75	23.75
1889	41.25	32.5	22.5
1925	41.25	33.75	22.5
1961	45.0	33.75	21.25
1997	42.5	38.75	20.0
2033	40.0	35.0	26.25
2069	41.25	32.5	30.0
2105	45.0	30.0	27.5
2141	35.0	28.75	32.5
2177	35.0	28.75	33.75
2213	32.5	27.5	32.5
2249	32.5	25.0	33.75
2285	31.25	27.5	30.0
2321	30.0	28.75	33.75
2357	27.5	31.25	37.5
2393	28.75	32.5	35.0
2429	32.5	30.0	35.0
2465	31.25	30.0	37.5
2501	35.0	26.25	40.0
2537	40.0	27.5	37.5
2573	40.0	26.25	32.5
2609	43.75	22.5	27.5
2645	47.5	23.75	27.5
2681	48.75	23.75	27.5
2717	48.75	26.25	25.0
2753	47.5	23.75	25.0
2789	51.25	23.75	26.25
2825	51.25	20.0	27.5
2861	50.0	20.0	28.75
2897	55.0	21.25	25.0
2933	56.25	22.5	22.5
2969	53.75	25.0	23.75
3005	56.25	25.0	21.25
3041	53.75	28.75	21.25
3077	55.0	30.0	22.5
3113	52.5	30.0	21.25
3149	50.0	28.75	22.5
3185	50.0	31.25	23.75
3221	47.5	31.25	23.75
3257	51.25	32.5	18.75
3293	47.5	33.75	18.75
3329	46.25	35.0	18.75
3365	47.5	35.0	18.75
3401	48.75	33.75	18.75
3437	46.25	36.25	20.0
3473	43.75	32.5	21.25
3509	38.75	33.75	23.75
3545	38.75	33.75	23.75
3581	37.5	33.75	23.75
3617	36.25	35.0	23.75
3653	36.25	36.25	22.5
3689	36.25	35.0	22.5
3725	37.5	35.0	26.25
3761	42.5	28.75	25.0
3797	47.5	33.75	25.0
3833	48.75	36.25	22.5
3869	52.5	35.0	23.75
3905	55.0	31.25	27.5
3941	50.0	32.5	23.75
3977	55.0	37.5	20.0
4013	51.25	37.5	20.0
4049	51.25	31.25	20.0
4085	51.25	32.5	20.0
4121	46.25	38.75	18.75
4157	47.5	37.5	17.5
4193	47.5	35.0	18.75
4229	46.25	31.25	21.25
4265	45.0	37.5	21.25
4301	41.25	40.0	23.75
4337	43.75	36.25	23.75
4373	52.5	33.75	23.75
4409	52.5	32.5	25.0
4445	51.25	31.25	28.75
4481	50.0	30.0	30.0
4517	55.0	27.5	27.5
4553	61.25	23.75	25.0
4589	60.0	23.75	26.25
4625	51.25	23.75	26.25
4661	45.0	22.5	25.0
4697	41.25	23.75	25.0
4733	38.75	23.75	28.75
4769	35.0	25.0	33.75
4805	28.75	30.0	40.0
4841	25.0	33.75	37.5
4877	23.75	38.75	42.5
4913	23.75	43.75	50.0
4949	25.0	45.0	50.0
4985	20.0	51.25	48.75
5021	20.0	52.5	45.0
5057	23.75	48.75	41.25
5093	22.5	48.75	38.75
5129	18.75	46.25	40.0
5165	18.75	50.0	36.25
5201	18.75	47.5	33.75
5237	20.0	46.25	33.75
5273	20.0	43.75	36.25
5309	16.25	46.25	41.25
5345	18.75	46.25	37.5
5381	23.75	48.75	32.5
5417	23.75	41.25	36.25
5453	23.75	42.5	35.0
5489	21.25	45.0	35.0
5525	25.0	45.0	33.75
5561	27.5	46.25	31.25
5597	27.5	42.5	31.25
5633	26.25	40.0	35.0
5669	26.25	41.25	33.75
5705	26.25	41.25	31.25
5741	25.0	40.0	28.75
5777	22.5	40.0	35.0
5813	22.5	37.5	33.75
5849	20.0	33.75	31.25
5885	20.0	35.0	31.25
5921	16.25	35.0	32.5
5957	15.0	33.75	36.25
5993	17.5	32.5	35.0
6029	13.75	38.75	36.25
6065	15.0	38.75	36.25
6101	12.5	42.5	33.75
6137	13.75	40.0	33.75
6173	12.5	41.25	33.75
6209	12.5	47.5	37.5
6245	12.5	46.25	36.25
6281	15.0	45.0	35.0
6317	13.75	45.0	38.75
6353	12.5	50.0	40.0
6389	12.5	51.25	42.5
6425	13.75	46.25	46.25
6461	15.0	42.5	46.25
6497	13.75	38.75	45.0
6533	16.25	37.5	46.25
6569	18.75	35.0	43.75
6605	18.75	37.5	42.5
6641	21.25	36.25	38.75
6677	21.25	35.0	35.0
6713	20.0	37.5	36.25
6749	18.75	40.0	32.5
6785	15.0	42.5	37.5
6821	15.0	41.25	40.0
6857	15.0	41.25	38.75
6893	13.75	37.5	42.5
6929	10.0	41.25	41.25
6965	10.0	37.5	43.75
7001	8.75	38.75	45.0
7037	11.25	37.5	42.5
7073	8.75	38.75	45.0
7109	11.25	37.5	46.25
7145	16.25	37.5	42.5
7181	18.75	35.0	46.25
7217	17.5	35.0	42.5
7253	18.75	33.75	41.25
7289	21.25	35.0	46.25
7325	23.75	30.0	37.5
7361	23.75	33.75	37.5
7397	23.75	28.75	35.0
7433	21.25	32.5	37.5
7469	26.25	32.5	37.5
7505	30.0	35.0	40.0
7541	27.5	35.0	41.25
7577	22.5	41.25	48.75
7613	20.0	43.75	48.75
7649	21.25	47.5	48.75
7685	18.75	41.25	46.25
7721	16.25	37.5	46.25
7757	15.0	36.25	41.25
7793	20.0	35.0	37.5
7829	25.0	31.25	33.75
7865	28.75	32.5	32.5
7901	32.5	36.25	30.0
7937	35.0	38.75	28.75
7973	36.25	36.25	28.75
8009	38.75	35.0	28.75
8045	38.75	38.75	27.5
8081	41.25	40.0	23.75
8117	40.0	38.75	22.5
8153	45.0	33.75	21.25
8189	43.75	38.75	20.0
8225	40.0	42.5	17.5
8261	37.5	37.5	20.0
8297	33.75	31.25	26.25
8333	33.75	35.0	25.0
8369	33.75	36.25	23.75
8405	32.5	33.75	23.75
8441	36.25	28.75	23.75
8477	41.25	32.5	23.75
8513	38.75	36.25	20.0
8549	38.75	36.25	15.0
8585	40.0	35.0	11.25
8621	37.5	33.75	10.0
8657	37.5	33.75	10.0
8693	36.25	32.5	7.5
8729	35.0	35.0	3.75
8765	40.0	33.75	5.0
8801	37.5	32.5	7.5
8837	40.0	36.25	11.25
8873	41.25	35.0	11.25
8909	42.5	33.75	12.5
8945	41.25	33.75	11.25
8981	45.0	37.5	10.0
9017	45.0	40.0	8.75
9053	47.5	42.5	6.25
9089	43.75	42.5	3.75
9125	41.25	41.25	6.25
9161	42.5	45.0	5.0
9197	43.75	43.75	7.5
9233	43.75	42.5	11.25
9269	40.0	36.25	12.5
9305	38.75	38.75	15.0
9341	38.75	36.25	15.0
9377	38.75	40.0	12.5
9413	36.25	35.0	12.5
9449	33.75	41.25	12.5
9485	35.0	36.25	11.25
9521	40.0	37.5	8.75
9557	37.5	36.25	8.75
9593	37.5	36.25	11.25
9629	38.75	36.25	12.5
9665	40.0	38.75	12.5
9701	38.75	35.0	10.0
9737	38.75	41.25	8.75
9773	37.5	43.75	7.5
9809	36.25	43.75	6.25
9845	33.75	41.25	5.0
9881	31.25	41.25	3.75
9917	32.5	42.5	2.5
9953	27.5	42.5	2.5
9989	32.5	40.0	2.5
10025	30.0	42.5	5.0
10061	32.5	41.25	5.0
10097	36.25	43.75	5.0
10133	38.75	43.75	8.75
10169	42.5	40.0	7.5
10205	45.0	41.25	8.75
10241	40.0	41.25	7.5
10277	42.5	41.25	10.0
10313	43.75	43.75	10.0
10349	42.5	45.0	10.0
10385	42.5	47.5	8.75
10421	40.0	47.5	11.25
10457	36.25	43.75	11.25
10493	35.0	37.5	10.0
10529	33.75	40.0	8.75
10565	33.75	40.0	8.75
10601	33.75	40.0	7.5
10637	30.0	41.25	7.5
10673	30.0	42.5	8.75
10709	33.75	43.75	7.5
10745	35.0	43.75	6.25
10781	35.0	41.25	7.5
10817	33.75	40.0	7.5
10853	32.5	40.0	7.5
10889	33.75	36.25	7.5
10925	37.5	36.25	5.0
10961	36.25	40.0	6.25
10997	35.0	43.75	5.0
11033	35.0	47.5	5.0
11069	33.75	43.75	7.5
11105	35.0	45.0	6.25
11141	38.75	48.75	7.5
11177	36.25	46.25	7.5
11213	33.75	42.5	6.25
11249	36.25	42.5	6.25
11285	40.0	42.5	5.0
11321	40.0	40.0	7.5
11357	42.5	40.0	10.0
11393	37.5	36.25	10.0
11429	38.75	40.0	10.0
11465	38.75	43.75	11.25
11501	36.25	41.25	13.75
11537	36.25	43.75	11.25
11573	37.5	48.75	6.25
11609	40.0	47.5	5.0
11645	42.5	46.25	6.25
11681	42.5	41.25	8.75
11717	42.5	41.25	6.25
11753	48.75	41.25	5.0
11789	47.5	40.0	8.75
11825	45.0	36.25	11.25
11861	40.0	41.25	10.0
11897	45.0	43.75	10.0
11933	45.0	47.5	16.25
11969	42.5	42.5	17.5
12005	37.5	42.5	21.25
12041	37.5	41.25	21.25
12077	33.75	36.25	20.0
12113	37.5	41.25	21.25
12149	38.75	51.25	17.5
12185	36.25	50.0	12.5
12221	37.5	52.5	10.0
12257	40.0	55.0	10.0
12293	41.25	61.25	7.5
12329	45.0	60.0	7.5
12365	37.5	51.25	10.0
12401	38.75	43.75	10.0
12437	40.0	41.25	8.75
12473	36.25	41.25	11.25
12509	33.75	41.25	8.75
12545	30.0	38.75	11.25
12581	27.5	41.25	12.5
12617	27.5	41.25	11.25
12653	25.0	42.5	11.25
12689	26.25	41.25	10.0
12725	26.25	40.0	8.75
12761	25.0	35.0	7.5
12797	28.75	31.25	3.75
12833	32.5	31.25	2.5
12869	30.0	31.25	3.75
12905	33.75	30.0	6.25
12941	30.0	32.5	6.25
12977	30.0	28.75	8.75
13013	35.0	35.0	11.25
13049	35.0	35.0	11.25
13085	35.0	38.75	13.75
13121	37.5	38.75	12.5
13157	38.75	37.5	11.25
13193	41.25	35.0	12.5
13229	41.25	35.0	13.75
13265	38.75	36.25	12.5
13301	37.5	32.5	12.5
13337	38.75	28.75	10.0
13373	33.75	25.0	11.25
13409	32.5	30.0	11.25
13445	30.0	28.75	11.25
13481	27.5	30.0	10.0
13517	30.0	30.0	10.0
13553	26.25	26.25	8.75
13589	27.5	33.75	8.75
13625	30.0	36.25	12.5
13661	28.75	37.5	12.5
13697	31.25	41.25	13.75
13733	31.25	38.75	20.0
13769	30.0	37.5	25.0
13805	31.25	32.5	27.5
13841	28.75	31.25	28.75
13877	30.0	31.25	28.75
13913	28.75	26.25	28.75
13949	30.0	25.0	27.5
13985	30.0	21.25	30.0
14021	32.5	22.5	31.25
14057	35.0	20.0	32.5
14093	33.75	18.75	31.25
14129	35.0	18.75	30.0
14165	35.0	18.75	32.5
14201	33.75	20.0	37.5
14237	33.75	21.25	32.5
14273	32.5	25.0	31.25
14309	31.25	25.0	31.25
14345	36.25	25.0	30.0
14381	33.75	22.5	27.5
14417	37.5	23.75	25.0
14453	38.75	28.75	20.0
14489	37.5	27.5	17.5
14525	41.25	26.25	16.25
14561	38.75	25.0	21.25
14597	40.0	25.0	25.0
14633	42.5	26.25	31.25
14669	43.75	25.0	33.75
14705	46.25	21.25	33.75
14741	50.0	18.75	33.75
14777	46.25	20.0	31.25
14813	41.25	26.25	28.75
14849	40.0	32.5	28.75
14885	35.0	37.5	27.5
14921	33.75	35.0	27.5
14957	25.0	41.25	33.75
14993	17.5	43.75	40.0
15029	20.0	46.25	43.75
15065	16.25	43.75	46.25
15101	15.0	41.25	46.25
15137	15.0	37.5	45.0
15173	16.25	37.5	43.75
15209	23.75	32.5	37.5
15245	25.0	33.75	32.5
15281	31.25	33.75	32.5
15317	35.0	32.5	28.75
15353	37.5	33.75	26.25
15389	41.25	33.75	26.25
15425	47.5	33.75	25.0
15461	48.75	36.25	25.0
15497	48.75	35.0	23.75
15533	46.25	30.0	25.0
15569	51.25	30.0	23.75
15605	50.0	25.0	23.75
15641	46.25	27.5	23.75
15677	41.25	26.25	25.0
15713	36.25	26.25	22.5
15749	36.25	25.0	23.75
15785	36.25	31.25	22.5
15821	32.5	40.0	21.25
15857	28.75	45.0	21.25
15893	26.25	50.0	26.25
15929	22.5	55.0	28.75
15965	25.0	55.0	33.75
16001	23.75	56.25	37.5
16037	23.75	52.5	41.25
16073	26.25	47.5	38.75
16109	27.5	52.5	41.25
16145	26.25	51.25	41.25
16181	25.0	55.0	38.75
16217	23.75	56.25	35.0
16253	20.0	58.75	31.25
16289	17.5	58.75	30.0
16325	17.5	57.5	30.0
16361	17.5	52.5	33.75
16397	17.5	53.75	36.25
16433	20.0	47.5	32.5
16469	16.25	55.0	32.5
16505	21.25	51.25	32.5
16541	22.5	52.5	33.75
16577	26.25	51.25	30.0
16613	27.5	51.25	30.0
16649	28.75	51.25	30.0
16685	32.5	50.0	31.25
16721	35.0	45.0	30.0
16757	30.0	43.75	31.25
16793	33.75	40.0	35.0
16829	31.25	41.25	36.25
16865	30.0	40.0	37.5
16901	33.75	37.5	32.5
16937	31.25	36.25	32.5
16973	32.5	35.0	35.0
17009	33.75	33.75	31.25
17045	38.75	36.25	28.75
17081	42.5	36.25	25.0
17117	43.75	31.25	26.25
17153	45.0	35.0	28.75
17189	48.75	37.5	25.0
17225	48.75	40.0	18.75
17261	50.0	40.0	20.0
17297	55.0	41.25	16.25
17333	56.25	38.75	17.5
17369	57.5	43.75	15.0
17405	60.0	41.25	18.75
17441	57.5	42.5	18.75
17477	58.75	40.0	21.25
17513	56.25	41.25	18.75
17549	51.25	43.75	21.25
17585	50.0	43.75	22.5
17621	51.25	46.25	21.25
17657	50.0	42.5	23.75
17693	50.0	40.0	27.5
17729	43.75	40.0	30.0
17765	42.5	36.25	32.5
17801	42.5	36.25	31.25
17837	41.25	33.75	32.5
17873	38.75	32.5	36.25
17909	40.0	33.75	31.25
17945	38.75	37.5	28.75
17981	38.75	36.25	28.75
18017	37.5	40.0	30.0
18053	36.25	40.0	32.5
18089	40.0	40.0	31.25
18125	42.5	46.25	26.25
18161	45.0	42.5	27.5
18197	50.0	42.5	26.25
18233	51.25	38.75	26.25
18269	52.5	37.5	26.25
18305	51.25	38.75	25.0
18341	47.5	37.5	26.25
18377	46.25	40.0	26.25
18413	43.75	43.75	28.75
18449	43.75	42.5	31.25
18485	45.0	41.25	27.5
18521	40.0	40.0	26.25
18557	36.25	42.5	25.0
18593	31.25	43.75	26.25
18629	26.25	48.75	26.25
18665	22.5	47.5	28.75
18701	16.25	47.5	30.0
18737	13.75	52.5	33.75
18773	15.0	55.0	33.75
18809	15.0	52.5	36.25
18845	15.0	50.0	32.5
18881	17.5	52.5	27.5
18917	17.5	46.25	26.25
18953	16.25	45.0	23.75
18989	16.25	46.25	21.25
19025	17.5	45.0	20.0
19061	18.75	46.25	21.25
19097	18.75	42.5	23.75
19133	21.25	43.75	27.5
19169	22.5	47.5	26.25
19205	22.5	45.0	32.5
19241	22.5	46.25	33.75
19277	25.0	43.75	32.5
19313	28.75	42.5	32.5
19349	31.25	43.75	32.5
19385	30.0	42.5	33.75
19421	28.75	41.25	32.5
19457	32.5	38.75	33.75
19493	35.0	41.25	36.25
19529	32.5	38.75	36.25
19565	31.25	33.75	36.25
19601	36.25	32.5	32.5
19637	38.75	31.25	28.75
19673	42.5	28.75	28.75
19709	43.75	30.0	25.0
19745	41.25	31.25	25.0
19781	45.0	35.0	25.0
19817	45.0	33.75	23.75
19853	47.5	28.75	25.0
19889	47.5	35.0	23.75
19925	43.75	33.75	23.75
19961	48.75	36.25	22.5
19997	48.75	35.0	20.0
20033	48.75	36.25	17.5
20069	50.0	40.0	15.0
20105	50.0	43.75	12.5
20141	50.0	42.5	11.25
20177	53.75	42.5	8.75
20213	50.0	43.75	7.5
20249	45.0	41.25	10.0
20285	45.0	36.25	18.75
20321	37.5	33.75	26.25
20357	35.0	27.5	35.0
20393	31.25	27.5	38.75
20429	27.5	21.25	43.75
20465	23.75	16.25	50.0
20501	28.75	12.5	53.75
20537	27.5	15.0	48.75
20573	33.75	16.25	46.25
20609	36.25	17.5	45.0
20645	35.0	18.75	46.25
20681	33.75	18.75	41.25
20717	32.5	23.75	36.25
20753	33.75	25.0	35.0
20789	32.5	25.0	37.5
20825	31.25	25.0	37.5
20861	33.75	22.5	38.75
20897	33.75	23.75	36.25
20933	33.75	23.75	35.0
20969	36.25	21.25	36.25
21005	33.75	21.25	36.25
21041	30.0	21.25	36.25
21077	30.0	21.25	33.75
21113	22.5	25.0	32.5
21149	21.25	26.25	32.5
21185	16.25	26.25	35.0
21221	13.75	28.75	38.75
21257	17.5	30.0	35.0
21293	22.5	28.75	37.5
21329	27.5	28.75	40.0
21365	33.75	25.0	40.0
21401	32.5	27.5	38.75
21437	37.5	22.5	37.5
21473	43.75	21.25	35.0
21509	41.25	18.75	32.5
21545	37.5	20.0	28.75
21581	36.25	21.25	30.0
21617	38.75	18.75	33.75
21653	42.5	20.0	36.25
21689	41.25	22.5	41.25
21725	35.0	22.5	42.5
21761	43.75	25.0	46.25
21797	41.25	23.75	48.75
21833	42.5	21.25	53.75
21869	40.0	23.75	51.25
21905	38.75	21.25	53.75
21941	38.75	25.0	51.25
21977	40.0	27.5	50.0
22013	38.75	25.0	50.0
22049	45.0	22.5	47.5
22085	47.5	21.25	43.75
22121	45.0	20.0	45.0
22157	46.25	22.5	46.25
22193	45.0	18.75	50.0
22229	46.25	17.5	48.75
22265	43.75	17.5	52.5
22301	43.75	22.5	53.75
22337	38.75	27.5	52.5
22373	40.0	28.75	48.75
22409	41.25	30.0	46.25
22445	41.25	30.0	48.75
22481	37.5	31.25	53.75
22517	43.75	32.5	48.75
22553	42.5	28.75	47.5
22589	40.0	28.75	43.75
22625	42.5	22.5	42.5
22661	42.5	22.5	35.0
22697	43.75	23.75	30.0
22733	43.75	22.5	23.75
22769	40.0	26.25	21.25
22805	41.25	26.25	21.25
22841	45.0	30.0	18.75
22877	47.5	31.25	15.0
22913	46.25	30.0	17.5
22949	46.25	33.75	15.0
22985	46.25	36.25	18.75
23021	50.0	37.5	20.0
23057	47.5	37.5	21.25
23093	41.25	36.25	25.0
23129	41.25	33.75	27.5
23165	35.0	36.25	28.75
23201	36.25	37.5	28.75
23237	32.5	33.75	33.75
23273	26.25	33.75	32.5
23309	25.0	33.75	32.5
23345	25.0	37.5	30.0
23381	26.25	42.5	26.25
23417	22.5	42.5	26.25
23453	18.75	42.5	25.0
23489	15.0	41.25	26.25
23525	16.25	38.75	30.0
23561	15.0	41.25	31.25
23597	15.0	42.5	30.0
23633	17.5	38.75	32.5
23669	20.0	35.0	37.5
23705	22.5	31.25	33.75
23741	27.5	28.75	31.25
23777	28.75	32.5	28.75
23813	33.75	25.0	28.75
23849	38.75	22.5	30.0
23885	38.75	21.25	31.25
23921	36.25	31.25	33.75
23957	37.5	36.25	35.0
23993	36.25	37.5	35.0
24029	32.5	38.75	37.5
24065	25.0	41.25	35.0
24101	21.25	41.25	37.5
24137	26.25	36.25	35.0
24173	27.5	32.5	32.5
24209	23.75	38.75	31.25
24245	25.0	38.75	31.25
24281	23.75	43.75	31.25
24317	23.75	48.75	33.75
24353	18.75	53.75	31.25
24389	18.75	51.25	32.5
24425	20.0	47.5	28.75
24461	25.0	45.0	25.0
24497	23.75	42.5	25.0
24533	27.5	36.25	26.25
24569	31.25	33.75	22.5
24605	35.0	30.0	21.25
24641	37.5	33.75	22.5
24677	38.75	36.25	20.0
24713	38.75	35.0	20.0
24749	40.0	33.75	20.0
24785	42.5	30.0	17.5
24821	41.25	32.5	18.75
24857	38.75	30.0	21.25
24893	36.25	26.25	22.5
24929	32.5	23.75	26.25
24965	27.5	23.75	27.5
25001	32.5	27.5	30.0
25037	31.25	31.25	30.0
25073	33.75	31.25	31.25
25109	32.5	33.75	30.0
25145	26.25	40.0	30.0
25181	27.5	42.5	36.25
25217	23.75	46.25	32.5
25253	25.0	45.0	33.75
25289	21.25	45.0	33.75
25325	16.25	46.25	35.0
25361	16.25	48.75	35.0
25397	18.75	46.25	31.25
25433	18.75	47.5	26.25
25469	17.5	50.0	28.75
25505	16.25	47.5	31.25
25541	17.5	48.75	33.75
25577	18.75	42.5	32.5
25613	18.75	41.25	31.25
25649	17.5	42.5	33.75
25685	23.75	40.0	35.0
25721	25.0	35.0	33.75
25757	27.5	36.25	28.75
25793	31.25	35.0	28.75
25829	37.5	37.5	23.75
25865	38.75	35.0	20.0
25901	36.25	36.25	18.75
25937	38.75	33.75	17.5
25973	46.25	31.25	18.75
26009	47.5	26.25	22.5
26045	46.25	27.5	25.0
26081	45.0	23.75	25.0
26117	46.25	23.75	25.0
26153	46.25	26.25	21.25
26189	46.25	27.5	15.0
26225	37.5	26.25	15.0
26261	37.5	31.25	13.75
26297	40.0	38.75	13.75
26333	37.5	38.75	13.75
26369	37.5	38.75	15.0
26405	41.25	37.5	17.5
26441	42.5	40.0	20.0
26477	46.25	40.0	20.0
26513	47.5	40.0	18.75
26549	45.0	36.25	20.0
26585	42.5	37.5	22.5
26621	43.75	32.5	26.25
26657	42.5	33.75	21.25
26693	38.75	30.0	27.5
26729	37.5	26.25	27.5
26765	36.25	27.5	26.25
26801	43.75	27.5	25.0
26837	45.0	30.0	23.75
26873	46.25	30.0	20.0
26909	48.75	27.5	18.75
26945	52.5	33.75	12.5
26981	50.0	32.5	16.25
27017	47.5	33.75	13.75
27053	45.0	37.5	15.0
27089	46.25	41.25	13.75
27125	45.0	42.5	13.75
27161	45.0	45.0	16.25
27197	42.5	45.0	17.5
27233	46.25	46.25	16.25
27269	46.25	48.75	17.5
27305	51.25	41.25	21.25
27341	52.5	37.5	22.5
27377	50.0	35.0	22.5
27413	48.75	33.75	20.0
27449	47.5	37.5	18.75
27485	42.5	35.0	18.75
27521	42.5	40.0	20.0
27557	38.75	43.75	17.5
27593	35.0	48.75	16.25
27629	32.5	51.25	18.75
27665	40.0	51.25	20.0
27701	40.0	52.5	20.0
27737	42.5	48.75	17.5
27773	42.5	48.75	17.5
27809	45.0	50.0	17.5
27845	46.25	50.0	16.25
27881	47.5	46.25	15.0
27917	42.5	41.25	15.0
27953	40.0	45.0	10.0
27989	40.0	46.25	10.0
28025	36.25	42.5	10.0
28061	38.75	36.25	6.25
28097	37.5	38.75	6.25
28133	37.5	40.0	8.75
28169	35.0	40.0	11.25
28205	38.75	37.5	13.75
28241	38.75	40.0	13.75
28277	41.25	41.25	17.5
28313	36.25	42.5	18.75
28349	42.5	46.25	17.5
28385	43.75	45.0	15.0
28421	42.5	42.5	13.75
28457	46.25	38.75	12.5
28493	41.25	41.25	16.25
28529	41.25	38.75	15.0
28565	40.0	41.25	15.0
28601	35.0	37.5	17.5
28637	32.5	33.75	17.5
28673	30.0	33.75	20.0
28709	27.5	36.25	22.5
28745	27.5	36.25	26.25
28781	27.5	37.5	22.5
28817	28.75	35.0	26.25
28853	32.5	36.25	27.5
28889	33.75	36.25	27.5
28925	37.5	36.25	25.0
28961	42.5	35.0	18.75
28997	41.25	35.0	18.75
29033	37.5	32.5	21.25
29069	37.5	35.0	18.75
29105	32.5	36.25	18.75
29141	30.0	37.5	22.5
29177	25.0	37.5	27.5
29213	26.25	32.5	30.0
29249	28.75	27.5	30.0
29285	30.0	30.0	25.0
29321	30.0	28.75	27.5
29357	36.25	28.75	27.5
29393	38.75	27.5	25.0
29429	38.75	27.5	25.0
29465	41.25	31.25	22.5
29501	42.5	31.25	22.5
29537	42.5	31.25	18.75
29573	43.75	35.0	17.5
29609	42.5	36.25	18.75
29645	37.5	38.75	23.75
29681	37.5	38.75	23.75
29717	33.75	35.0	26.25
29753	32.5	36.25	28.75
29789	30.0	32.5	33.75
29825	30.0	27.5	30.0
29861	30.0	28.75	27.5
29897	33.75	31.25	25.0
29933	38.75	35.0	21.25
29969	41.25	45.0	18.75
30005	41.25	45.0	13.75
30041	47.5	50.0	10.0
30077	51.25	55.0	10.0
30113	57.5	52.5	11.25
30149	57.5	51.25	12.5
30185	53.75	46.25	15.0
30221	53.75	43.75	16.25
30257	48.75	42.5	20.0
30293	43.75	41.25	18.75
30329	45.0	43.75	16.25
30365	41.25	45.0	16.25
30401	42.5	43.75	16.25
30437	45.0	40.0	13.75
30473	41.25	36.25	16.25
30509	45.0	33.75	16.25
30545	45.0	35.0	15.0
30581	43.75	35.0	20.0
30617	45.0	36.25	21.25
30653	41.25	38.75	20.0
30689	48.75	45.0	17.5
30725	50.0	47.5	13.75
30761	48.75	48.75	13.75
30797	48.75	46.25	15.0
30833	48.75	48.75	10.0
30869	48.75	48.75	8.75
30905	46.25	43.75	12.5
30941	47.5	45.0	13.75
30977	50.0	47.5	11.25
31013	48.75	46.25	12.5
31049	57.5	51.25	11.25
31085	60.0	51.25	11.25
31121	63.75	42.5	11.25
31157	61.25	41.25	12.5
31193	62.5	33.75	16.25
31229	57.5	31.25	20.0
31265	52.5	31.25	18.75
31301	51.25	30.0	18.75
31337	48.75	28.75	21.25
31373	50.0	35.0	17.5
31409	51.25	37.5	13.75
31445	50.0	38.75	12.5
31481	51.25	41.25	13.75
31517	50.0	43.75	13.75
31553	46.25	51.25	11.25
31589	48.75	51.25	13.75
31625	47.5	52.5	15.0
31661	47.5	55.0	13.75
31697	48.75	52.5	13.75
31733	47.5	53.75	12.5
31769	47.5	53.75	13.75
31805	48.75	50.0	15.0
31841	47.5	46.25	17.5
31877	50.0	42.5	16.25
31913	52.5	46.25	12.5
31949	53.75	43.75	13.75
31985	51.25	38.75	18.75
32021	50.0	41.25	16.25
32057	51.25	38.75	15.0
32093	47.5	41.25	13.75
32129	46.25	41.25	15.0
32165	41.25	37.5	21.25
32201	35.0	37.5	25.0
32237	33.75	38.75	30.0
32273	33.75	41.25	33.75
32309	27.5	43.75	38.75
32345	23.75	48.75	41.25
32381	23.75	51.25	42.5
32417	21.25	51.25	46.25
32453	22.5	50.0	43.75
32489	21.25	50.0	42.5
32525	20.0	47.5	40.0
32561	18.75	45.0	41.25
32597	20.0	42.5	41.25
32633	18.75	36.25	42.5
32669	21.25	35.0	42.5
32705	20.0	41.25	41.25
32741	25.0	41.25	36.25
32777	26.25	42.5	35.0
32813	23.75	43.75	36.25
32849	26.25	51.25	37.5
32885	25.0	53.75	37.5
32921	21.25	55.0	36.25
32957	18.75	53.75	41.25
32993	18.75	50.0	43.75
33029	15.0	51.25	45.0
33065	13.75	48.75	47.5
33101	12.5	50.0	47.5
33137	12.5	51.25	47.5
33173	13.75	55.0	50.0
33209	15.0	52.5	48.75
33245	15.0	53.75	51.25
33281	15.0	51.25	53.75
33317	17.5	50.0	51.25
33353	15.0	47.5	48.75
33389	17.5	45.0	43.75
33425	17.5	46.25	37.5
33461	17.5	50.0	33.75
33497	20.0	48.75	33.75
33533	18.75	52.5	33.75
33569	20.0	48.75	31.25
33605	26.25	46.25	35.0
33641	26.25	46.25	37.5
33677	28.75	41.25	43.75
33713	26.25	41.25	42.5
33749	28.75	38.75	37.5
33785	32.5	35.0	36.25
33821	33.75	32.5	45.0
33857	32.5	28.75	47.5
33893	30.0	26.25	48.75
33929	33.75	25.0	50.0
33965	33.75	20.0	52.5
34001	32.5	18.75	52.5
34037	33.75	18.75	53.75
34073	37.5	17.5	52.5
34109	37.5	18.75	47.5
34145	38.75	15.0	48.75
34181	38.75	17.5	47.5
34217	42.5	17.5	52.5
34253	40.0	17.5	52.5
34289	37.5	20.0	53.75
34325	36.25	21.25	52.5
34361	33.75	21.25	53.75
34397	37.5	18.75	55.0
34433	35.0	17.5	51.25
34469	31.25	17.5	47.5
34505	32.5	18.75	45.0
34541	40.0	15.0	42.5
34577	42.5	11.25	46.25
34613	41.25	11.25	45.0
34649	37.5	13.75	51.25
34685	38.75	13.75	51.25
34721	41.25	16.25	52.5
34757	35.0	17.5	57.5
34793	28.75	16.25	60.0
34829	26.25	17.5	61.25
34865	28.75	21.25	61.25
34901	27.5	18.75	57.5
34937	26.25	21.25	55.0
34973	28.75	23.75	53.75
35009	30.0	21.25	51.25
35045	35.0	21.25	52.5
35081	37.5	21.25	47.5
35117	41.25	17.5	50.0
35153	38.75	17.5	51.25
35189	37.5	16.25	51.25
35225	42.5	12.5	55.0
35261	38.75	16.25	51.25
35297	36.25	16.25	55.0
35333	40.0	15.0	56.25
35369	37.5	18.75	55.0
35405	45.0	18.75	50.0
35441	47.5	20.0	50.0
35477	48.75	16.25	46.25
35513	48.75	15.0	47.5
35549	52.5	12.5	47.5
35585	48.75	15.0	47.5
35621	46.25	13.75	50.0
35657	43.75	17.5	52.5
35693	41.25	18.75	48.75
35729	35.0	23.75	52.5
35765	36.25	27.5	47.5
35801	36.25	26.25	46.25
35837	33.75	23.75	47.5
35873	31.25	22.5	46.25
35909	28.75	25.0	42.5
35945	30.0	25.0	43.75
35981	30.0	22.5	45.0
36017	30.0	22.5	47.5
36053	30.0	26.25	46.25
36089	32.5	27.5	43.75
36125	37.5	25.0	43.75
36161	40.0	23.75	46.25
36197	36.25	23.75	46.25
36233	33.75	26.25	41.25
36269	33.75	25.0	46.25
36305	30.0	26.25	46.25
36341	30.0	22.5	48.75
36377	27.5	25.0	48.75
36413	30.0	25.0	48.75
36449	33.75	22.5	48.75
36485	36.25	18.75	48.75
36521	32.5	20.0	47.5
36557	33.75	20.0	47.5
36593	35.0	22.5	43.75
36629	32.5	17.5	42.5
36665	31.25	15.0	43.75
36701	31.25	18.75	40.0
36737	35.0	17.5	41.25
36773	31.25	18.75	33.75
36809	30.0	18.75	35.0
36845	26.25	18.75	37.5
36881	25.0	23.75	35.0
36917	28.75	23.75	35.0
36953	31.25	21.25	37.5
36989	28.75	21.25	40.0
37025	35.0	22.5	45.0
37061	36.25	23.75	43.75
37097	35.0	21.25	46.25
37133	38.75	16.25	50.0
37169	37.5	17.5	52.5
37205	38.75	18.75	53.75
37241	41.25	15.0	57.5
37277	41.25	13.75	55.0
37313	46.25	12.5	57.5
37349	48.75	11.25	56.25
37385	46.25	13.75	56.25
37421	42.5	15.0	50.0
37457	37.5	16.25	52.5
37493	35.0	16.25	51.25
37529	31.25	17.5	51.25
37565	32.5	16.25	52.5
37601	32.5	13.75	52.5
37637	31.25	11.25	55.0
37673	37.5	8.75	53.75
37709	40.0	11.25	50.0
37745	40.0	13.75	50.0
37781	40.0	15.0	41.25
37817	40.0	17.5	42.5
37853	42.5	20.0	46.25
37889	37.5	21.25	46.25
37925	36.25	21.25	48.75
37961	33.75	21.25	47.5
37997	38.75	16.25	51.25
38033	40.0	15.0	55.0
38069	36.25	17.5	53.75
38105	40.0	13.75	53.75
38141	45.0	17.5	50.0
38177	46.25	18.75	48.75
38213	40.0	22.5	51.25
38249	35.0	23.75	46.25
38285	37.5	23.75	47.5
38321	37.5	26.25	43.75
38357	33.75	28.75	42.5
38393	37.5	25.0	43.75
38429	40.0	22.5	46.25
38465	42.5	23.75	45.0
38501	40.0	28.75	46.25
38537	40.0	30.0	42.5
38573	41.25	26.25	43.75
38609	42.5	25.0	40.0
38645	38.75	28.75	38.75
38681	37.5	28.75	37.5
38717	35.0	23.75	37.5
38753	41.25	18.75	40.0
38789	40.0	16.25	38.75
38825	36.25	17.5	38.75
38861	32.5	17.5	41.25
38897	33.75	15.0	43.75
38933	36.25	13.75	43.75
38969	36.25	15.0	40.0
39005	33.75	13.75	41.25
39041	38.75	12.5	46.25
39077	40.0	12.5	45.0
39113	42.5	10.0	47.5
39149	42.5	8.75	50.0
39185	45.0	8.75	50.0
39221	42.5	8.75	53.75
39257	40.0	8.75	56.25
39293	38.75	10.0	52.5
39329	37.5	8.75	53.75
39365	42.5	10.0	50.0
39401	42.5	10.0	47.5
39437	41.25	15.0	50.0
39473	36.25	15.0	51.25
39509	37.5	13.75	50.0
39545	33.75	17.5	50.0
39581	35.0	17.5	48.75
39617	32.5	18.75	51.25
39653	33.75	15.0	53.75
39689	33.75	16.25	52.5
39725	37.5	17.5	50.0
39761	36.25	18.75	48.75
39797	33.75	20.0	46.25
39833	30.0	21.25	43.75
39869	33.75	17.5	42.5
39905	31.25	16.25	38.75
39941	33.75	12.5	42.5
39977	31.25	10.0	47.5
40013	31.25	7.5	50.0
40049	31.25	10.0	51.25
40085	30.0	10.0	55.0
40121	27.5	15.0	52.5
40157	30.0	16.25	50.0
40193	33.75	17.5	46.25
40229	36.25	20.0	46.25
40265	37.5	22.5	45.0
40301	37.5	22.5	43.75
40337	37.5	23.75	42.5
40373	37.5	22.5	43.75
40409	35.0	26.25	42.5
40445	35.0	30.0	41.25
40481	35.0	30.0	42.5
40517	37.5	27.5	42.5
40553	42.5	26.25	40.0
40589	41.25	21.25	38.75
40625	46.25	20.0	38.75
40661	45.0	18.75	40.0
40697	45.0	13.75	42.5
40733	52.5	11.25	40.0
40769	52.5	12.5	38.75
40805	50.0	17.5	41.25
40841	50.0	22.5	37.5
40877	45.0	22.5	37.5
40913	47.5	25.0	38.75
40949	42.5	25.0	42.5
40985	38.75	21.25	47.5
41021	38.75	18.75	50.0
41057	41.25	17.5	50.0
41093	41.25	17.5	46.25
41129	41.25	21.25	43.75
41165	40.0	21.25	40.0
41201	43.75	21.25	36.25
41237	42.5	23.75	33.75
41273	46.25	21.25	28.75
41309	45.0	23.75	28.75
41345	46.25	21.25	33.75
41381	48.75	20.0	32.5
41417	50.0	22.5	30.0
41453	42.5	25.0	30.0
41489	41.25	26.25	27.5
41525	43.75	25.0	28.75
41561	38.75	30.0	30.0
41597	37.5	27.5	28.75
41633	37.5	27.5	30.0
41669	41.25	25.0	32.5
41705	42.5	25.0	37.5
41741	46.25	23.75	36.25
41777	40.0	23.75	35.0
41813	42.5	25.0	33.75
41849	43.75	23.75	36.25
41885	43.75	26.25	36.25
41921	42.5	25.0	40.0
41957	43.75	22.5	41.25
41993	43.75	22.5	45.0
42029	41.25	25.0	46.25
42065	43.75	25.0	40.0
42101	41.25	26.25	35.0
42137	43.75	21.25	35.0
42173	41.25	22.5	35.0
42209	37.5	26.25	33.75
42245	36.25	26.25	35.0
42281	40.0	21.25	40.0
42317	37.5	23.75	43.75
42353	36.25	25.0	43.75
42389	35.0	25.0	43.75
42425	35.0	27.5	40.0
42461	40.0	27.5	36.25
42497	43.75	28.75	33.75
42533	38.75	31.25	33.75
42569	42.5	30.0	27.5
42605	45.0	26.25	32.5
42641	42.5	28.75	33.75
42677	45.0	25.0	32.5
42713	48.75	20.0	35.0
42749	46.25	22.5	35.0
42785	47.5	20.0	37.5
42821	43.75	21.25	35.0
42857	46.25	20.0	31.25
42893	46.25	20.0	32.5
42929	42.5	20.0	36.25
42965	43.75	22.5	35.0
43001	43.75	21.25	33.75
43037	45.0	20.0	32.5
43073	47.5	21.25	35.0
43109	45.0	22.5	37.5
43145	46.25	22.5	35.0
43181	48.75	21.25	32.5
43217	46.25	18.75	36.25
43253	46.25	21.25	37.5
43289	47.5	20.0	37.5
43325	50.0	18.75	40.0
43361	52.5	16.25	38.75
43397	48.75	20.0	36.25
43433	45.0	21.25	36.25
43469	47.5	21.25	38.75
43505	48.75	20.0	41.25
43541	48.75	25.0	42.5
43577	50.0	25.0	40.0
43613	47.5	27.5	42.5
43649	46.25	27.5	37.5
43685	48.75	27.5	40.0
43721	53.75	26.25	41.25
43757	50.0	22.5	40.0
43793	47.5	23.75	36.25
43829	48.75	23.75	37.5
43865	56.25	20.0	40.0
43901	56.25	16.25	36.25
43937	55.0	12.5	38.75
43973	48.75	15.0	38.75
44009	50.0	15.0	38.75
44045	47.5	16.25	38.75
44081	41.25	22.5	33.75
44117	41.25	23.75	30.0
44153	36.25	25.0	31.25
44189	37.5	25.0	30.0
44225	41.25	25.0	28.75
44261	42.5	26.25	26.25
44297	41.25	27.5	27.5
44333	41.25	25.0	28.75
44369	43.75	25.0	35.0
44405	43.75	26.25	32.5
44441	43.75	27.5	31.25
44477	41.25	25.0	33.75
44513	37.5	26.25	33.75
44549	36.25	28.75	30.0
44585	35.0	32.5	27.5
44621	30.0	33.75	26.25
44657	28.75	36.25	26.25
44693	28.75	38.75	23.75
44729	30.0	46.25	20.0
44765	32.5	47.5	18.75
44801	35.0	46.25	21.25
44837	37.5	46.25	17.5
44873	40.0	46.25	16.25
44909	37.5	46.25	13.75
44945	37.5	45.0	15.0
44981	36.25	41.25	17.5
45017	35.0	46.25	16.25
45053	36.25	43.75	15.0
45089	31.25	47.5	12.5
45125	30.0	47.5	13.75
45161	30.0	47.5	17.5
45197	28.75	46.25	15.0
45233	31.25	50.0	15.0
45269	30.0	45.0	17.5
45305	25.0	43.75	25.0
45341	28.75	45.0	28.75
45377	30.0	45.0	28.75
45413	31.25	45.0	28.75
45449	31.25	43.75	33.75
45485	32.5	42.5	32.5
45521	30.0	43.75	31.25
45557	32.5	45.0	27.5
45593	33.75	43.75	27.5
45629	33.75	41.25	32.5
45665	36.25	42.5	33.75
45701	37.5	41.25	31.25
45737	37.5	40.0	31.25
45773	35.0	37.5	31.25
45809	32.5	35.0	30.0
45845	33.75	36.25	28.75
45881	37.5	38.75	22.5
45917	41.25	45.0	17.5
45953	41.25	48.75	16.25
45989	43.75	50.0	11.25
46025	42.5	48.75	10.0
46061	40.0	50.0	15.0
46097	37.5	46.25	15.0
46133	41.25	45.0	13.75
46169	35.0	38.75	15.0
46205	33.75	36.25	18.75
46241	31.25	40.0	20.0
46277	30.0	41.25	21.25
46313	33.75	42.5	17.5
46349	30.0	47.5	17.5
46385	27.5	45.0	20.0
46421	31.25	51.25	20.0
46457	35.0	48.75	20.0
46493	36.25	50.0	20.0
46529	33.75	50.0	17.5
46565	31.25	48.75	18.75
46601	32.5	48.75	20.0
46637	32.5	48.75	22.5
46673	23.75	48.75	25.0
46709	23.75	47.5	22.5
46745	21.25	45.0	25.0
46781	27.5	45.0	21.25
46817	31.25	43.75	21.25
46853	28.75	45.0	25.0
46889	30.0	45.0	22.5
46925	32.5	47.5	21.25
46961	33.75	48.75	20.0
46997	36.25	48.75	18.75
47033	33.75	46.25	18.75
47069	30.0	47.5	20.0
47105	31.25	46.25	20.0
47141	32.5	45.0	16.25
47177	31.25	46.25	18.75
47213	32.5	46.25	18.75
47249	37.5	48.75	18.75
47285	37.5	48.75	17.5
47321	37.5	50.0	16.25
47357	35.0	45.0	18.75
47393	35.0	45.0	20.0
47429	37.5	43.75	17.5
47465	35.0	42.5	20.0
47501	32.5	48.75	17.5
47537	33.75	43.75	18.75
47573	32.5	43.75	18.75
47609	30.0	41.25	18.75
47645	32.5	43.75	18.75
47681	33.75	43.75	17.5
47717	33.75	42.5	22.5
47753	36.25	38.75	25.0
47789	37.5	41.25	23.75
47825	37.5	42.5	20.0
47861	42.5	45.0	20.0
47897	41.25	41.25	21.25
47933	36.25	42.5	18.75
47969	36.25	46.25	16.25
48005	40.0	50.0	15.0
48041	38.75	46.25	20.0
48077	38.75	46.25	18.75
48113	38.75	48.75	17.5
48149	36.25	47.5	18.75
48185	38.75	45.0	21.25
48221	37.5	41.25	22.5
48257	32.5	37.5	25.0
48293	36.25	38.75	22.5
48329	33.75	37.5	23.75
48365	33.75	32.5	30.0
48401	31.25	36.25	27.5
48437	31.25	40.0	25.0
48473	32.5	38.75	27.5
48509	30.0	42.5	26.25
48545	35.0	40.0	23.75
48581	33.75	40.0	21.25
48617	38.75	42.5	18.75
48653	38.75	45.0	21.25
48689	41.25	45.0	22.5
48725	41.25	50.0	20.0
48761	41.25	50.0	20.0
48797	36.25	50.0	25.0
48833	32.5	48.75	23.75
48869	32.5	48.75	20.0
48905	33.75	46.25	17.5
48941	33.75	43.75	21.25
48977	36.25	41.25	18.75
49013	35.0	42.5	16.25
49049	36.25	45.0	16.25
49085	35.0	47.5	15.0
49121	32.5	48.75	16.25
49157	35.0	50.0	12.5
49193	37.5	52.5	10.0
49229	35.0	47.5	13.75
49265	33.75	48.75	18.75
49301	35.0	42.5	21.25
49337	36.25	42.5	22.5
49373	31.25	43.75	25.0
49409	27.5	42.5	25.0
49445	26.25	42.5	25.0
49481	25.0	42.5	26.25
49517	26.25	43.75	23.75
49553	26.25	42.5	26.25
49589	25.0	43.75	31.25
49625	26.25	40.0	35.0
49661	27.5	42.5	35.0
49697	28.75	40.0	35.0
49733	28.75	42.5	35.0
49769	30.0	42.5	31.25
49805	28.75	43.75	30.0
49841	28.75	42.5	25.0
49877	31.25	43.75	22.5
49913	28.75	40.0	26.25
49949	27.5	38.75	25.0
49985	25.0	41.25	28.75
50021	28.75	40.0	30.0
50057	31.25	40.0	28.75
50093	33.75	40.0	25.0
50129	32.5	42.5	25.0
50165	36.25	45.0	23.75
50201	36.25	45.0	25.0
50237	33.75	46.25	22.5
50273	35.0	47.5	22.5
50309	33.75	50.0	22.5
50345	33.75	48.75	22.5
50381	32.5	47.5	23.75
50417	33.75	42.5	27.5
50453	32.5	43.75	25.0
50489	33.75	40.0	27.5
50525	35.0	36.25	25.0
50561	32.5	40.0	25.0
50597	36.25	35.0	25.0
50633	38.75	30.0	21.25
50669	41.25	36.25	18.75
50705	38.75	32.5	22.5
50741	36.25	36.25	22.5
50777	38.75	36.25	20.0
50813	42.5	37.5	21.25
50849	37.5	43.75	23.75
50885	32.5	50.0	25.0
50921	33.75	55.0	21.25
50957	35.0	57.5	22.5
50993	36.25	57.5	23.75
51029	31.25	60.0	25.0
51065	28.75	55.0	30.0
51101	28.75	53.75	27.5
51137	31.25	46.25	26.25
51173	31.25	46.25	30.0
51209	30.0	46.25	27.5
51245	26.25	43.75	25.0
51281	33.75	51.25	18.75
51317	37.5	51.25	15.0
51353	35.0	52.5	20.0
51389	35.0	48.75	23.75
51425	35.0	47.5	25.0
51461	37.5	47.5	25.0
51497	38.75	45.0	26.25
51533	40.0	45.0	25.0
51569	40.0	45.0	26.25
51605	41.25	45.0	21.25
51641	42.5	48.75	18.75
51677	37.5	43.75	20.0
51713	36.25	37.5	20.0
51749	33.75	32.5	23.75
51785	31.25	26.25	27.5
51821	31.25	23.75	26.25
51857	28.75	22.5	30.0
51893	26.25	23.75	31.25
51929	31.25	25.0	33.75
51965	31.25	31.25	37.5
52001	33.75	32.5	36.25
52037	28.75	35.0	38.75
52073	33.75	30.0	38.75
52109	35.0	30.0	38.75
52145	36.25	31.25	37.5
52181	43.75	27.5	32.5
52217	46.25	22.5	35.0
52253	45.0	25.0	35.0
52289	52.5	22.5	31.25
52325	50.0	22.5	32.5
52361	52.5	20.0	33.75
52397	48.75	21.25	35.0
52433	47.5	22.5	33.75
52469	47.5	23.75	28.75
52505	50.0	20.0	28.75
52541	45.0	21.25	27.5
52577	47.5	18.75	27.5
52613	43.75	18.75	23.75
52649	42.5	18.75	22.5
52685	42.5	18.75	25.0
52721	41.25	21.25	26.25
52757	38.75	20.0	27.5
52793	36.25	28.75	27.5
52829	37.5	35.0	27.5
52865	40.0	41.25	27.5
52901	42.5	43.75	25.0
52937	41.25	48.75	21.25
52973	45.0	47.5	26.25
53009	43.75	48.75	25.0
53045	42.5	40.0	26.25
53081	40.0	41.25	25.0
53117	37.5	40.0	27.5
53153	37.5	33.75	27.5
53189	31.25	38.75	30.0
53225	31.25	42.5	25.0
53261	30.0	37.5	32.5
53297	30.0	40.0	36.25
53333	28.75	37.5	35.0
53369	28.75	40.0	36.25
53405	25.0	37.5	37.5
53441	26.25	33.75	36.25
53477	23.75	31.25	37.5
53513	28.75	31.25	33.75
53549	32.5	35.0	36.25
53585	35.0	32.5	33.75
53621	37.5	36.25	32.5
53657	38.75	38.75	31.25
53693	38.75	43.75	30.0
53729	38.75	43.75	26.25
53765	40.0	47.5	22.5
53801	38.75	46.25	21.25
53837	41.25	42.5	25.0
53873	38.75	45.0	27.5
53909	40.0	45.0	30.0
53945	43.75	41.25	31.25
53981	38.75	47.5	26.25
54017	35.0	45.0	27.5
54053	36.25	43.75	23.75
54089	40.0	40.0	20.0
54125	37.5	35.0	17.5
54161	40.0	28.75	20.0
54197	38.75	26.25	23.75
54233	43.75	15.0	26.25
54269	43.75	13.75	26.25
54305	38.75	18.75	32.5
54341	35.0	20.0	37.5
54377	30.0	25.0	40.0
54413	25.0	26.25	43.75
54449	23.75	31.25	45.0
54485	17.5	37.5	43.75
54521	16.25	38.75	52.5
54557	15.0	36.25	46.25
54593	20.0	36.25	46.25
54629	22.5	36.25	48.75
54665	26.25	31.25	45.0
54701	35.0	26.25	42.5
54737	36.25	21.25	42.5
54773	40.0	20.0	40.0
54809	41.25	20.0	42.5
54845	36.25	16.25	45.0
54881	37.5	18.75	45.0
54917	31.25	21.25	51.25
54953	22.5	25.0	55.0
54989	20.0	28.75	55.0
55025	20.0	31.25	52.5
55061	18.75	28.75	55.0
55097	15.0	32.5	51.25
55133	18.75	30.0	47.5
55169	22.5	31.25	42.5
55205	26.25	26.25	41.25
55241	31.25	25.0	33.75
55277	35.0	25.0	28.75
55313	41.25	23.75	22.5
55349	45.0	21.25	17.5
55385	45.0	21.25	17.5
55421	41.25	26.25	15.0
55457	43.75	30.0	13.75
55493	43.75	31.25	16.25
55529	46.25	31.25	20.0
55565	45.0	32.5	28.75
55601	41.25	35.0	30.0
55637	40.0	37.5	32.5
55673	40.0	38.75	32.5
55709	37.5	36.25	28.75
55745	37.5	38.75	32.5
55781	30.0	41.25	30.0
55817	30.0	46.25	25.0
55853	31.25	42.5	27.5
55889	31.25	42.5	23.75
55925	30.0	43.75	25.0
55961	26.25	43.75	25.0
55997	26.25	45.0	18.75
56033	23.75	45.0	23.75
56069	25.0	37.5	26.25
56105	25.0	37.5	27.5
56141	23.75	35.0	32.5
56177	23.75	31.25	35.0
56213	25.0	23.75	38.75
56249	27.5	22.5	40.0
56285	22.5	21.25	40.0
56321	21.25	20.0	37.5
56357	26.25	20.0	32.5
56393	35.0	17.5	31.25
56429	40.0	18.75	32.5
56465	42.5	22.5	33.75
56501	48.75	20.0	27.5
56537	50.0	22.5	28.75
56573	45.0	26.25	33.75
56609	38.75	26.25	40.0
56645	33.75	30.0	38.75
56681	23.75	27.5	41.25
56717	22.5	26.25	42.5
56753	18.75	31.25	48.75
56789	18.75	35.0	47.5
56825	20.0	36.25	42.5
56861	21.25	36.25	43.75
56897	23.75	37.5	38.75
56933	27.5	40.0	37.5
56969	23.75	41.25	36.25
57005	26.25	36.25	36.25
57041	28.75	36.25	37.5
57077	25.0	32.5	45.0
57113	22.5	40.0	42.5
57149	18.75	41.25	47.5
57185	18.75	40.0	48.75
57221	21.25	38.75	52.5
57257	18.75	42.5	53.75
57293	21.25	36.25	51.25
57329	21.25	38.75	50.0
57365	26.25	35.0	47.5
57401	22.5	37.5	47.5
57437	17.5	41.25	48.75
57473	18.75	40.0	45.0
57509	17.5	42.5	42.5
57545	16.25	46.25	43.75
57581	17.5	43.75	42.5
57617	13.75	45.0	45.0
57653	12.5	41.25	41.25
57689	12.5	38.75	46.25
57725	11.25	41.25	47.5
57761	11.25	36.25	43.75
57797	11.25	36.25	42.5
57833	11.25	37.5	45.0
57869	13.75	38.75	40.0
57905	16.25	40.0	37.5
57941	15.0	41.25	37.5
57977	13.75	37.5	42.5
58013	15.0	35.0	42.5
58049	13.75	35.0	43.75
58085	13.75	35.0	40.0
58121	16.25	32.5	43.75
58157	16.25	31.25	42.5
58193	17.5	32.5	42.5
58229	21.25	33.75	40.0
58265	23.75	33.75	46.25
58301	25.0	33.75	46.25
58337	25.0	35.0	47.5
58373	21.25	36.25	48.75
58409	20.0	35.0	47.5
58445	18.75	31.25	47.5
58481	16.25	30.0	45.0
58517	17.5	28.75	41.25
58553	16.25	23.75	42.5
58589	13.75	23.75	45.0
58625	21.25	18.75	42.5
58661	22.5	18.75	40.0
58697	25.0	18.75	41.25
58733	22.5	18.75	45.0
58769	20.0	18.75	46.25
58805	23.75	22.5	43.75
58841	27.5	21.25	42.5
58877	25.0	22.5	46.25
58913	26.25	26.25	43.75
58949	25.0	31.25	40.0
58985	31.25	28.75	37.5
59021	33.75	25.0	37.5
59057	36.25	25.0	41.25
59093	36.25	21.25	42.5
59129	36.25	23.75	37.5
59165	40.0	18.75	37.5
59201	40.0	18.75	41.25
59237	33.75	22.5	37.5
59273	30.0	22.5	40.0
59309	28.75	25.0	41.25
59345	27.5	28.75	37.5
59381	26.25	27.5	38.75
59417	25.0	33.75	41.25
59453	23.75	35.0	38.75
59489	26.25	35.0	37.5
59525	30.0	35.0	35.0
59561	25.0	38.75	32.5
59597	28.75	38.75	35.0
59633	30.0	36.25	33.75
59669	26.25	30.0	33.75
59705	27.5	27.5	35.0
59741	21.25	32.5	37.5
59777	21.25	28.75	38.75
59813	26.25	28.75	37.5
59849	26.25	30.0	35.0
59885	25.0	32.5	33.75
59921	25.0	40.0	37.5
59957	26.25	38.75	40.0
59993	26.25	43.75	37.5
60029	22.5	45.0	41.25
60065	22.5	42.5	42.5
60101	20.0	43.75	46.25
60137	20.0	41.25	50.0
60173	20.0	46.25	48.75
60209	18.75	43.75	48.75
60245	21.25	37.5	43.75
60281	27.5	37.5	37.5
60317	28.75	38.75	32.5
60353	32.5	38.75	27.5
60389	35.0	37.5	20.0
60425	36.25	38.75	16.25
60461	37.5	36.25	13.75
60497	38.75	38.75	16.25
60533	32.5	35.0	17.5
60569	31.25	36.25	17.5
60605	32.5	37.5	16.25
60641	31.25	33.75	20.0
60677	32.5	35.0	20.0
60713	31.25	35.0	22.5
60749	30.0	36.25	20.0
60785	32.5	37.5	25.0
60821	30.0	33.75	26.25
60857	31.25	37.5	28.75
60893	32.5	40.0	25.0
60929	33.75	38.75	30.0
60965	35.0	38.75	26.25
61001	35.0	35.0	27.5
61037	35.0	35.0	25.0
61073	36.25	28.75	28.75
61109	36.25	27.5	23.75
61145	38.75	30.0	26.25
61181	37.5	26.25	26.25
61217	41.25	25.0	30.0
61253	43.75	32.5	28.75
61289	42.5	37.5	23.75
61325	41.25	38.75	22.5
61361	42.5	37.5	20.0
61397	38.75	35.0	20.0
61433	42.5	36.25	22.5
61469	38.75	36.25	20.0
61505	31.25	32.5	26.25
61541	36.25	31.25	27.5
61577	31.25	36.25	28.75
61613	30.0	43.75	27.5
61649	26.25	46.25	25.0
61685	27.5	51.25	22.5
61721	30.0	52.5	25.0
61757	32.5	55.0	23.75
61793	31.25	55.0	27.5
61829	31.25	56.25	28.75
61865	36.25	47.5	27.5
61901	40.0	47.5	32.5
61937	40.0	47.5	31.25
61973	41.25	45.0	35.0
62009	37.5	45.0	33.75
62045	40.0	41.25	35.0
62081	37.5	41.25	36.25
62117	36.25	42.5	35.0
62153	36.25	37.5	35.0
62189	37.5	37.5	35.0
62225	43.75	36.25	30.0
62261	45.0	38.75	26.25
62297	45.0	38.75	25.0
62333	48.75	41.25	26.25
62369	45.0	42.5	25.0
62405	47.5	41.25	23.75
62441	38.75	43.75	25.0
62477	30.0	47.5	26.25
62513	30.0	48.75	27.5
62549	36.25	50.0	25.0
62585	37.5	47.5	27.5
62621	35.0	48.75	27.5
62657	31.25	52.5	28.75
62693	35.0	52.5	28.75
62729	32.5	52.5	30.0
62765	30.0	48.75	28.75
62801	27.5	46.25	30.0
62837	28.75	46.25	28.75
62873	31.25	48.75	28.75
62909	36.25	46.25	28.75
62945	40.0	46.25	28.75
62981	40.0	42.5	28.75
63017	37.5	43.75	28.75
63053	35.0	42.5	27.5
63089	33.75	45.0	25.0
63125	31.25	43.75	26.25
63161	27.5	42.5	27.5
63197	25.0	43.75	27.5
63233	30.0	45.0	27.5
63269	33.75	47.5	27.5
63305	38.75	46.25	26.25
63341	43.75	45.0	25.0
63377	43.75	46.25	26.25
63413	47.5	47.5	25.0
63449	51.25	47.5	26.25
63485	53.75	45.0	26.25
63521	50.0	45.0	30.0
63557	42.5	48.75	31.25
63593	41.25	43.75	32.5
63629	38.75	37.5	30.0
63665	38.75	38.75	27.5
63701	38.75	45.0	25.0
63737	35.0	43.75	27.5
63773	40.0	42.5	23.75
63809	41.25	33.75	25.0
63845	40.0	32.5	27.5
63881	38.75	35.0	26.25
63917	40.0	30.0	25.0
63953	38.75	26.25	28.75
63989	37.5	20.0	30.0
64025	36.25	26.25	27.5
64061	41.25	26.25	23.75
64097	37.5	28.75	26.25
64133	42.5	25.0	27.5
64169	45.0	25.0	25.0
64205	45.0	23.75	22.5
64241	45.0	25.0	23.75
64277	40.0	26.25	26.25
64313	40.0	27.5	25.0
64349	37.5	27.5	23.75
64385	36.25	28.75	22.5
64421	31.25	25.0	28.75
64457	35.0	23.75	31.25
64493	36.25	20.0	31.25
64529	38.75	15.0	35.0
64565	40.0	13.75	38.75
64601	40.0	12.5	40.0
64637	43.75	8.75	43.75
64673	46.25	8.75	40.0
64709	42.5	12.5	42.5
64745	41.25	16.25	46.25
64781	42.5	17.5	43.75
64817	37.5	27.5	38.75
64853	32.5	37.5	36.25
64889	26.25	46.25	30.0
64925	25.0	47.5	30.0
64961	25.0	51.25	27.5
64997	20.0	53.75	22.5
65033	23.75	56.25	21.25
65069	26.25	48.75	23.75
65105	28.75	41.25	28.75
65141	33.75	36.25	30.0
65177	32.5	37.5	31.25
65213	33.75	30.0	32.5
65249	30.0	25.0	37.5
65285	31.25	21.25	40.0
65321	32.5	16.25	38.75
65357	30.0	21.25	37.5
65393	30.0	23.75	36.25
65429	31.25	25.0	37.5
65465	31.25	25.0	37.5
65501	32.5	28.75	35.0
65537	33.75	31.25	36.25
65573	38.75	33.75	36.25
65609	35.0	30.0	35.0
65645	42.5	26.25	31.25
65681	41.25	27.5	27.5
65717	45.0	25.0	26.25
65753	48.75	26.25	25.0
65789	48.75	25.0	22.5
65825	45.0	31.25	21.25
65861	48.75	27.5	25.0
65897	48.75	26.25	22.5
65933	50.0	25.0	23.75
65969	46.25	26.25	23.75
66005	43.75	26.25	26.25
66041	47.5	20.0	32.5
66077	45.0	17.5	28.75
66113	38.75	23.75	28.75
66149	37.5	23.75	30.0
66185	38.75	26.25	25.0
66221	38.75	25.0	22.5
66257	36.25	32.5	17.5
66293	33.75	35.0	17.5
66329	38.75	32.5	17.5
66365	37.5	32.5	18.75
66401	35.0	35.0	18.75
66437	33.75	32.5	25.0
66473	33.75	37.5	26.25
66509	33.75	36.25	26.25
66545	33.75	41.25	27.5
66581	31.25	48.75	28.75
66617	28.75	45.0	30.0
66653	30.0	46.25	26.25
66689	31.25	45.0	27.5
66725	32.5	43.75	26.25
66761	32.5	42.5	22.5
66797	35.0	37.5	26.25
66833	36.25	30.0	23.75
66869	36.25	30.0	28.75
66905	33.75	25.0	35.0
66941	33.75	20.0	38.75
66977	31.25	17.5	37.5
67013	31.25	15.0	40.0
67049	32.5	12.5	40.0
67085	36.25	12.5	37.5
67121	41.25	12.5	36.25
67157	45.0	13.75	33.75
67193	46.25	13.75	35.0
67229	48.75	11.25	40.0
67265	47.5	11.25	43.75
67301	46.25	11.25	40.0
67337	40.0	12.5	40.0
67373	41.25	12.5	37.5
67409	45.0	13.75	37.5
67445	43.75	16.25	32.5
67481	43.75	16.25	32.5
67517	42.5	18.75	31.25
67553	42.5	18.75	35.0
67589	42.5	22.5	36.25
67625	32.5	27.5	41.25
67661	28.75	25.0	42.5
67697	31.25	27.5	41.25
67733	25.0	28.75	41.25
67769	27.5	30.0	41.25
67805	22.5	33.75	45.0
67841	22.5	31.25	50.0
67877	27.5	31.25	47.5
67913	30.0	35.0	43.75
67949	30.0	36.25	47.5
67985	27.5	37.5	46.25
68021	30.0	36.25	38.75
68057	33.75	35.0	35.0
68093	32.5	36.25	32.5
68129	30.0	30.0	32.5
68165	26.25	31.25	31.25
68201	26.25	31.25	30.0
68237	27.5	36.25	30.0
68273	22.5	36.25	35.0
68309	20.0	40.0	40.0
68345	20.0	38.75	43.75
68381	18.75	38.75	48.75
68417	20.0	35.0	52.5
68453	17.5	35.0	56.25
68489	17.5	31.25	62.5
68525	16.25	31.25	60.0
68561	16.25	27.5	57.5
68597	16.25	26.25	50.0
68633	17.5	26.25	47.5
68669	15.0	30.0	37.5
68705	16.25	40.0	35.0
68741	17.5	41.25	28.75
68777	21.25	45.0	22.5
68813	25.0	52.5	20.0
68849	27.5	57.5	16.25
68885	28.75	62.5	15.0
68921	30.0	61.25	16.25
68957	30.0	60.0	15.0
68993	32.5	62.5	13.75
69029	33.75	61.25	17.5
69065	33.75	57.5	18.75
69101	37.5	57.5	18.75
69137	38.75	53.75	16.25
69173	46.25	51.25	16.25
69209	47.5	46.25	16.25
69245	42.5	47.5	17.5
69281	40.0	50.0	20.0
69317	37.5	48.75	17.5
69353	40.0	51.25	16.25
69389	36.25	50.0	20.0
69425	35.0	51.25	18.75
69461	37.5	46.25	20.0
69497	41.25	43.75	20.0
69533	45.0	41.25	16.25
69569	41.25	47.5	17.5
69605	40.0	52.5	18.75
69641	36.25	52.5	20.0
69677	32.5	53.75	22.5
69713	35.0	50.0	17.5
69749	31.25	50.0	20.0
69785	30.0	50.0	21.25
69821	33.75	41.25	21.25
69857	32.5	37.5	25.0
69893	30.0	30.0	27.5
69929	28.75	30.0	31.25
69965	21.25	30.0	37.5
70001	21.25	32.5	38.75
70037	22.5	32.5	40.0
70073	20.0	28.75	36.25
70109	18.75	32.5	40.0
70145	21.25	33.75	37.5
70181	21.25	31.25	35.0
70217	23.75	32.5	35.0
70253	25.0	31.25	28.75
70289	23.75	27.5	30.0
70325	25.0	31.25	30.0
70361	23.75	32.5	30.0
70397	22.5	36.25	36.25
70433	20.0	32.5	41.25
70469	20.0	35.0	45.0
70505	12.5	42.5	48.75
70541	12.5	45.0	48.75
70577	12.5	45.0	46.25
70613	13.75	42.5	41.25
70649	12.5	45.0	37.5
70685	11.25	43.75	40.0
70721	17.5	41.25	37.5
70757	18.75	36.25	33.75
70793	21.25	30.0	36.25
70829	25.0	28.75	36.25
70865	25.0	27.5	41.25
70901	30.0	21.25	38.75
70937	35.0	22.5	35.0
70973	31.25	23.75	32.5
71009	37.5	25.0	35.0
71045	35.0	26.25	33.75
71081	40.0	25.0	33.75
71117	43.75	27.5	31.25
71153	45.0	26.25	30.0
71189	51.25	23.75	27.5
71225	55.0	20.0	30.0
71261	60.0	15.0	33.75
71297	61.25	17.5	32.5
71333	61.25	17.5	33.75
71369	58.75	15.0	37.5
71405	57.5	15.0	41.25
71441	53.75	17.5	46.25
71477	52.5	18.75	46.25
71513	51.25	18.75	46.25
71549	47.5	22.5	43.75
71585	45.0	22.5	46.25
71621	48.75	26.25	45.0
71657	47.5	25.0	46.25
71693	46.25	26.25	45.0
71729	43.75	27.5	48.75
71765	42.5	30.0	47.5
71801	43.75	26.25	46.25
71837	38.75	27.5	37.5
71873	31.25	27.5	40.0
71909	30.0	25.0	40.0
71945	25.0	25.0	37.5
71981	21.25	30.0	35.0
72017	21.25	25.0	42.5
72053	20.0	26.25	42.5
72089	20.0	30.0	45.0
72125	16.25	37.5	46.25
72161	16.25	40.0	41.25
72197	20.0	42.5	45.0
72233	23.75	40.0	41.25
72269	27.5	43.75	36.25
72305	31.25	42.5	38.75
72341	31.25	41.25	36.25
72377	28.75	36.25	36.25
72413	27.5	36.25	33.75
72449	27.5	33.75	35.0
72485	23.75	32.5	37.5
72521	21.25	33.75	35.0
72557	27.5	35.0	32.5
72593	31.25	36.25	35.0
72629	33.75	38.75	37.5
72665	37.5	38.75	38.75
72701	37.5	37.5	37.5
72737	33.75	41.25	37.5
72773	31.25	37.5	37.5
72809	30.0	37.5	36.25
72845	27.5	36.25	32.5
72881	26.25	38.75	31.25
72917	21.25	46.25	38.75
72953	20.0	41.25	38.75
72989	20.0	42.5	41.25
73025	17.5	43.75	43.75
73061	22.5	41.25	42.5
73097	21.25	43.75	47.5
73133	22.5	36.25	45.0
73169	27.5	31.25	46.25
73205	32.5	30.0	42.5
73241	33.75	27.5	46.25
73277	31.25	26.25	45.0
73313	31.25	27.5	45.0
73349	35.0	28.75	45.0
73385	30.0	31.25	46.25
73421	25.0	32.5	48.75
73457	25.0	35.0	48.75
73493	26.25	37.5	45.0
73529	32.5	35.0	42.5
73565	26.25	38.75	47.5
73601	28.75	37.5	47.5
73637	30.0	36.25	47.5
73673	35.0	30.0	48.75
73709	30.0	31.25	48.75
73745	26.25	32.5	56.25
73781	23.75	33.75	60.0
73817	27.5	30.0	52.5
73853	26.25	31.25	50.0
73889	25.0	32.5	50.0
73925	22.5	36.25	55.0
73961	25.0	36.25	53.75
73997	23.75	40.0	56.25
74033	23.75	38.75	58.75
74069	22.5	41.25	63.75
74105	18.75	40.0	63.75
74141	22.5	38.75	60.0
74177	22.5	37.5	55.0
74213	21.25	36.25	47.5
74249	20.0	33.75	40.0
74285	25.0	31.25	33.75
74321	21.25	32.5	33.75
74357	21.25	35.0	25.0
74393	20.0	36.25	23.75
74429	21.25	36.25	18.75
74465	23.75	36.25	20.0
74501	21.25	41.25	21.25
74537	20.0	41.25	20.0
74573	23.75	38.75	18.75
74609	28.75	37.5	23.75
74645	33.75	32.5	22.5
74681	38.75	31.25	25.0
74717	42.5	26.25	26.25
74753	45.0	26.25	28.75
74789	45.0	25.0	31.25
74825	46.25	28.75	28.75
74861	43.75	30.0	27.5
74897	45.0	28.75	33.75
74933	42.5	31.25	33.75
74969	41.25	32.5	30.0
75005	43.75	30.0	31.25
75041	43.75	31.25	33.75
75077	43.75	28.75	31.25
75113	42.5	27.5	32.5
75149	41.25	26.25	30.0
75185	45.0	26.25	31.25
75221	43.75	26.25	37.5
75257	42.5	22.5	38.75
75293	38.75	23.75	38.75
75329	40.0	21.25	38.75
75365	41.25	18.75	40.0
75401	38.75	22.5	35.0
75437	38.75	26.25	32.5
75473	37.5	35.0	25.0
75509	40.0	40.0	21.25
75545	37.5	43.75	22.5
75581	31.25	48.75	22.5
75617	28.75	47.5	21.25
75653	31.25	48.75	18.75
75689	33.75	45.0	20.0
75725	30.0	45.0	22.5
75761	30.0	38.75	23.75
75797	30.0	41.25	22.5
75833	33.75	41.25	20.0
75869	31.25	42.5	21.25
75905	27.5	42.5	22.5
75941	27.5	46.25	20.0
75977	31.25	46.25	17.5
76013	35.0	46.25	17.5
76049	35.0	45.0	22.5
76085	31.25	46.25	25.0
76121	31.25	45.0	28.75
76157	35.0	42.5	31.25
76193	33.75	41.25	33.75
76229	31.25	42.5	33.75
76265	25.0	43.75	30.0
76301	30.0	45.0	26.25
76337	33.75	40.0	23.75
76373	33.75	42.5	21.25
76409	36.25	45.0	18.75
76445	36.25	46.25	25.0
76481	40.0	45.0	27.5
76517	41.25	47.5	28.75
76553	40.0	45.0	27.5
76589	35.0	42.5	26.25
76625	30.0	41.25	33.75
76661	27.5	37.5	37.5
76697	26.25	35.0	32.5
76733	20.0	32.5	31.25
76769	20.0	28.75	33.75
76805	20.0	28.75	38.75
76841	18.75	30.0	38.75
76877	20.0	33.75	35.0
76913	17.5	30.0	37.5
76949	18.75	35.0	36.25
76985	21.25	37.5	36.25
77021	18.75	40.0	33.75
77057	21.25	41.25	32.5
77093	21.25	36.25	37.5
77129	23.75	31.25	36.25
77165	26.25	32.5	40.0
77201	27.5	30.0	40.0
77237	25.0	30.0	36.25
77273	25.0	30.0	36.25
77309	22.5	28.75	32.5
77345	23.75	30.0	23.75
77381	22.5	28.75	22.5
77417	22.5	28.75	21.25
77453	25.0	22.5	22.5
77489	28.75	17.5	28.75
77525	33.75	13.75	30.0
77561	32.5	10.0	31.25
77597	38.75	17.5	31.25
77633	40.0	22.5	30.0
77669	40.0	30.0	27.5
77705	36.25	30.0	26.25
77741	32.5	33.75	25.0
77777	30.0	40.0	23.75
77813	28.75	40.0	27.5
77849	28.75	37.5	27.5
77885	26.25	36.25	33.75
77921	25.0	38.75	32.5
77957	26.25	41.25	32.5
77993	26.25	41.25	33.75
78029	25.0	43.75	32.5
78065	30.0	47.5	27.5
78101	28.75	51.25	27.5
78137	28.75	50.0	20.0
78173	32.5	41.25	20.0
78209	36.25	41.25	16.25
78245	38.75	41.25	16.25
78281	43.75	36.25	18.75
78317	40.0	30.0	22.5
78353	41.25	28.75	23.75
78389	41.25	27.5	27.5
78425	37.5	31.25	23.75
78461	32.5	31.25	27.5
78497	35.0	31.25	28.75
78533	32.5	33.75	26.25
78569	36.25	31.25	23.75
78605	35.0	28.75	25.0
78641	33.75	31.25	23.75
78677	32.5	31.25	27.5
78713	35.0	28.75	30.0
78749	31.25	31.25	28.75
78785	30.0	27.5	35.0
78821	27.5	30.0	33.75
78857	28.75	30.0	33.75
78893	35.0	25.0	35.0
78929	35.0	25.0	35.0
78965	37.5	25.0	32.5
79001	37.5	26.25	31.25
79037	41.25	26.25	31.25
79073	43.75	25.0	30.0
79109	40.0	28.75	28.75
79145	36.25	33.75	27.5
79181	37.5	30.0	28.75
79217	32.5	32.5	25.0
79253	35.0	32.5	28.75
79289	35.0	30.0	28.75
79325	36.25	28.75	28.75
79361	33.75	30.0	28.75
79397	32.5	26.25	31.25
79433	30.0	23.75	35.0
79469	31.25	21.25	33.75
79505	30.0	20.0	33.75
79541	32.5	18.75	31.25
79577	31.25	21.25	32.5
79613	33.75	21.25	37.5
79649	35.0	22.5	37.5
79685	35.0	22.5	38.75
79721	32.5	22.5	42.5
79757	32.5	25.0	47.5
79793	25.0	22.5	48.75
79829	25.0	22.5	42.5
79865	25.0	27.5	40.0
79901	23.75	30.0	40.0
79937	26.25	33.75	36.25
79973	25.0	36.25	35.0
80009	30.0	40.0	32.5
80045	30.0	47.5	31.25
80081	28.75	52.5	30.0
80117	28.75	55.0	26.25
80153	31.25	53.75	25.0
80189	33.75	57.5	18.75
80225	36.25	56.25	18.75
80261	32.5	53.75	23.75
80297	35.0	53.75	23.75
80333	37.5	48.75	27.5
80369	35.0	47.5	27.5
80405	33.75	45.0	30.0
80441	30.0	41.25	33.75
80477	26.25	41.25	32.5
80513	27.5	40.0	30.0
80549	27.5	41.25	30.0
80585	26.25	41.25	31.25
80621	22.5	41.25	30.0
80657	25.0	38.75	27.5
80693	25.0	40.0	25.0
80729	21.25	45.0	27.5
80765	22.5	46.25	23.75
80801	21.25	45.0	25.0
80837	22.5	46.25	27.5
80873	27.5	48.75	26.25
80909	28.75	50.0	30.0
80945	32.5	46.25	28.75
80981	36.25	42.5	28.75
81017	33.75	40.0	33.75
81053	33.75	41.25	32.5
81089	33.75	42.5	31.25
81125	32.5	40.0	32.5
81161	31.25	41.25	30.0
81197	25.0	38.75	36.25
81233	28.75	36.25	31.25
81269	31.25	35.0	28.75
81305	35.0	35.0	25.0
81341	33.75	37.5	22.5
81377	32.5	43.75	21.25
81413	33.75	50.0	22.5
81449	37.5	57.5	21.25
81485	37.5	60.0	22.5
81521	36.25	60.0	23.75
81557	37.5	58.75	23.75
81593	35.0	55.0	23.75
81629	41.25	52.5	21.25
81665	41.25	52.5	21.25
81701	38.75	52.5	17.5
81737	43.75	50.0	20.0
81773	46.25	55.0	18.75
81809	42.5	53.75	25.0
81845	42.5	52.5	27.5
81881	41.25	50.0	28.75
81917	47.5	46.25	27.5
81953	43.75	41.25	33.75
81989	41.25	43.75	31.25
82025	41.25	42.5	28.75
82061	42.5	42.5	28.75
82097	43.75	43.75	26.25
82133	38.75	48.75	26.25
82169	35.0	50.0	30.0
82205	31.25	48.75	28.75
82241	27.5	53.75	30.0
82277	30.0	50.0	30.0
82313	32.5	50.0	30.0
82349	31.25	48.75	28.75
82385	30.0	41.25	30.0
82421	35.0	41.25	23.75
82457	36.25	36.25	26.25
82493	37.5	31.25	26.25
82529	38.75	28.75	25.0
82565	41.25	23.75	25.0
82601	43.75	23.75	27.5
82637	45.0	27.5	27.5
82673	51.25	22.5	30.0
82709	51.25	25.0	28.75
82745	46.25	27.5	31.25
82781	43.75	28.75	30.0
82817	42.5	30.0	33.75
82853	43.75	27.5	33.75
82889	45.0	25.0	33.75
82925	43.75	26.25	30.0
82961	47.5	23.75	30.0
82997	47.5	22.5	33.75
83033	50.0	23.75	37.5
83069	48.75	22.5	36.25
83105	42.5	23.75	43.75
83141	41.25	26.25	41.25
83177	35.0	26.25	41.25
83213	35.0	22.5	42.5
83249	31.25	23.75	35.0
83285	32.5	22.5	30.0
83321	28.75	25.0	23.75
83357	28.75	25.0	23.75
83393	27.5	23.75	25.0
83429	25.0	25.0	26.25
83465	25.0	25.0	25.0
83501	25.0	23.75	28.75
83537	25.0	27.5	32.5
83573	25.0	23.75	36.25
83609	23.75	23.75	38.75
83645	22.5	27.5	40.0
83681	25.0	23.75	38.75
83717	22.5	32.5	41.25
83753	21.25	35.0	43.75
83789	17.5	36.25	46.25
83825	21.25	40.0	45.0
83861	20.0	40.0	42.5
83897	21.25	43.75	43.75
83933	25.0	47.5	38.75
83969	30.0	40.0	37.5
84005	33.75	35.0	33.75
84041	33.75	33.75	31.25
84077	37.5	27.5	33.75
84113	38.75	31.25	33.75
84149	37.5	26.25	36.25
84185	33.75	25.0	37.5
84221	35.0	27.5	38.75
84257	40.0	30.0	37.5
84293	43.75	31.25	36.25
84329	40.0	30.0	35.0
84365	40.0	28.75	35.0
84401	42.5	27.5	32.5
84437	37.5	27.5	28.75
84473	38.75	22.5	31.25
84509	37.5	27.5	32.5
84545	38.75	27.5	33.75
84581	40.0	26.25	36.25
84617	42.5	25.0	36.25
84653	43.75	26.25	38.75
84689	47.5	23.75	45.0
84725	42.5	23.75	41.25
84761	46.25	23.75	45.0
84797	43.75	22.5	36.25
84833	38.75	25.0	36.25
84869	36.25	31.25	32.5
84905	35.0	35.0	31.25
84941	32.5	40.0	32.5
84977	31.25	37.5	26.25
85013	33.75	36.25	22.5
85049	37.5	36.25	25.0
85085	40.0	31.25	28.75
85121	37.5	25.0	30.0
85157	37.5	20.0	32.5
85193	33.75	22.5	33.75
85229	37.5	27.5	36.25
85265	28.75	33.75	35.0
85301	27.5	36.25	33.75
85337	32.5	38.75	33.75
85373	37.5	41.25	30.0
85409	35.0	40.0	28.75
85445	33.75	38.75	28.75
85481	30.0	40.0	27.5
85517	31.25	36.25	33.75
85553	31.25	37.5	32.5
85589	26.25	42.5	31.25
85625	28.75	47.5	27.5
85661	27.5	46.25	30.0
85697	31.25	46.25	30.0
85733	32.5	46.25	25.0
85769	33.75	47.5	26.25
85805	35.0	46.25	23.75
85841	37.5	45.0	22.5
85877	35.0	41.25	20.0
85913	35.0	38.75	22.5
85949	33.75	40.0	20.0
85985	36.25	40.0	18.75
86021	36.25	36.25	18.75
86057	35.0	33.75	23.75
86093	37.5	31.25	30.0
86129	38.75	28.75	32.5
86165	42.5	28.75	32.5
86201	41.25	23.75	32.5
86237	33.75	25.0	31.25
86273	37.5	23.75	32.5
86309	33.75	25.0	27.5
86345	31.25	27.5	28.75
86381	32.5	27.5	30.0
86417	27.5	28.75	33.75
86453	27.5	27.5	36.25
86489	25.0	30.0	38.75
86525	27.5	28.75	35.0
86561	30.0	25.0	37.5
86597	27.5	26.25	35.0
86633	26.25	30.0	37.5
86669	28.75	26.25	36.25
86705	27.5	28.75	32.5
86741	27.5	31.25	30.0
86777	32.5	28.75	27.5
86813	36.25	26.25	27.5
86849	37.5	27.5	28.75
86885	43.75	20.0	23.75
86921	46.25	23.75	25.0
86957	46.25	21.25	28.75
86993	47.5	20.0	31.25
87029	43.75	21.25	32.5
87065	38.75	20.0	27.5
87101	41.25	20.0	27.5
87137	38.75	20.0	27.5
87173	36.25	22.5	30.0
87209	38.75	23.75	28.75
87245	40.0	25.0	30.0
87281	40.0	26.25	27.5
87317	35.0	30.0	32.5
87353	33.75	36.25	30.0
87389	35.0	40.0	23.75
87425	36.25	41.25	21.25
87461	37.5	38.75	21.25
87497	30.0	37.5	25.0
87533	31.25	38.75	31.25
87569	30.0	35.0	36.25
87605	30.0	30.0	36.25
87641	27.5	23.75	43.75
87677	23.75	26.25	47.5
87713	22.5	28.75	52.5
87749	27.5	27.5	51.25
87785	26.25	27.5	48.75
87821	27.5	30.0	50.0
87857	27.5	28.75	45.0
87893	27.5	32.5	43.75
87929	36.25	28.75	37.5
87965	33.75	26.25	37.5
88001	31.25	28.75	40.0
88037	32.5	31.25	35.0
88073	36.25	31.25	36.25
88109	41.25	31.25	38.75
88145	37.5	31.25	37.5
88181	35.0	36.25	32.5
88217	41.25	35.0	30.0
88253	47.5	33.75	30.0
88289	48.75	28.75	31.25
88325	50.0	27.5	31.25
88361	50.0	27.5	32.5
88397	53.75	28.75	35.0
88433	51.25	23.75	38.75
88469	46.25	28.75	36.25
88505	43.75	27.5	37.5
88541	40.0	30.0	35.0
88577	40.0	30.0	35.0
88613	37.5	25.0	31.25
88649	33.75	21.25	27.5
88685	30.0	22.5	27.5
88721	23.75	21.25	30.0
88757	21.25	22.5	31.25
88793	21.25	22.5	30.0
88829	18.75	26.25	33.75
88865	22.5	28.75	38.75
88901	20.0	32.5	40.0
88937	20.0	30.0	42.5
88973	21.25	31.25	41.25
89009	22.5	31.25	41.25
89045	26.25	31.25	40.0
89081	25.0	30.0	46.25
89117	25.0	30.0	45.0
89153	26.25	32.5	45.0
89189	25.0	31.25	43.75
89225	30.0	30.0	38.75
89261	31.25	27.5	36.25
89297	32.5	25.0	37.5
89333	37.5	27.5	31.25
89369	41.25	23.75	30.0
89405	42.5	21.25	31.25
89441	48.75	18.75	33.75
89477	46.25	21.25	37.5
89513	45.0	21.25	40.0
89549	46.25	22.5	40.0
89585	42.5	21.25	35.0
89621	40.0	23.75	32.5
89657	36.25	20.0	31.25
89693	32.5	21.25	32.5
89729	30.0	22.5	28.75
89765	26.25	23.75	23.75
89801	21.25	26.25	25.0
89837	21.25	25.0	26.25
89873	18.75	28.75	26.25
89909	23.75	32.5	25.0
89945	22.5	31.25	23.75
89981	25.0	28.75	23.75
90017	28.75	26.25	26.25
90053	28.75	27.5	28.75
90089	33.75	27.5	27.5
90125	33.75	26.25	33.75
90161	31.25	25.0	36.25
90197	30.0	26.25	33.75
90233	23.75	26.25	40.0
90269	23.75	30.0	31.25
90305	27.5	31.25	35.0
90341	26.25	31.25	37.5
90377	27.5	31.25	32.5
90413	30.0	35.0	32.5
90449	38.75	36.25	32.5
90485	41.25	33.75	31.25
90521	40.0	33.75	32.5
90557	37.5	33.75	31.25
90593	38.75	32.5	25.0
90629	41.25	31.25	28.75
90665	43.75	27.5	27.5
90701	36.25	27.5	26.25
90737	42.5	26.25	28.75
90773	41.25	25.0	30.0
90809	37.5	25.0	31.25
90845	37.5	20.0	30.0
90881	36.25	25.0	27.5
90917	32.5	26.25	30.0
90953	31.25	27.5	30.0
90989	28.75	27.5	26.25
91025	28.75	26.25	27.5
91061	26.25	26.25	27.5
91097	27.5	30.0	31.25
91133	31.25	27.5	30.0
91169	30.0	28.75	28.75
91205	31.25	26.25	33.75
91241	33.75	26.25	36.25
91277	38.75	23.75	31.25
91313	36.25	21.25	35.0
91349	35.0	22.5	40.0
91385	32.5	23.75	45.0
91421	32.5	26.25	46.25
91457	32.5	28.75	42.5
91493	30.0	33.75	42.5
91529	25.0	36.25	46.25
91565	26.25	41.25	42.5
91601	25.0	38.75	37.5
91637	30.0	35.0	32.5
91673	30.0	36.25	36.25
91709	28.75	32.5	35.0
91745	32.5	38.75	33.75
91781	28.75	35.0	31.25
91817	28.75	30.0	35.0
91853	30.0	37.5	37.5
91889	28.75	36.25	35.0
91925	26.25	32.5	35.0
91961	22.5	30.0	31.25
91997	22.5	27.5	28.75
92033	26.25	27.5	27.5
92069	23.75	25.0	27.5
92105	23.75	25.0	25.0
92141	18.75	26.25	26.25
92177	26.25	27.5	23.75
92213	25.0	31.25	26.25
92249	25.0	25.0	25.0
92285	22.5	25.0	28.75
92321	26.25	26.25	32.5
92357	28.75	25.0	32.5
92393	31.25	23.75	31.25
92429	30.0	27.5	33.75
92465	31.25	28.75	38.75
92501	40.0	36.25	35.0
92537	42.5	40.0	35.0
92573	45.0	45.0	28.75
92609	43.75	48.75	28.75
92645	43.75	51.25	25.0
92681	43.75	43.75	25.0
92717	42.5	42.5	21.25
92753	38.75	37.5	25.0
92789	37.5	38.75	26.25
92825	36.25	30.0	27.5
92861	45.0	23.75	27.5
92897	42.5	23.75	30.0
92933	42.5	22.5	28.75
92969	40.0	20.0	28.75
93005	38.75	21.25	28.75
93041	38.75	20.0	30.0
93077	36.25	21.25	31.25
93113	31.25	25.0	33.75
93149	31.25	27.5	31.25
93185	31.25	30.0	27.5
93221	32.5	30.0	30.0
93257	35.0	33.75	27.5
93293	36.25	35.0	32.5
93329	32.5	36.25	26.25
93365	27.5	32.5	26.25
93401	22.5	28.75	26.25
93437	25.0	32.5	31.25
93473	22.5	36.25	30.0
93509	21.25	28.75	27.5
93545	21.25	26.25	28.75
93581	23.75	27.5	26.25
93617	28.75	33.75	31.25
93653	30.0	36.25	27.5
93689	32.5	30.0	25.0
93725	28.75	27.5	28.75
93761	27.5	31.25	27.5
93797	26.25	31.25	30.0
93833	25.0	27.5	31.25
93869	23.75	25.0	33.75
93905	23.75	25.0	36.25
93941	26.25	25.0	37.5
93977	26.25	28.75	30.0
94013	26.25	28.75	28.75
94049	25.0	32.5	27.5
94085	22.5	38.75	26.25
94121	22.5	42.5	21.25
94157	21.25	46.25	20.0
94193	21.25	47.5	17.5
94229	23.75	48.75	18.75
94265	22.5	48.75	22.5
94301	22.5	46.25	21.25
94337	23.75	41.25	26.25
94373	23.75	38.75	30.0
94409	21.25	42.5	30.0
94445	23.75	40.0	28.75
94481	23.75	35.0	31.25
94517	31.25	28.75	27.5
94553	33.75	35.0	27.5
94589	31.25	37.5	26.25
94625	32.5	35.0	23.75
94661	33.75	32.5	26.25
94697	35.0	33.75	25.0
94733	35.0	37.5	25.0
94769	31.25	37.5	25.0
94805	31.25	31.25	22.5
94841	36.25	32.5	22.5
94877	33.75	35.0	23.75
94913	33.75	33.75	26.25
94949	30.0	32.5	27.5
94985	33.75	33.75	25.0
95021	36.25	41.25	30.0
95057	31.25	47.5	32.5
95093	26.25	45.0	32.5
95129	27.5	43.75	30.0
95165	25.0	43.75	23.75
95201	23.75	42.5	30.0
95237	21.25	38.75	30.0
95273	20.0	30.0	28.75
95309	21.25	30.0	30.0
95345	22.5	36.25	28.75
95381	20.0	40.0	32.5
95417	20.0	38.75	38.75
95453	18.75	42.5	40.0
95489	23.75	40.0	38.75
95525	21.25	41.25	41.25
95561	23.75	37.5	38.75
95597	25.0	28.75	42.5
95633	31.25	28.75	32.5
95669	35.0	28.75	30.0
95705	32.5	32.5	27.5
95741	36.25	33.75	31.25
95777	40.0	31.25	33.75
95813	41.25	36.25	36.25
95849	38.75	35.0	40.0
95885	37.5	32.5	45.0
95921	38.75	26.25	46.25
95957	35.0	23.75	48.75
95993	28.75	25.0	48.75
96029	23.75	23.75	45.0
96065	22.5	21.25	46.25
96101	27.5	21.25	41.25
96137	28.75	22.5	36.25
96173	28.75	31.25	31.25
96209	32.5	32.5	27.5
96245	35.0	41.25	22.5
96281	35.0	41.25	23.75
96317	35.0	45.0	23.75
96353	31.25	47.5	27.5
96389	28.75	47.5	31.25
96425	28.75	43.75	38.75
96461	30.0	43.75	37.5
96497	32.5	37.5	35.0
96533	33.75	38.75	35.0
96569	36.25	37.5	36.25
96605	33.75	40.0	32.5
96641	33.75	38.75	27.5
96677	30.0	41.25	23.75
96713	31.25	38.75	23.75
96749	26.25	41.25	28.75
96785	23.75	45.0	30.0
96821	25.0	40.0	31.25
96857	27.5	38.75	31.25
96893	22.5	40.0	33.75
96929	25.0	35.0	37.5
96965	23.75	30.0	38.75
97001	23.75	26.25	42.5
97037	28.75	21.25	41.25
97073	25.0	23.75	41.25
97109	26.25	20.0	41.25
97145	27.5	15.0	40.0
97181	25.0	17.5	40.0
97217	27.5	25.0	33.75
97253	31.25	30.0	32.5
97289	30.0	30.0	32.5
97325	30.0	32.5	28.75
97361	31.25	36.25	32.5
97397	31.25	38.75	32.5
97433	27.5	40.0	35.0
97469	26.25	31.25	40.0
97505	23.75	28.75	40.0
97541	25.0	30.0	42.5
97577	21.25	36.25	43.75
97613	21.25	31.25	45.0
97649	20.0	27.5	48.75
97685	21.25	28.75	47.5
97721	23.75	28.75	45.0
97757	22.5	30.0	40.0
97793	28.75	28.75	33.75
97829	36.25	27.5	30.0
97865	37.5	32.5	25.0
97901	43.75	36.25	20.0
97937	48.75	32.5	18.75
97973	50.0	30.0	17.5
98009	52.5	25.0	20.0
98045	51.25	21.25	22.5
98081	51.25	22.5	23.75
98117	51.25	23.75	21.25
98153	46.25	21.25	21.25
98189	46.25	25.0	23.75
98225	40.0	31.25	22.5
98261	35.0	33.75	25.0
98297	28.75	36.25	26.25
98333	22.5	35.0	30.0
98369	20.0	41.25	32.5
98405	20.0	42.5	35.0
98441	20.0	42.5	35.0
98477	21.25	38.75	36.25
98513	20.0	40.0	33.75
98549	25.0	40.0	36.25
98585	23.75	42.5	35.0
98621	30.0	40.0	32.5
98657	31.25	41.25	31.25
98693	33.75	43.75	28.75
98729	33.75	38.75	32.5
98765	32.5	38.75	35.0
98801	35.0	36.25	30.0
98837	37.5	33.75	27.5
98873	35.0	30.0	30.0
98909	33.75	27.5	27.5
98945	33.75	27.5	26.25
98981	37.5	26.25	23.75
99017	37.5	26.25	23.75
99053	40.0	31.25	23.75
99089	36.25	28.75	30.0
99125	33.75	27.5	31.25
99161	32.5	31.25	31.25
99197	31.25	28.75	33.75
99233	28.75	25.0	35.0
99269	27.5	23.75	40.0