# BASE VAL1 VAL2
# color 0:255:0 0:0:255 100:100:100
17	40.0	28.125	25.625
53	40.0	28.75	23.75
89	41.25	31.25	23.75
125	42.5	35.625	22.5
161	42.5	35.625	23.75
197	40.0	38.125	23.75
233	41.875	42.5	21.25
269	41.875	42.5	21.25
305	40.625	41.875	23.125
341	40.0	44.375	21.25
377	39.375	43.125	22.5
413	39.375	43.125	25.625
449	39.375	41.875	25.0
485	40.625	40.0	26.25
521	41.25	41.875	25.625
557	41.25	43.75	24.375
593	41.25	42.5	25.0
629	42.5	42.5	21.875
665	43.125	43.75	21.875
701	42.5	45.0	23.125
737	42.5	41.25	24.375
773	41.875	41.875	24.375
809	41.25	41.875	25.625
845	40.625	41.875	25.0
881	43.125	41.875	23.125
917	42.5	38.75	22.5
953	43.125	41.25	18.75
989	43.125	40.625	19.375
1025	41.875	41.25	21.25
1061	42.5	38.75	21.875
1097	41.875	37.5	21.875
1133	42.5	37.5	21.875
1169	41.875	33.75	22.5
1205	42.5	33.75	22.5
1241	41.875	35.0	21.25
1277	45.625	36.25	21.25
1313	45.625	35.625	20.0
1349	45.0	36.875	21.25
1385	46.875	37.5	21.875
1421	48.125	35.625	21.25
1457	45.625	34.375	22.5
1493	45.0	33.75	21.25
1529	43.125	31.875	23.125
1565	45.0	33.75	22.5
1601	43.75	32.5	21.25
1637	43.125	33.125	22.5
1673	44.375	33.75	21.875
1709	43.75	33.125	21.25
1745	42.5	32.5	23.125
1781	40.0	32.5	24.375
1817	40.0	31.875	26.25
1853	40.625	30.0	25.625
1889	40.0	30.625	26.25
1925	37.5	31.875	27.5
1961	38.75	31.25	28.125
1997	37.5	31.875	27.5
2033	36.875	30.625	28.125
2069	35.625	30.625	30.0
2105	36.25	30.0	33.125
2141	31.875	31.25	35.0
2177	33.125	30.0	34.375
2213	32.5	28.75	35.0
2249	33.75	26.25	35.625
2285	35.0	28.125	33.125
2321	33.75	26.875	34.375
2357	35.0	27.5	33.75
2393	38.75	29.375	31.25
2429	38.75	26.875	30.625
2465	40.625	28.125	31.25
2501	42.5	25.625	31.875
2537	44.375	24.375	32.5
2573	45.0	23.75	30.625
2609	46.25	21.25	28.125
2645	50.0	21.875	28.125
2681	52.5	23.75	25.625
2717	52.5	25.0	23.75
2753	52.5	24.375	23.125
2789	53.125	25.625	23.75
2825	53.125	24.375	23.75
2861	52.5	25.0	24.375
2897	53.75	25.625	23.125
2933	53.125	25.625	23.125
2969	51.875	27.5	23.125
3005	53.125	30.0	20.625
3041	52.5	30.625	19.375
3077	51.25	32.5	20.0
3113	49.375	31.875	20.0
3149	48.125	31.875	19.375
3185	47.5	32.5	22.5
3221	46.25	31.875	21.875
3257	45.625	31.875	21.25
3293	43.75	34.375	20.625
3329	42.5	35.625	20.625
3365	41.875	34.375	21.25
3401	41.25	34.375	20.625
3437	40.625	35.0	21.25
3473	40.625	33.125	23.75
3509	40.625	31.875	25.0
3545	42.5	33.125	24.375
3581	43.125	35.625	23.125
3617	42.5	35.625	23.75
3653	43.75	33.125	25.625
3689	45.0	33.125	23.75
3725	46.25	35.0	23.125
3761	46.875	34.375	22.5
3797	49.375	32.5	23.125
3833	50.625	33.125	20.625
3869	50.0	34.375	22.5
3905	50.0	33.75	22.5
3941	50.0	33.125	21.875
3977	50.0	34.375	20.625
4013	50.0	35.625	20.0
4049	46.25	35.625	21.875
4085	46.25	34.375	22.5
4121	47.5	36.25	21.875
4157	49.375	35.0	21.25
4193	50.625	32.5	23.75
4229	49.375	31.25	25.625
4265	49.375	31.875	24.375
4301	50.625	31.875	25.625
4337	51.875	30.625	23.125
4373	53.125	28.75	25.0
4409	50.0	26.875	26.25
4445	46.875	26.875	26.25
4481	43.75	27.5	29.375
4517	46.25	25.0	29.375
4553	45.625	25.0	31.875
4589	42.5	28.125	32.5
4625	37.5	30.0	33.75
4661	33.75	31.875	37.5
4697	32.5	34.375	37.5
4733	30.0	36.875	40.0
4769	27.5	38.75	40.625
4805	26.25	38.75	40.625
4841	23.75	41.25	38.75
4877	21.25	42.5	41.25
4913	20.625	45.625	43.75
4949	21.25	46.25	42.5
4985	20.625	48.75	41.875
5021	20.625	48.125	40.0
5057	19.375	46.875	39.375
5093	19.375	47.5	40.0
5129	21.25	47.5	36.25
5165	21.25	46.25	35.625
5201	21.875	45.0	34.375
5237	21.25	45.0	33.75
5273	21.25	46.25	35.625
5309	21.25	46.25	35.625
5345	22.5	45.0	34.375
5381	24.375	44.375	34.375
5417	25.0	42.5	35.0
5453	24.375	43.125	32.5
5489	23.125	43.125	33.125
5525	22.5	43.125	34.375
5561	24.375	42.5	32.5
5597	23.75	39.375	32.5
5633	22.5	37.5	33.125
5669	21.875	38.75	33.125
5705	20.625	36.875	33.75
5741	21.25	36.25	31.25
5777	19.375	38.125	35.0
5813	19.375	38.125	35.0
5849	17.5	38.125	32.5
5885	16.25	38.125	32.5
5921	14.375	36.875	33.75
5957	13.75	40.0	36.25
5993	15.0	39.375	36.25
6029	15.0	41.875	35.625
6065	14.375	42.5	36.25
6101	13.125	45.0	38.125
6137	13.125	45.0	38.125
6173	13.125	45.0	40.0
6209	13.125	45.625	42.5
6245	14.375	42.5	40.0
6281	15.625	41.875	41.875
6317	16.25	40.0	41.875
6353	16.25	43.75	41.25
6389	16.875	43.75	41.25
6425	17.5	41.25	41.25
6461	17.5	38.75	41.25
6497	18.125	38.125	39.375
6533	16.25	40.0	41.875
6569	16.25	39.375	41.875
6605	17.5	38.75	40.0
6641	17.5	37.5	40.0
6677	16.875	37.5	38.75
6713	15.0	38.125	39.375
6749	13.75	38.75	38.75
6785	12.5	40.0	40.625
6821	12.5	38.75	41.25
6857	11.875	40.0	43.75
6893	14.375	36.875	43.125
6929	13.75	38.125	44.375
6965	14.375	37.5	44.375
7001	13.75	35.625	43.125
7037	15.0	35.0	43.125
7073	16.875	34.375	42.5
7109	18.125	35.0	41.875
7145	20.0	33.125	39.375
7181	20.625	33.125	42.5
7217	21.25	33.75	40.625
7253	24.375	33.75	39.375
7289	24.375	34.375	41.875
7325	24.375	35.625	41.875
7361	22.5	37.5	43.125
7397	23.125	36.875	43.125
7433	21.25	37.5	41.875
7469	22.5	35.625	43.125
7505	21.875	36.25	41.25
7541	23.125	35.625	40.0
7577	24.375	36.25	40.0
7613	24.375	37.5	40.625
7649	26.25	39.375	40.625
7685	26.25	38.125	38.75
7721	25.625	38.75	38.125
7757	26.875	35.625	35.625
7793	30.0	36.25	32.5
7829	33.75	36.25	29.375
7865	34.375	35.625	28.125
7901	36.875	36.25	25.625
7937	40.0	37.5	25.0
7973	38.75	39.375	23.75
8009	39.375	37.5	22.5
8045	36.25	36.875	25.625
8081	36.875	36.875	24.375
8117	37.5	36.875	24.375
8153	38.75	35.0	21.875
8189	38.75	35.0	21.25
8225	40.0	36.25	20.625
8261	39.375	36.875	20.625
8297	36.25	34.375	20.625
8333	36.25	33.75	18.75
8369	35.625	34.375	16.875
8405	36.25	34.375	16.25
8441	36.875	31.875	16.25
8477	38.125	34.375	14.375
8513	38.125	34.375	12.5
8549	38.75	34.375	10.625
8585	38.125	35.0	10.0
8621	39.375	33.75	10.625
8657	40.0	34.375	10.625
8693	39.375	33.75	9.375
8729	40.625	35.625	7.5
8765	41.25	35.0	7.5
8801	41.25	38.125	7.5
8837	43.125	38.125	7.5
8873	41.25	38.75	8.125
8909	41.25	38.75	8.75
8945	43.125	40.0	9.375
8981	44.375	40.625	9.375
9017	43.125	40.0	10.625
9053	42.5	40.625	10.0
9089	41.875	39.375	10.0
9125	41.25	40.0	10.0
9161	40.0	40.625	8.75
9197	40.625	41.25	9.375
9233	38.125	40.625	11.25
9269	38.125	38.125	11.25
9305	38.125	38.75	11.875
9341	37.5	37.5	11.875
9377	38.125	38.125	12.5
9413	38.75	35.0	12.5
9449	36.25	37.5	11.25
9485	37.5	37.5	10.0
9521	38.125	39.375	8.75
9557	36.875	40.625	7.5
9593	36.25	39.375	8.125
9629	35.625	37.5	8.125
9665	35.625	39.375	7.5
9701	33.75	39.375	6.25
9737	34.375	41.25	5.625
9773	34.375	43.75	6.25
9809	34.375	42.5	6.25
9845	33.75	42.5	5.0
9881	34.375	41.875	5.0
9917	36.25	41.25	5.625
9953	37.5	41.875	5.0
9989	36.875	40.625	5.625
10025	36.25	41.25	6.875
10061	38.125	41.875	6.875
10097	39.375	44.375	7.5
10133	40.625	46.25	8.75
10169	41.25	44.375	8.75
10205	40.625	43.125	9.375
10241	37.5	40.0	9.375
10277	38.125	40.0	9.375
10313	39.375	41.25	9.375
10349	38.75	43.125	9.375
10385	35.625	43.125	8.125
10421	34.375	45.0	9.375
10457	35.0	43.75	9.375
10493	35.0	40.625	8.75
10529	35.0	39.375	8.125
10565	33.125	39.375	7.5
10601	33.125	39.375	8.125
10637	31.25	39.375	8.125
10673	33.125	38.75	6.875
10709	35.0	40.625	6.25
10745	34.375	43.75	6.25
10781	34.375	43.75	6.25
10817	32.5	41.875	6.875
10853	33.125	43.125	7.5
10889	35.625	41.875	6.875
10925	36.875	41.875	6.25
10961	35.0	42.5	6.25
10997	35.0	43.75	5.625
11033	36.25	44.375	5.625
11069	36.25	43.125	6.875
11105	38.125	44.375	7.5
11141	38.75	43.75	8.75
11177	37.5	43.75	8.75
11213	35.625	43.125	8.75
11249	36.25	42.5	10.0
11285	38.125	43.125	8.75
11321	38.75	43.125	7.5
11357	39.375	45.0	7.5
11393	40.0	41.875	7.5
11429	40.0	41.875	9.375
11465	41.25	40.0	9.375
11501	41.875	40.0	9.375
11537	43.125	41.875	10.0
11573	42.5	41.875	8.125
11609	41.875	43.75	7.5
11645	42.5	44.375	7.5
11681	44.375	41.875	10.625
11717	43.75	43.75	11.25
11753	44.375	43.125	13.125
11789	43.125	40.0	14.375
11825	40.0	36.875	15.625
11861	40.0	40.625	15.625
11897	42.5	45.625	14.375
11933	42.5	48.75	14.375
11969	40.625	47.5	14.375
12005	38.75	48.125	15.625
12041	40.0	50.625	15.0
12077	39.375	48.75	13.75
12113	39.375	48.125	14.375
12149	38.125	48.125	13.75
12185	36.875	46.875	10.625
12221	36.875	47.5	10.625
12257	38.125	48.75	8.75
12293	37.5	50.0	9.375
12329	36.25	49.375	10.625
12365	32.5	46.875	10.0
12401	32.5	43.125	10.625
12437	31.875	42.5	10.0
12473	30.625	40.625	10.0
12509	30.0	38.75	8.125
12545	29.375	35.0	8.125
12581	28.125	36.25	7.5
12617	30.0	36.25	6.875
12653	28.125	36.875	8.75
12689	27.5	36.25	8.75
12725	26.875	35.0	8.75
12761	30.0	33.75	8.75
12797	31.875	33.125	7.5
12833	33.75	35.625	8.125
12869	33.125	35.0	9.375
12905	35.0	35.0	9.375
12941	35.625	33.125	10.0
12977	35.625	32.5	10.625
13013	35.625	35.0	11.875
13049	35.625	34.375	11.875
13085	36.25	35.0	12.5
13121	36.875	33.125	11.875
13157	35.625	33.125	11.25
13193	37.5	31.25	11.875
13229	35.0	32.5	11.875
13265	33.75	32.5	11.25
13301	32.5	30.625	11.25
13337	31.875	31.25	9.375
13373	31.875	31.25	10.0
13409	30.0	33.75	12.5
13445	30.625	35.625	11.875
13481	29.375	35.625	14.375
13517	28.75	33.75	15.625
13553	27.5	31.25	18.125
13589	28.75	31.875	18.125
13625	29.375	35.0	20.625
13661	28.75	33.125	20.625
13697	29.375	33.75	21.875
13733	30.625	30.625	24.375
13769	30.625	29.375	27.5
13805	31.875	26.875	30.0
13841	31.25	25.625	30.0
13877	32.5	25.0	30.0
13913	31.875	22.5	30.0
13949	31.25	22.5	32.5
13985	31.875	21.25	31.875
14021	33.125	22.5	31.25
14057	33.125	23.125	31.875
14093	34.375	22.5	31.25
14129	35.0	21.25	29.375
14165	35.625	20.0	28.75
14201	36.25	23.125	29.375
14237	35.625	24.375	25.625
14273	37.5	26.25	24.375
14309	35.625	24.375	26.25
14345	38.125	24.375	26.875
14381	38.125	23.75	28.75
14417	40.0	24.375	28.125
14453	41.25	25.0	27.5
14489	43.125	24.375	26.875
14525	45.0	22.5	25.0
14561	41.875	24.375	25.625
14597	39.375	28.125	26.875
14633	39.375	31.875	29.375
14669	38.125	31.25	30.0
14705	36.875	30.0	33.125
14741	33.75	31.25	36.25
14777	33.125	33.75	36.25
14813	29.375	35.0	37.5
14849	27.5	36.25	38.125
14885	25.0	36.875	36.875
14921	24.375	36.875	36.25
14957	22.5	38.125	35.625
14993	21.25	39.375	37.5
15029	23.75	38.75	38.75
15065	25.625	37.5	37.5
15101	25.625	36.25	36.25
15137	27.5	36.875	35.625
15173	31.25	35.625	34.375
15209	35.625	35.0	31.25
15245	38.125	33.75	29.375
15281	38.75	33.75	28.125
15317	43.125	31.875	25.0
15353	44.375	30.625	25.625
15389	44.375	30.625	25.0
15425	45.625	30.0	24.375
15461	43.125	30.0	24.375
15497	42.5	29.375	23.125
15533	41.875	29.375	23.75
15569	41.875	33.125	23.125
15605	40.625	35.0	23.125
15641	36.875	36.25	24.375
15677	32.5	39.375	25.625
15713	30.0	41.25	25.625
15749	30.0	40.625	30.625
15785	30.625	41.25	31.875
15821	28.75	45.625	30.625
15857	27.5	46.875	31.875
15893	25.625	51.25	33.125
15929	24.375	54.375	33.75
15965	23.75	56.25	35.0
16001	22.5	56.875	35.625
16037	21.25	56.25	36.25
16073	21.25	53.75	34.375
16109	22.5	53.75	36.25
16145	22.5	52.5	37.5
16181	22.5	51.875	36.25
16217	20.625	53.75	34.375
16253	18.75	56.875	33.125
16289	19.375	56.25	31.25
16325	20.625	55.625	31.25
16361	22.5	51.875	31.25
16397	23.125	52.5	32.5
16433	24.375	49.375	32.5
16469	25.0	50.625	31.875
16505	26.25	47.5	31.875
16541	27.5	47.5	33.125
16577	28.75	45.625	34.375
16613	28.75	46.875	33.125
16649	30.0	45.625	31.875
16685	31.875	42.5	32.5
16721	33.75	39.375	30.625
16757	32.5	38.75	32.5
16793	34.375	38.125	32.5
16829	36.25	38.75	32.5
16865	36.25	36.875	31.25
16901	39.375	34.375	30.625
16937	38.75	35.625	30.0
16973	40.0	37.5	28.125
17009	43.125	38.75	25.0
17045	45.625	39.375	23.75
17081	48.75	37.5	21.25
17117	51.25	37.5	20.0
17153	51.875	38.125	22.5
17189	53.75	40.0	21.25
17225	55.0	40.0	19.375
17261	53.75	40.0	20.625
17297	52.5	42.5	19.375
17333	53.75	41.875	19.375
17369	53.75	43.75	18.75
17405	56.25	42.5	18.75
17441	54.375	41.25	22.5
17477	52.5	38.75	25.625
17513	49.375	38.75	25.625
17549	47.5	40.0	26.25
17585	46.875	40.0	26.875
17621	44.375	38.75	28.75
17657	45.0	37.5	28.75
17693	42.5	36.875	29.375
17729	41.25	37.5	28.75
17765	40.0	38.125	30.625
17801	40.0	38.125	31.25
17837	40.0	37.5	31.875
17873	40.0	38.75	32.5
17909	42.5	38.125	29.375
17945	44.375	39.375	27.5
17981	44.375	38.75	27.5
18017	44.375	38.75	28.75
18053	44.375	39.375	28.125
18089	45.0	40.625	28.125
18125	45.625	41.875	26.875
18161	46.25	41.875	28.125
18197	46.875	42.5	28.125
18233	48.125	40.625	27.5
18269	46.875	39.375	25.0
18305	44.375	40.625	25.0
18341	40.625	39.375	25.625
18377	37.5	44.375	25.625
18413	33.75	45.625	28.125
18449	31.25	45.625	30.0
18485	28.75	46.875	29.375
18521	28.125	46.875	30.0
18557	25.625	46.875	30.0
18593	23.125	48.125	29.375
18629	21.875	49.375	27.5
18665	19.375	47.5	27.5
18701	16.875	46.875	27.5
18737	15.625	50.625	27.5
18773	16.25	48.75	25.625
18809	16.875	49.375	27.5
18845	18.125	46.875	26.875
18881	18.75	46.875	26.875
18917	19.375	46.25	26.25
18953	19.375	45.625	27.5
18989	18.75	45.625	28.125
19025	20.625	44.375	25.625
19061	23.75	43.75	25.625
19097	25.0	41.875	28.125
19133	25.0	43.75	30.0
19169	25.625	43.75	31.25
19205	26.875	43.125	33.125
19241	27.5	42.5	34.375
19277	30.0	40.625	33.75
19313	30.0	38.75	34.375
19349	33.125	38.75	32.5
19385	33.75	38.125	30.625
19421	35.625	35.625	30.0
19457	37.5	35.0	29.375
19493	36.875	36.25	30.625
19529	38.75	36.25	31.25
19565	38.75	35.0	29.375
19601	41.25	31.875	28.125
19637	41.875	31.25	26.875
19673	43.75	31.875	25.0
19709	45.0	32.5	25.0
19745	45.625	33.125	23.125
19781	48.125	35.625	21.25
19817	46.875	36.25	19.375
19853	48.125	36.25	19.375
19889	48.125	39.375	17.5
19925	48.75	38.125	15.625
19961	50.0	40.0	14.375
19997	48.125	38.75	14.375
20033	46.25	38.125	16.875
20069	45.0	36.875	20.625
20105	43.75	36.25	22.5
20141	41.25	35.0	23.75
20177	40.625	32.5	25.0
20213	37.5	31.25	27.5
20249	36.25	28.125	31.25
20285	36.25	25.625	35.0
20321	35.625	24.375	36.25
20357	35.625	22.5	40.0
20393	32.5	22.5	41.875
20429	30.625	19.375	43.75
20465	29.375	18.75	44.375
20501	31.25	18.75	44.375
20537	30.0	20.625	43.125
20573	33.125	20.625	41.875
20609	33.75	21.25	41.25
20645	35.0	20.0	41.875
20681	34.375	21.25	38.75
20717	34.375	22.5	36.25
20753	34.375	23.125	35.625
20789	32.5	23.125	36.25
20825	29.375	23.125	36.25
20861	30.0	22.5	35.625
20897	27.5	25.625	34.375
20933	26.25	25.625	34.375
20969	25.625	25.0	37.5
21005	25.625	25.625	36.25
21041	24.375	25.0	36.25
21077	28.125	24.375	36.25
21113	26.875	25.625	35.0
21149	26.25	26.875	35.625
21185	26.25	26.875	36.875
21221	28.125	25.625	36.875
21257	30.0	25.0	34.375
21293	30.0	25.0	33.75
21329	31.25	24.375	35.0
21365	33.75	23.75	35.625
21401	36.25	23.125	38.125
21437	39.375	23.125	37.5
21473	40.0	21.875	38.75
21509	41.25	21.25	38.75
21545	38.75	22.5	38.75
21581	40.0	22.5	41.25
21617	39.375	21.875	42.5
21653	40.0	21.875	43.75
21689	40.625	22.5	46.25
21725	38.125	24.375	46.875
21761	41.875	25.0	48.125
21797	43.75	23.125	48.75
21833	43.75	22.5	49.375
21869	43.125	22.5	48.75
21905	42.5	21.25	51.25
21941	41.875	22.5	50.0
21977	43.125	22.5	50.625
22013	43.125	21.25	51.25
22049	43.125	21.875	50.625
22085	44.375	24.375	48.125
22121	43.75	23.75	47.5
22157	41.875	26.875	46.25
22193	42.5	25.0	48.75
22229	41.875	24.375	50.625
22265	41.875	25.625	51.25
22301	43.125	26.875	50.625
22337	40.0	28.125	48.75
22373	40.0	26.875	45.625
22409	40.625	26.875	42.5
22445	41.875	26.875	41.875
22481	40.625	26.25	40.625
22517	42.5	28.75	35.625
22553	41.875	28.125	34.375
22589	41.25	28.75	31.875
22625	45.0	27.5	29.375
22661	43.75	27.5	26.25
22697	45.0	28.75	23.75
22733	43.75	27.5	21.25
22769	43.75	31.875	20.0
22805	45.0	32.5	20.625
22841	45.0	33.125	21.875
22877	44.375	32.5	22.5
22913	42.5	32.5	24.375
22949	41.875	35.0	22.5
22985	39.375	35.625	26.25
23021	38.75	35.625	26.25
23057	36.875	35.625	26.875
23093	33.125	35.625	29.375
23129	32.5	36.875	28.75
23165	29.375	39.375	26.875
23201	28.125	40.0	26.875
23237	23.75	38.125	30.625
23273	20.625	36.875	30.625
23309	19.375	37.5	31.25
23345	20.0	39.375	30.625
23381	20.625	40.0	29.375
23417	20.0	39.375	30.625
23453	19.375	37.5	28.75
23489	20.625	35.0	30.0
23525	21.875	33.75	31.25
23561	23.75	34.375	30.0
23597	26.25	33.125	30.0
23633	27.5	29.375	32.5
23669	28.75	31.25	33.75
23705	28.75	33.125	33.75
23741	31.875	32.5	33.75
23777	31.875	35.625	31.875
23813	30.625	33.75	32.5
23849	30.625	30.625	33.125
23885	31.875	30.0	33.75
23921	31.875	32.5	32.5
23957	31.25	36.25	33.125
23993	30.0	38.125	32.5
24029	28.75	40.0	34.375
24065	25.0	43.75	33.75
24101	21.875	46.875	34.375
24137	21.875	44.375	33.75
24173	22.5	41.875	30.625
24209	23.125	43.125	28.75
24245	24.375	40.625	28.75
24281	25.625	41.25	27.5
24317	26.25	42.5	28.75
24353	26.875	41.875	26.875
24389	26.25	42.5	26.875
24425	28.75	41.875	25.0
24461	32.5	40.0	23.125
24497	33.125	38.125	21.875
24533	35.625	35.0	22.5
24569	36.875	32.5	20.625
24605	36.25	31.25	21.25
24641	36.875	30.0	22.5
24677	36.875	30.0	22.5
24713	34.375	28.75	23.75
24749	36.875	30.0	25.0
24785	35.625	30.0	23.75
24821	37.5	31.875	25.625
24857	35.0	32.5	25.0
24893	32.5	32.5	26.25
24929	30.625	33.125	29.375
24965	28.125	33.75	31.875
25001	27.5	36.875	31.875
25037	27.5	37.5	32.5
25073	25.625	38.75	32.5
25109	23.75	41.875	33.125
25145	21.875	44.375	31.25
25181	22.5	44.375	31.875
25217	21.25	47.5	30.625
25253	20.0	46.875	32.5
25289	18.75	48.125	33.125
25325	17.5	45.625	33.75
25361	16.25	45.625	33.75
25397	18.125	43.75	33.75
25433	20.0	44.375	31.875
25469	20.625	43.125	33.125
25505	21.25	42.5	31.875
25541	23.125	42.5	30.625
25577	27.5	39.375	28.125
25613	28.125	38.75	26.875
25649	28.75	39.375	26.25
25685	30.0	36.875	27.5
25721	33.125	33.125	26.875
25757	36.875	32.5	25.0
25793	38.75	31.25	26.25
25829	41.25	31.25	24.375
25865	42.5	29.375	23.125
25901	42.5	30.0	21.25
25937	43.75	30.0	18.125
25973	43.125	29.375	17.5
26009	41.875	28.75	19.375
26045	42.5	31.25	19.375
26081	42.5	30.0	20.0
26117	41.875	30.625	20.0
26153	41.875	32.5	18.75
26189	42.5	32.5	18.125
26225	41.875	35.0	18.125
26261	43.125	36.875	15.625
26297	42.5	36.875	16.875
26333	40.0	38.125	16.875
26369	40.625	36.25	19.375
26405	40.625	36.25	20.625
26441	41.875	36.25	21.875
26477	41.875	33.75	23.75
26513	43.125	32.5	22.5
26549	43.125	32.5	21.875
26585	43.125	33.125	23.125
26621	45.0	31.875	23.125
26657	45.0	31.875	20.625
26693	45.0	30.625	21.25
26729	43.75	29.375	21.875
26765	42.5	31.25	20.625
26801	45.0	31.875	19.375
26837	45.0	35.0	18.125
26873	46.25	35.625	16.875
26909	46.25	35.0	17.5
26945	47.5	38.75	15.0
26981	47.5	39.375	15.625
27017	48.125	41.25	15.0
27053	47.5	40.0	17.5
27089	48.75	40.625	18.125
27125	48.125	38.125	19.375
27161	47.5	39.375	18.125
27197	44.375	41.25	18.125
27233	46.25	40.625	18.125
27269	44.375	42.5	20.0
27305	45.625	42.5	19.375
27341	43.75	43.125	19.375
27377	42.5	43.125	20.625
27413	43.125	43.125	20.0
27449	44.375	45.0	19.375
27485	41.25	42.5	20.625
27521	41.875	44.375	19.375
27557	40.0	46.875	17.5
27593	39.375	50.0	16.875
27629	39.375	48.75	17.5
27665	40.625	48.125	16.875
27701	40.0	46.875	16.875
27737	40.625	48.75	13.75
27773	40.0	45.625	13.75
27809	41.25	43.75	11.875
27845	41.25	43.125	11.875
27881	41.25	41.875	11.875
27917	40.0	40.0	13.125
27953	39.375	41.875	11.25
27989	39.375	42.5	11.875
28025	38.125	41.25	12.5
28061	38.75	40.0	12.5
28097	39.375	40.625	11.25
28133	39.375	41.25	12.5
28169	40.0	40.625	12.5
28205	41.875	38.75	13.75
28241	40.0	40.625	13.125
28277	41.25	39.375	15.625
28313	38.75	40.625	16.875
28349	38.75	40.625	16.875
28385	38.125	39.375	16.25
28421	37.5	38.75	15.625
28457	37.5	37.5	16.25
28493	35.0	37.5	20.0
28529	33.75	37.5	18.75
28565	34.375	38.125	18.75
28601	33.125	36.25	21.875
28637	31.25	35.625	23.125
28673	33.125	35.0	22.5
28709	34.375	35.0	22.5
28745	34.375	35.625	21.875
28781	34.375	36.25	21.25
28817	34.375	34.375	23.75
28853	33.75	36.875	23.125
28889	31.875	36.875	25.0
28925	32.5	36.25	25.625
28961	33.75	33.75	24.375
28997	35.625	32.5	23.75
29033	35.0	31.25	24.375
29069	33.75	32.5	23.75
29105	34.375	32.5	24.375
29141	33.125	32.5	25.0
29177	33.125	31.875	25.625
29213	32.5	31.875	26.25
29249	35.0	29.375	25.0
29285	36.875	31.25	23.75
29321	38.75	32.5	21.875
29357	39.375	32.5	22.5
29393	38.75	32.5	23.125
29429	38.75	32.5	23.75
29465	38.125	33.125	23.75
29501	37.5	33.125	25.0
29537	37.5	33.125	24.375
29573	36.25	32.5	25.0
29609	35.625	31.25	25.0
29645	34.375	33.125	24.375
29681	37.5	36.875	23.125
29717	36.25	38.75	23.125
29753	37.5	40.625	21.875
29789	38.75	41.25	21.25
29825	41.25	41.25	20.625
29861	43.125	39.375	19.375
29897	46.25	40.625	18.75
29933	47.5	41.25	17.5
29969	46.25	43.75	17.5
30005	46.25	44.375	15.625
30041	46.25	46.25	15.0
30077	48.125	47.5	14.375
30113	49.375	48.125	13.75
30149	50.0	46.875	14.375
30185	48.75	43.75	15.0
30221	48.75	41.25	15.625
30257	45.0	39.375	18.125
30293	45.0	38.125	16.875
30329	44.375	39.375	16.25
30365	42.5	40.0	19.375
30401	42.5	40.625	18.75
30437	45.0	42.5	16.25
30473	45.0	41.875	15.625
30509	46.875	41.25	14.375
30545	47.5	41.875	14.375
30581	46.25	41.25	15.625
30617	46.25	42.5	15.625
30653	44.375	41.875	15.625
30689	46.875	45.0	15.0
30725	48.75	47.5	13.125
30761	48.75	48.75	12.5
30797	51.875	48.75	13.125
30833	54.375	50.625	10.625
30869	56.25	46.875	10.0
30905	54.375	45.0	11.25
30941	53.75	41.25	15.0
30977	54.375	40.625	15.625
31013	51.875	39.375	15.0
31049	53.75	41.25	15.0
31085	55.0	39.375	16.25
31121	56.25	38.75	15.0
31157	55.625	38.125	14.375
31193	56.25	36.25	15.0
31229	53.75	36.875	16.875
31265	51.25	37.5	16.25
31301	50.625	38.75	15.625
31337	48.125	40.0	16.875
31373	49.375	42.5	16.25
31409	48.75	45.0	14.375
31445	48.75	44.375	14.375
31481	50.0	48.125	13.125
31517	49.375	49.375	13.125
31553	48.125	50.625	13.125
31589	48.125	49.375	15.0
31625	48.75	48.125	15.625
31661	48.75	48.75	14.375
31697	51.25	49.375	13.75
31733	49.375	46.875	15.625
31769	48.75	46.875	15.0
31805	50.0	45.0	15.0
31841	48.125	43.125	14.375
31877	48.125	42.5	15.0
31913	48.125	41.875	15.625
31949	45.0	40.625	19.375
31985	43.75	39.375	22.5
32021	41.25	40.0	25.0
32057	40.0	40.625	26.25
32093	36.25	44.375	27.5
32129	34.375	45.0	28.75
32165	30.625	45.0	32.5
32201	28.75	44.375	34.375
32237	27.5	44.375	36.875
32273	25.625	45.0	38.75
32309	23.75	45.0	39.375
32345	21.25	46.25	40.0
32381	20.0	45.625	43.125
32417	21.25	43.125	43.125
32453	21.25	45.0	42.5
32489	22.5	45.625	39.375
32525	22.5	44.375	38.125
32561	21.25	44.375	38.125
32597	22.5	45.625	38.75
32633	21.25	45.0	40.625
32669	21.25	45.625	40.0
32705	20.0	46.875	39.375
32741	21.875	46.875	40.0
32777	20.0	47.5	40.625
32813	19.375	47.5	41.875
32849	18.75	50.0	43.125
32885	18.75	52.5	41.25
32921	15.625	55.0	43.125
32957	16.875	53.125	45.0
32993	16.875	51.875	47.5
33029	15.0	51.25	48.125
33065	15.0	50.0	50.0
33101	14.375	48.75	47.5
33137	15.0	49.375	46.875
33173	15.625	49.375	44.375
33209	16.25	50.625	42.5
33245	17.5	51.25	41.875
33281	17.5	50.625	43.75
33317	18.125	50.0	41.25
33353	18.75	47.5	41.25
33389	21.25	46.875	40.0
33425	21.875	45.0	40.625
33461	21.875	45.625	36.875
33497	23.75	44.375	36.875
33533	25.625	43.125	34.375
33569	27.5	40.625	37.5
33605	29.375	38.75	40.0
33641	28.125	36.25	44.375
33677	29.375	35.0	45.625
33713	30.0	31.25	46.875
33749	31.25	29.375	45.0
33785	32.5	26.875	45.0
33821	35.625	25.625	47.5
33857	35.0	22.5	48.125
33893	34.375	21.25	48.125
33929	34.375	21.25	48.75
33965	38.125	18.75	50.625
34001	36.875	18.125	53.125
34037	36.25	18.75	53.125
34073	36.875	19.375	51.875
34109	36.875	20.0	50.625
34145	37.5	18.125	51.875
34181	36.875	18.125	49.375
34217	36.25	18.125	50.0
34253	35.625	16.875	50.0
34289	38.125	16.875	48.75
34325	38.125	17.5	48.75
34361	38.125	15.625	49.375
34397	38.125	15.625	51.25
34433	35.625	16.25	51.25
34469	35.625	15.625	51.875
34505	35.0	16.875	51.25
34541	35.625	15.625	51.875
34577	34.375	14.375	53.125
34613	35.0	15.0	53.125
34649	31.875	17.5	53.75
34685	32.5	17.5	53.75
34721	33.75	18.75	54.375
34757	31.875	20.0	53.75
34793	31.875	18.75	56.875
34829	31.875	20.0	53.75
34865	34.375	20.0	55.0
34901	33.75	18.75	53.75
34937	33.125	19.375	53.125
34973	35.0	18.125	54.375
35009	35.0	18.75	51.875
35045	35.625	18.75	52.5
35081	37.5	18.75	51.875
35117	39.375	18.125	51.875
35153	41.875	18.125	51.875
35189	43.125	17.5	50.0
35225	43.125	15.625	50.625
35261	43.75	16.25	48.75
35297	42.5	15.625	50.625
35333	43.75	15.0	51.25
35369	42.5	16.875	53.125
35405	43.75	18.125	51.25
35441	43.75	18.75	49.375
35477	42.5	18.75	48.75
35513	43.125	20.0	48.125
35549	43.75	20.0	46.875
35585	41.25	20.0	46.875
35621	39.375	19.375	48.125
35657	35.625	21.25	48.125
35693	35.625	21.25	45.625
35729	33.125	23.75	47.5
35765	33.125	23.75	48.125
35801	33.75	25.0	45.625
35837	32.5	25.0	45.625
35873	33.75	24.375	44.375
35909	34.375	24.375	43.75
35945	33.125	25.0	44.375
35981	31.875	23.75	43.125
36017	31.25	23.75	46.25
36053	30.625	25.0	45.625
36089	31.25	25.0	45.0
36125	32.5	24.375	45.0
36161	34.375	23.75	48.125
36197	34.375	23.75	48.125
36233	34.375	22.5	46.25
36269	32.5	21.875	47.5
36305	32.5	23.125	48.125
36341	31.875	22.5	47.5
36377	30.625	21.875	46.25
36413	30.625	20.625	45.625
36449	32.5	20.625	45.0
36485	34.375	19.375	45.0
36521	31.875	18.75	43.125
36557	31.875	18.75	41.875
36593	30.0	20.0	40.625
36629	28.125	20.0	38.75
36665	29.375	20.625	39.375
36701	31.25	20.0	39.375
36737	31.25	20.0	40.0
36773	31.875	20.0	38.75
36809	33.125	20.625	40.0
36845	30.0	21.25	40.625
36881	30.0	21.25	42.5
36917	32.5	20.625	43.125
36953	34.375	19.375	45.625
36989	35.0	18.75	47.5
37025	38.125	18.125	51.25
37061	40.625	18.125	49.375
37097	41.25	16.875	51.25
37133	42.5	15.0	53.75
37169	40.625	16.25	51.875
37205	38.75	17.5	52.5
37241	38.75	15.625	53.75
37277	38.125	16.25	52.5
37313	38.75	14.375	55.625
37349	41.25	13.125	55.625
37385	38.125	13.125	54.375
37421	39.375	13.125	53.125
37457	38.75	13.125	51.25
37493	37.5	14.375	51.25
37529	36.25	15.625	48.125
37565	35.625	16.25	45.625
37601	36.875	16.25	48.75
37637	35.625	15.625	50.0
37673	37.5	15.0	51.25
37709	36.875	16.25	49.375
37745	38.75	15.625	49.375
37781	41.25	15.0	47.5
37817	38.75	16.875	48.125
37853	40.625	16.875	48.75
37889	41.25	18.125	49.375
37925	40.0	21.25	48.125
37961	38.125	21.875	48.125
37997	38.125	20.0	48.75
38033	37.5	20.625	50.0
38069	36.875	21.25	49.375
38105	38.125	21.25	48.75
38141	40.0	22.5	45.625
38177	41.875	20.625	46.875
38213	40.625	22.5	48.75
38249	38.125	25.0	45.625
38285	38.125	26.25	44.375
38321	39.375	26.875	45.0
38357	38.75	26.25	42.5
38393	38.125	25.0	43.125
38429	38.125	25.0	43.125
38465	38.75	24.375	42.5
38501	40.0	23.125	43.125
38537	40.0	23.125	40.625
38573	38.75	21.875	41.25
38609	38.125	21.25	41.25
38645	35.625	21.25	42.5
38681	36.875	21.25	40.625
38717	36.875	20.0	40.0
38753	38.125	16.25	40.0
38789	39.375	15.0	40.625
38825	37.5	15.0	42.5
38861	38.75	13.125	44.375
38897	37.5	12.5	46.875
38933	40.0	11.875	46.875
38969	38.75	11.875	47.5
39005	38.125	11.875	47.5
39041	38.125	11.25	49.375
39077	39.375	10.625	48.125
39113	41.875	9.375	50.0
39149	43.125	8.75	48.125
39185	43.75	10.625	50.0
39221	40.0	11.875	52.5
39257	39.375	10.625	53.75
39293	38.125	13.125	50.625
39329	36.875	13.125	50.625
39365	38.125	13.75	49.375
39401	37.5	13.75	50.625
39437	38.125	13.75	51.875
39473	36.875	16.25	50.625
39509	36.875	15.625	49.375
39545	34.375	18.75	48.75
39581	33.75	19.375	46.875
39617	32.5	18.125	46.875
39653	32.5	16.25	46.875
39689	32.5	15.625	46.25
39725	34.375	15.0	47.5
39761	33.125	14.375	48.75
39797	33.75	14.375	48.125
39833	30.625	15.625	50.0
39869	30.0	16.25	47.5
39905	30.0	16.875	44.375
39941	33.125	15.0	45.625
39977	32.5	14.375	47.5
40013	34.375	15.0	46.25
40049	33.75	16.25	47.5
40085	32.5	16.875	47.5
40121	33.125	19.375	48.125
40157	33.125	20.625	46.25
40193	35.0	22.5	44.375
40229	35.0	25.0	43.75
40265	36.875	25.625	43.125
40301	38.75	24.375	41.875
40337	39.375	23.125	40.625
40373	40.625	21.25	42.5
40409	40.0	21.875	41.875
40445	40.0	21.25	41.875
40481	41.875	21.25	41.25
40517	44.375	20.0	40.0
40553	46.875	21.25	40.0
40589	45.0	20.625	39.375
40625	46.25	21.25	39.375
40661	45.0	20.625	40.625
40697	46.25	18.75	41.25
40733	45.0	16.875	43.75
40769	46.25	16.25	43.75
40805	45.0	18.125	45.625
40841	46.25	19.375	42.5
40877	43.125	21.25	40.625
40913	43.75	22.5	39.375
40949	42.5	22.5	40.0
40985	41.875	22.5	40.0
41021	41.875	21.25	40.0
41057	43.75	20.0	39.375
41093	43.75	20.0	39.375
41129	45.0	21.25	37.5
41165	45.625	20.625	35.0
41201	44.375	21.875	33.75
41237	42.5	25.0	30.625
41273	43.125	23.75	28.125
41309	43.125	25.625	29.375
41345	41.875	25.625	30.625
41381	43.125	24.375	30.625
41417	44.375	23.75	31.875
41453	42.5	24.375	32.5
41489	43.125	25.0	31.875
41525	40.625	25.0	33.125
41561	40.625	26.875	31.25
41597	40.625	25.0	32.5
41633	40.625	26.25	33.75
41669	41.875	26.25	35.0
41705	44.375	24.375	38.75
41741	44.375	23.125	40.625
41777	41.875	23.75	40.625
41813	43.75	23.75	38.125
41849	43.125	24.375	36.25
41885	44.375	23.125	36.25
41921	41.875	23.75	36.875
41957	41.25	23.75	38.75
41993	40.625	24.375	40.0
42029	40.0	23.75	42.5
42065	40.625	24.375	40.0
42101	38.75	25.0	40.0
42137	38.125	23.75	40.0
42173	38.75	25.0	37.5
42209	38.125	26.25	35.625
42245	38.75	26.875	35.625
42281	40.0	26.25	36.875
42317	39.375	26.875	36.25
42353	39.375	26.875	36.875
42389	39.375	26.25	38.75
42425	40.0	25.625	36.875
42461	43.125	25.625	35.0
42497	44.375	26.875	34.375
42533	43.125	26.25	35.0
42569	43.125	23.75	32.5
42605	45.0	23.125	31.875
42641	45.0	23.125	33.75
42677	45.0	21.875	34.375
42713	46.25	21.25	35.625
42749	46.25	21.875	34.375
42785	46.875	20.0	34.375
42821	45.0	20.625	35.625
42857	45.625	21.25	33.125
42893	45.625	20.625	33.125
42929	45.625	21.25	34.375
42965	45.0	20.625	36.25
43001	44.375	21.25	35.625
43037	46.25	21.25	34.375
43073	48.125	20.0	36.25
43109	49.375	19.375	38.125
43145	48.125	20.0	35.625
43181	47.5	21.25	35.0
43217	46.25	20.625	36.875
43253	46.875	21.875	38.75
43289	47.5	22.5	39.375
43325	50.0	21.875	41.25
43361	49.375	21.875	40.0
43397	48.125	21.875	38.75
43433	46.25	25.0	38.125
43469	50.0	25.0	38.75
43505	49.375	22.5	41.25
43541	49.375	23.75	40.0
43577	50.0	24.375	38.125
43613	51.25	24.375	40.625
43649	51.25	21.875	39.375
43685	53.125	20.625	38.75
43721	51.25	20.0	40.0
43757	50.625	18.75	39.375
43793	48.125	20.0	36.875
43829	47.5	21.25	36.25
43865	48.125	21.25	35.0
43901	46.875	20.625	33.75
43937	45.0	19.375	35.0
43973	44.375	20.0	33.75
44009	44.375	21.875	32.5
44045	44.375	21.875	32.5
44081	41.25	24.375	31.25
44117	40.625	24.375	31.875
44153	40.0	25.0	33.125
44189	40.625	26.25	30.625
44225	40.625	26.25	30.625
44261	40.0	25.625	30.0
44297	39.375	28.75	28.75
44333	37.5	28.75	28.75
44369	36.875	30.0	30.625
44405	37.5	31.25	28.75
44441	36.875	31.875	28.75
44477	35.625	35.0	26.25
44513	34.375	37.5	25.625
44549	35.0	36.875	25.625
44585	35.0	39.375	24.375
44621	35.0	40.0	21.25
44657	33.125	40.625	20.0
44693	32.5	43.125	19.375
44729	33.75	45.0	17.5
44765	34.375	45.0	18.75
44801	35.0	45.625	18.125
44837	36.875	46.25	15.625
44873	35.625	46.25	15.625
44909	35.0	46.25	15.0
44945	33.75	45.625	15.625
44981	32.5	45.0	16.25
45017	31.875	46.25	16.875
45053	30.0	43.125	20.0
45089	29.375	45.625	20.0
45125	30.0	45.625	21.875
45161	30.625	46.875	22.5
45197	30.625	46.25	23.125
45233	30.625	44.375	25.0
45269	29.375	44.375	25.0
45305	28.125	44.375	26.875
45341	31.875	44.375	28.125
45377	33.125	43.75	28.75
45413	33.75	43.75	31.25
45449	34.375	41.875	31.875
45485	33.75	41.875	31.25
45521	32.5	40.625	31.875
45557	33.125	39.375	30.0
45593	33.75	39.375	27.5
45629	35.0	40.625	28.125
45665	37.5	42.5	26.25
45701	39.375	43.125	23.75
45737	40.625	44.375	22.5
45773	40.0	43.125	21.25
45809	37.5	42.5	21.875
45845	36.25	41.25	21.875
45881	39.375	42.5	18.125
45917	39.375	42.5	16.25
45953	38.125	42.5	16.875
45989	37.5	44.375	15.625
46025	36.25	46.25	15.625
46061	36.25	46.25	16.875
46097	34.375	45.0	16.25
46133	34.375	45.0	16.25
46169	31.25	44.375	17.5
46205	34.375	43.125	18.75
46241	33.75	44.375	20.0
46277	33.125	46.25	18.75
46313	31.875	47.5	18.75
46349	31.25	47.5	19.375
46385	30.625	48.125	20.0
46421	29.375	50.0	21.875
46457	29.375	50.0	20.0
46493	28.75	47.5	21.25
46529	29.375	47.5	20.625
46565	31.25	48.75	20.0
46601	30.625	46.875	22.5
46637	31.25	48.125	22.5
46673	28.125	47.5	23.125
46709	28.75	47.5	20.0
46745	28.75	46.875	21.875
46781	31.25	46.25	20.0
46817	30.0	45.0	21.875
46853	30.0	45.0	21.875
46889	31.875	45.625	20.0
46925	33.125	45.625	20.0
46961	32.5	47.5	20.625
46997	35.625	48.125	18.75
47033	35.0	48.125	18.75
47069	33.125	48.75	18.125
47105	34.375	46.25	18.125
47141	33.75	45.0	18.125
47177	34.375	45.0	19.375
47213	34.375	45.0	18.75
47249	35.0	46.875	19.375
47285	34.375	47.5	17.5
47321	35.0	46.25	17.5
47357	32.5	43.75	18.75
47393	32.5	43.75	19.375
47429	35.625	44.375	18.125
47465	34.375	43.75	20.625
47501	34.375	43.125	20.625
47537	34.375	41.875	21.875
47573	34.375	43.125	20.0
47609	34.375	43.125	20.0
47645	36.25	42.5	19.375
47681	35.0	42.5	19.375
47717	36.25	43.75	19.375
47753	36.875	43.125	20.625
47789	38.125	45.625	20.0
47825	38.75	43.125	20.625
47861	40.625	46.25	18.75
47897	38.75	45.625	20.0
47933	38.125	44.375	19.375
47969	37.5	43.125	19.375
48005	36.25	43.75	20.0
48041	36.875	41.875	21.25
48077	36.875	41.875	21.25
48113	36.875	41.875	22.5
48149	34.375	41.25	23.75
48185	35.0	40.625	23.125
48221	33.75	40.0	24.375
48257	31.25	39.375	26.25
48293	33.75	39.375	23.75
48329	33.75	38.125	23.125
48365	35.0	37.5	24.375
48401	35.625	40.625	23.75
48437	35.625	41.875	23.75
48473	36.875	45.0	23.75
48509	35.625	45.625	23.75
48545	36.25	45.625	24.375
48581	35.0	44.375	23.125
48617	36.25	46.25	20.625
48653	36.25	45.625	20.0
48689	37.5	45.0	20.625
48725	38.125	44.375	20.0
48761	38.75	45.625	19.375
48797	36.875	46.875	20.0
48833	35.0	47.5	20.0
48869	33.125	48.125	18.125
48905	35.0	47.5	15.625
48941	36.25	47.5	15.625
48977	35.625	45.625	15.625
49013	35.625	45.625	16.25
49049	35.625	44.375	18.125
49085	35.625	44.375	18.75
49121	33.125	44.375	19.375
49157	31.875	47.5	18.75
49193	31.875	46.875	17.5
49229	30.625	45.625	19.375
49265	30.0	45.625	21.25
49301	30.0	43.125	23.75
49337	30.0	42.5	26.875
49373	30.0	41.875	29.375
49409	26.875	41.875	30.625
49445	26.25	41.25	30.625
49481	26.875	42.5	31.25
49517	28.125	43.125	27.5
49553	26.875	44.375	27.5
49589	26.25	43.75	28.75
49625	28.125	41.25	30.0
49661	28.75	40.625	29.375
49697	27.5	40.625	30.625
49733	27.5	40.0	31.25
49769	28.125	41.875	30.625
49805	29.375	41.875	29.375
49841	30.0	40.625	26.25
49877	32.5	42.5	24.375
49913	31.25	41.25	24.375
49949	32.5	41.25	25.0
49985	30.0	41.875	26.875
50021	30.625	43.125	25.625
50057	32.5	44.375	25.625
50093	33.125	44.375	24.375
50129	33.125	46.25	24.375
50165	33.75	44.375	25.625
50201	33.75	44.375	25.625
50237	33.125	42.5	24.375
50273	35.0	42.5	24.375
50309	33.75	43.125	24.375
50345	35.0	41.875	24.375
50381	35.0	39.375	24.375
50417	36.25	39.375	23.125
50453	35.0	38.125	23.75
50489	35.625	37.5	24.375
50525	38.125	35.625	23.125
50561	36.875	36.875	23.75
50597	36.25	38.75	23.75
50633	36.875	40.0	23.75
50669	36.25	45.0	21.25
50705	36.25	45.625	21.875
50741	36.25	46.875	23.125
50777	35.0	47.5	23.125
50813	34.375	46.875	25.625
50849	32.5	48.125	26.25
50885	31.25	50.0	25.625
50921	31.875	50.625	26.25
50957	31.875	51.875	25.625
50993	31.875	51.25	24.375
51029	31.25	55.0	23.125
51065	31.25	52.5	23.125
51101	32.5	53.125	21.875
51137	33.75	48.125	25.0
51173	33.125	47.5	26.875
51209	33.75	47.5	25.625
51245	33.75	46.25	25.0
51281	36.875	47.5	21.875
51317	38.125	48.75	21.25
51353	38.125	47.5	22.5
51389	38.125	50.0	21.25
51425	38.125	46.875	21.875
51461	36.875	43.125	23.125
51497	36.875	40.0	24.375
51533	36.25	36.25	25.0
51569	35.625	34.375	26.25
51605	35.0	36.25	24.375
51641	35.0	35.625	25.0
51677	33.75	34.375	26.875
51713	33.75	33.125	28.75
51749	32.5	32.5	30.625
51785	31.875	28.75	33.125
51821	31.25	28.125	33.125
51857	31.25	26.875	33.75
51893	30.625	27.5	34.375
51929	35.625	26.875	34.375
51965	37.5	27.5	35.625
52001	40.0	28.75	36.25
52037	39.375	28.75	35.625
52073	41.875	26.875	36.25
52109	43.125	25.625	35.625
52145	43.75	25.625	36.25
52181	45.625	24.375	33.75
52217	46.25	22.5	33.125
52253	46.875	23.125	31.875
52289	48.125	23.125	29.375
52325	47.5	21.25	30.625
52361	47.5	20.625	30.0
52397	46.25	20.0	28.75
52433	45.0	20.625	29.375
52469	43.75	20.625	28.125
52505	42.5	21.25	26.875
52541	41.25	23.75	27.5
52577	42.5	27.5	26.25
52613	41.875	28.75	26.25
52649	41.25	30.625	25.0
52685	41.875	33.75	23.75
52721	41.875	33.75	25.0
52757	39.375	33.125	27.5
52793	40.0	36.875	27.5
52829	38.125	38.125	26.875
52865	38.75	40.625	26.875
52901	40.0	40.0	26.25
52937	37.5	42.5	25.625
52973	36.875	43.75	26.875
53009	37.5	43.75	28.75
53045	36.875	41.25	31.25
53081	34.375	38.75	30.0
53117	32.5	39.375	31.25
53153	31.25	36.875	32.5
53189	28.75	36.875	33.75
53225	28.125	36.875	32.5
53261	29.375	35.625	33.75
53297	30.625	36.875	35.625
53333	31.25	35.0	35.0
53369	32.5	37.5	34.375
53405	30.625	38.125	35.625
53441	31.875	38.125	34.375
53477	31.25	37.5	31.25
53513	34.375	38.75	29.375
53549	36.25	39.375	29.375
53585	37.5	37.5	30.0
53621	38.75	40.625	29.375
53657	38.75	41.25	30.625
53693	39.375	42.5	30.0
53729	39.375	44.375	26.875
53765	38.125	46.875	25.625
53801	38.125	45.0	23.75
53837	39.375	42.5	23.125
53873	37.5	40.625	23.125
53909	40.625	37.5	24.375
53945	40.625	35.0	26.25
53981	40.625	32.5	26.875
54017	40.0	30.0	26.875
54053	38.125	30.0	28.125
54089	36.875	30.0	28.75
54125	35.0	28.75	28.75
54161	33.75	26.875	30.625
54197	32.5	27.5	34.375
54233	31.875	25.0	34.375
54269	30.625	26.25	38.75
54305	26.875	27.5	41.25
54341	26.25	28.125	41.875
54377	25.625	30.625	43.75
54413	25.625	29.375	45.625
54449	27.5	29.375	43.75
54485	26.25	30.0	43.75
54521	27.5	29.375	46.875
54557	28.125	28.125	45.625
54593	28.75	27.5	44.375
54629	30.625	26.25	46.25
54665	30.625	25.625	47.5
54701	30.0	25.0	48.125
54737	28.125	24.375	48.125
54773	29.375	25.0	48.125
54809	31.25	23.75	48.75
54845	28.125	24.375	48.75
54881	27.5	24.375	47.5
54917	25.625	26.25	48.125
54953	24.375	26.875	48.125
54989	25.625	26.25	45.625
55025	27.5	27.5	41.875
55061	28.75	26.875	40.0
55097	28.75	27.5	35.625
55133	31.25	27.5	32.5
55169	32.5	27.5	29.375
55205	35.625	27.5	26.875
55241	37.5	28.125	25.0
55277	39.375	28.75	24.375
55313	41.875	28.125	25.0
55349	43.125	27.5	24.375
55385	43.125	29.375	24.375
55421	41.25	31.875	24.375
55457	40.625	32.5	21.25
55493	40.0	33.75	24.375
55529	38.125	35.0	26.875
55565	36.875	38.75	26.875
55601	36.25	39.375	28.75
55637	35.0	40.0	29.375
55673	35.0	41.25	28.125
55709	31.875	40.625	26.875
55745	31.25	41.25	27.5
55781	28.125	42.5	27.5
55817	28.125	41.875	25.0
55853	27.5	40.625	26.25
55889	27.5	39.375	27.5
55925	25.0	37.5	30.625
55961	26.25	35.625	30.625
55997	26.25	33.125	30.0
56033	23.75	32.5	31.875
56069	23.75	28.125	31.875
56105	25.0	28.125	31.25
56141	28.125	26.875	32.5
56177	30.0	25.625	33.75
56213	33.125	23.125	36.875
56249	36.875	21.25	34.375
56285	36.25	21.25	33.125
56321	35.0	21.875	35.0
56357	35.0	22.5	35.0
56393	35.0	23.75	35.625
56429	33.75	23.125	37.5
56465	32.5	25.0	38.125
56501	34.375	23.75	36.875
56537	33.75	28.125	39.375
56573	31.875	30.625	40.0
56609	30.0	31.25	41.25
56645	28.125	32.5	40.625
56681	25.0	33.75	39.375
56717	23.125	34.375	40.0
56753	21.875	34.375	41.875
56789	23.125	35.625	42.5
56825	23.125	35.0	41.875
56861	21.875	36.25	43.125
56897	21.875	38.75	42.5
56933	22.5	41.25	42.5
56969	22.5	39.375	44.375
57005	23.125	38.125	44.375
57041	23.75	36.875	45.0
57077	23.125	35.625	47.5
57113	23.75	38.125	45.625
57149	21.875	38.75	46.25
57185	18.75	39.375	49.375
57221	20.0	40.0	50.0
57257	18.75	40.625	48.75
57293	18.125	41.875	48.75
57329	19.375	42.5	46.25
57365	20.0	41.25	45.0
57401	18.125	39.375	45.625
57437	15.0	40.0	46.25
57473	15.625	40.625	46.25
57509	14.375	41.25	43.125
57545	13.125	42.5	42.5
57581	14.375	41.25	43.125
57617	13.125	40.0	43.125
57653	14.375	40.0	39.375
57689	13.75	39.375	41.875
57725	13.125	40.0	43.125
57761	13.125	36.25	43.75
57797	11.875	36.25	43.75
57833	11.875	35.625	43.125
57869	15.0	35.0	41.25
57905	16.25	36.25	40.625
57941	16.25	35.625	40.0
57977	17.5	35.625	41.25
58013	19.375	33.75	42.5
58049	18.75	33.75	45.0
58085	20.625	35.0	44.375
58121	18.75	33.75	46.25
58157	18.125	32.5	44.375
58193	18.125	31.875	45.0
58229	18.125	32.5	43.125
58265	20.625	30.625	43.75
58301	21.875	29.375	44.375
58337	20.0	29.375	45.0
58373	19.375	28.75	45.625
58409	21.25	26.25	44.375
58445	21.875	24.375	43.75
58481	20.625	24.375	44.375
58517	20.0	23.125	43.125
58553	19.375	22.5	43.75
58589	20.0	22.5	43.75
58625	21.875	20.625	43.75
58661	24.375	21.875	41.875
58697	25.0	23.125	41.875
58733	25.625	23.75	41.25
58769	26.875	22.5	43.125
58805	29.375	24.375	41.25
58841	31.875	21.875	41.875
58877	30.625	23.75	41.875
58913	31.875	23.75	41.875
58949	32.5	25.0	39.375
58985	32.5	24.375	38.75
59021	31.875	23.75	38.75
59057	32.5	25.0	40.625
59093	33.75	24.375	40.625
59129	31.875	25.0	38.75
59165	32.5	25.625	39.375
59201	31.25	26.25	40.0
59237	28.125	30.0	39.375
59273	30.0	28.75	37.5
59309	27.5	30.625	37.5
59345	27.5	33.75	36.25
59381	27.5	32.5	37.5
59417	25.625	33.125	38.75
59453	26.25	31.875	36.875
59489	25.0	33.125	36.875
59525	25.0	32.5	38.125
59561	26.25	33.75	35.0
59597	26.875	33.125	36.25
59633	28.125	33.75	34.375
59669	26.25	33.125	36.25
59705	26.875	34.375	37.5
59741	23.75	36.875	38.75
59777	22.5	37.5	38.125
59813	24.375	35.625	40.0
59849	23.75	36.25	40.625
59885	22.5	38.125	41.875
59921	21.875	41.25	43.125
59957	23.125	41.875	44.375
59993	23.75	40.625	41.875
60029	23.75	41.25	40.625
60065	24.375	40.625	38.75
60101	26.25	42.5	37.5
60137	27.5	39.375	36.25
60173	27.5	41.25	33.75
60209	28.125	39.375	31.25
60245	30.0	36.25	30.625
60281	30.625	36.875	27.5
60317	30.0	37.5	25.0
60353	32.5	38.125	21.875
60389	33.125	36.25	18.75
60425	34.375	36.25	18.75
60461	35.0	36.25	17.5
60497	35.0	37.5	18.75
60533	31.25	36.875	19.375
60569	30.625	36.25	21.875
60605	31.875	36.25	22.5
60641	32.5	36.25	23.125
60677	32.5	37.5	24.375
60713	34.375	37.5	24.375
60749	32.5	36.25	23.75
60785	33.75	35.625	24.375
60821	31.25	32.5	26.875
60857	33.75	31.875	26.875
60893	35.625	33.75	26.25
60929	36.875	32.5	28.125
60965	36.875	31.875	26.25
61001	38.75	33.125	28.125
61037	39.375	35.0	25.0
61073	38.75	33.75	25.0
61109	39.375	31.875	23.125
61145	39.375	31.25	23.125
61181	39.375	29.375	23.75
61217	40.625	31.25	24.375
61253	39.375	33.125	25.625
61289	38.75	33.125	25.625
61325	37.5	35.625	25.0
61361	36.875	38.75	23.75
61397	33.125	39.375	23.125
61433	33.75	42.5	22.5
61469	33.75	44.375	21.875
61505	32.5	44.375	24.375
61541	34.375	43.75	26.25
61577	31.25	45.625	27.5
61613	32.5	46.875	28.125
61649	31.875	48.75	27.5
61685	33.75	50.0	27.5
61721	35.0	50.0	28.75
61757	35.625	51.25	29.375
61793	35.625	49.375	30.625
61829	35.0	47.5	31.875
61865	35.625	46.875	30.625
61901	38.125	43.125	33.75
61937	38.125	43.125	33.125
61973	40.625	42.5	31.875
62009	40.625	41.25	30.625
62045	42.5	40.625	29.375
62081	41.875	41.25	30.625
62117	41.25	41.875	31.25
62153	42.5	40.0	29.375
62189	40.0	41.25	28.75
62225	38.125	40.625	28.125
62261	37.5	42.5	27.5
62297	38.75	45.0	25.625
62333	41.875	45.0	26.25
62369	41.25	45.625	26.25
62405	40.0	45.625	25.625
62441	36.25	47.5	26.25
62477	31.25	48.75	28.75
62513	31.25	50.625	28.125
62549	31.25	47.5	27.5
62585	33.75	48.125	26.875
62621	33.125	48.75	26.875
62657	33.125	50.0	28.75
62693	36.25	49.375	29.375
62729	36.875	47.5	29.375
62765	34.375	45.625	28.75
62801	31.25	44.375	28.75
62837	31.875	45.0	26.875
62873	31.875	47.5	27.5
62909	33.75	44.375	27.5
62945	33.125	45.625	27.5
62981	34.375	43.125	28.125
63017	35.625	45.0	27.5
63053	36.25	44.375	27.5
63089	38.75	45.0	25.625
63125	39.375	45.0	25.625
63161	37.5	44.375	26.875
63197	37.5	45.625	26.875
63233	40.625	46.25	26.25
63269	43.75	46.875	26.25
63305	40.625	46.25	29.375
63341	41.875	45.625	28.125
63377	41.875	43.125	29.375
63413	43.125	43.75	26.875
63449	44.375	46.25	25.625
63485	45.625	44.375	26.875
63521	43.75	44.375	28.125
63557	41.25	41.875	28.125
63593	40.625	38.125	30.0
63629	40.0	36.875	27.5
63665	38.75	36.25	25.625
63701	38.75	35.625	26.25
63737	35.0	32.5	28.75
63773	37.5	35.0	25.0
63809	38.75	29.375	25.0
63845	39.375	30.0	26.875
63881	41.25	29.375	26.875
63917	41.875	28.125	25.625
63953	41.25	25.625	25.625
63989	40.625	23.75	26.25
64025	40.625	24.375	26.25
64061	39.375	28.125	24.375
64097	39.375	27.5	25.625
64133	40.0	26.25	25.0
64169	37.5	25.625	26.25
64205	39.375	25.0	26.875
64241	40.625	22.5	27.5
64277	38.75	21.25	30.0
64313	40.0	20.0	31.25
64349	38.125	20.0	32.5
64385	39.375	19.375	33.125
64421	38.75	16.875	35.625
64457	40.0	16.875	35.625
64493	39.375	17.5	38.125
64529	40.625	15.625	40.0
64565	38.75	18.125	39.375
64601	36.25	23.75	38.75
64637	35.625	26.25	38.75
64673	34.375	28.75	35.625
64709	33.75	30.625	35.0
64745	32.5	34.375	33.75
64781	32.5	36.875	31.875
64817	31.875	39.375	30.625
64853	29.375	40.0	32.5
64889	28.75	41.25	29.375
64925	28.125	42.5	31.25
64961	28.75	41.25	29.375
64997	25.625	40.625	29.375
65033	26.875	38.75	30.0
65069	28.125	31.875	31.25
65105	29.375	29.375	33.125
65141	31.875	30.0	33.125
65177	30.625	31.25	33.75
65213	31.875	27.5	34.375
65249	31.875	26.875	36.875
65285	32.5	25.0	38.75
65321	35.0	25.0	37.5
65357	35.0	25.0	36.25
65393	34.375	25.625	33.75
65429	35.625	26.25	34.375
65465	37.5	26.875	31.875
65501	40.0	27.5	30.625
65537	41.875	28.75	30.0
65573	42.5	31.25	29.375
65609	41.25	28.75	28.75
65645	44.375	26.25	27.5
65681	46.25	26.25	25.625
65717	46.25	25.625	25.625
65753	46.25	27.5	25.625
65789	48.125	24.375	27.5
65825	45.625	25.625	25.625
65861	45.625	25.0	26.875
65897	43.75	25.0	25.625
65933	45.0	24.375	25.625
65969	42.5	26.875	25.0
66005	40.625	26.875	23.125
66041	40.0	28.125	23.75
66077	40.0	25.625	24.375
66113	38.75	27.5	23.125
66149	37.5	28.75	25.0
66185	36.25	31.25	25.0
66221	35.625	30.0	23.125
66257	34.375	33.75	23.125
66293	31.875	36.25	23.125
66329	35.0	40.0	23.125
66365	33.75	39.375	25.0
66401	32.5	40.625	23.75
66437	32.5	38.75	25.625
66473	31.875	40.625	26.25
66509	32.5	40.0	26.25
66545	34.375	39.375	27.5
66581	33.75	40.625	26.25
66617	31.875	38.125	29.375
66653	31.25	35.625	30.625
66689	31.875	33.125	31.875
66725	31.875	30.625	31.875
66761	32.5	28.75	31.875
66797	34.375	25.625	31.875
66833	35.0	21.25	30.625
66869	38.125	20.625	33.125
66905	39.375	18.75	33.125
66941	39.375	16.875	36.25
66977	39.375	14.375	38.75
67013	38.125	13.75	40.625
67049	38.75	11.875	41.25
67085	39.375	12.5	37.5
67121	41.25	11.875	36.875
67157	44.375	13.75	36.25
67193	45.0	14.375	34.375
67229	45.0	13.75	36.875
67265	45.0	15.0	37.5
67301	43.75	15.0	38.125
67337	41.25	16.875	37.5
67373	38.75	19.375	38.125
67409	36.875	20.625	39.375
67445	36.25	20.625	38.125
67481	35.625	22.5	36.25
67517	34.375	23.75	37.5
67553	32.5	25.625	39.375
67589	32.5	28.125	43.125
67625	29.375	29.375	43.75
67661	29.375	30.0	43.125
67697	30.0	30.625	43.125
67733	27.5	32.5	43.75
67769	27.5	33.75	41.875
67805	27.5	35.0	41.25
67841	28.125	33.125	41.25
67877	29.375	31.25	39.375
67913	29.375	32.5	38.125
67949	27.5	33.75	40.0
67985	28.75	35.0	38.125
68021	26.875	35.625	38.125
68057	27.5	36.25	35.625
68093	25.625	37.5	38.125
68129	24.375	35.0	39.375
68165	23.125	33.125	42.5
68201	23.125	32.5	43.125
68237	22.5	33.125	46.25
68273	20.0	32.5	48.75
68309	17.5	34.375	50.0
68345	18.125	32.5	48.125
68381	18.125	32.5	49.375
68417	17.5	31.25	46.875
68453	16.875	35.0	46.875
68489	16.875	35.0	45.625
68525	18.75	37.5	43.125
68561	20.625	39.375	38.125
68597	20.625	41.25	35.0
68633	22.5	43.75	31.875
68669	21.875	45.625	26.875
68705	23.125	50.0	25.0
68741	25.0	51.875	21.25
68777	27.5	53.125	19.375
68813	28.75	56.25	18.75
68849	32.5	58.125	17.5
68885	34.375	58.125	16.25
68921	37.5	56.25	16.875
68957	38.75	54.375	15.625
68993	37.5	55.0	15.625
69029	38.125	55.625	18.125
69065	36.875	53.75	18.75
69101	38.125	53.75	17.5
69137	39.375	52.5	18.125
69173	40.625	51.25	18.125
69209	41.875	46.875	18.125
69245	41.25	46.25	18.75
69281	41.875	45.625	18.75
69317	40.0	48.125	17.5
69353	38.75	50.625	18.75
69389	36.875	50.625	19.375
69425	34.375	51.25	21.25
69461	36.875	50.0	20.0
69497	37.5	46.875	19.375
69533	36.875	45.625	17.5
69569	36.875	44.375	20.0
69605	36.875	45.625	21.875
69641	32.5	42.5	23.125
69677	31.25	41.875	25.625
69713	29.375	40.625	26.25
69749	26.25	40.0	28.75
69785	25.625	39.375	31.25
69821	26.875	35.0	29.375
69857	25.0	33.75	32.5
69893	25.0	32.5	33.75
69929	24.375	30.625	33.75
69965	22.5	31.875	36.25
70001	22.5	31.25	34.375
70037	23.75	28.75	34.375
70073	21.25	28.75	34.375
70109	21.875	31.875	35.0
70145	21.25	33.75	36.875
70181	21.25	32.5	38.125
70217	21.875	32.5	38.125
70253	19.375	35.0	38.125
70289	18.125	35.625	40.0
70325	18.125	38.125	38.75
70361	17.5	36.25	36.875
70397	17.5	38.75	38.125
70433	15.625	38.75	40.625
70469	17.5	38.125	40.0
70505	15.625	39.375	42.5
70541	15.625	38.75	41.875
70577	17.5	37.5	40.625
70613	19.375	35.625	39.375
70649	20.625	33.75	39.375
70685	23.75	32.5	38.125
70721	24.375	32.5	36.25
70757	27.5	30.625	35.0
70793	28.75	28.75	35.625
70829	31.25	27.5	34.375
70865	33.75	27.5	35.625
70901	38.125	23.75	35.0
70937	41.875	23.75	32.5
70973	43.125	22.5	31.25
71009	47.5	20.0	34.375
71045	47.5	21.25	33.75
71081	50.0	20.0	34.375
71117	50.625	21.25	33.125
71153	51.875	20.0	35.0
71189	53.125	20.625	36.25
71225	53.75	18.125	39.375
71261	55.625	16.875	38.125
71297	55.625	18.125	39.375
71333	52.5	20.625	40.0
71369	52.5	20.0	40.625
71405	52.5	20.625	43.125
71441	50.625	21.875	45.625
71477	48.75	23.125	46.25
71513	47.5	23.75	45.625
71549	45.625	25.0	45.0
71585	43.125	25.0	43.125
71621	40.0	26.875	41.875
71657	39.375	25.625	43.125
71693	36.25	26.25	41.25
71729	33.125	28.125	41.875
71765	32.5	28.75	43.125
71801	31.875	25.625	43.75
71837	29.375	28.125	40.625
71873	23.125	31.25	43.125
71909	23.75	32.5	41.875
71945	22.5	32.5	40.625
71981	20.625	34.375	40.0
72017	24.375	33.75	38.75
72053	25.625	34.375	40.625
72089	25.625	35.625	41.25
72125	23.125	37.5	41.25
72161	23.125	37.5	38.125
72197	24.375	37.5	40.0
72233	24.375	37.5	39.375
72269	25.625	38.125	35.0
72305	27.5	39.375	35.625
72341	30.0	37.5	35.0
72377	31.875	36.25	36.25
72413	32.5	37.5	35.625
72449	32.5	36.875	35.625
72485	28.75	36.875	36.875
72521	26.875	36.875	35.625
72557	28.75	36.25	35.0
72593	29.375	36.875	34.375
72629	30.625	37.5	34.375
72665	29.375	41.25	36.875
72701	28.75	41.25	37.5
72737	27.5	40.625	38.75
72773	26.25	40.625	40.0
72809	25.0	41.875	39.375
72845	23.75	40.0	39.375
72881	23.75	39.375	38.75
72917	24.375	38.75	41.25
72953	25.0	36.25	41.25
72989	25.625	35.625	44.375
73025	25.625	35.625	45.0
73061	25.0	35.0	44.375
73097	27.5	36.25	46.25
73133	27.5	32.5	46.25
73169	26.25	31.875	47.5
73205	28.125	33.75	46.25
73241	30.0	31.875	46.875
73277	30.625	31.875	44.375
73313	30.625	33.75	45.0
73349	31.25	32.5	46.25
73385	29.375	33.75	48.125
73421	29.375	33.125	48.75
73457	28.75	33.75	48.125
73493	28.125	34.375	48.75
73529	28.75	35.0	50.625
73565	26.25	35.0	50.625
73601	26.875	35.0	50.0
73637	28.75	33.125	48.75
73673	29.375	32.5	51.25
73709	27.5	34.375	51.25
73745	25.0	36.875	55.0
73781	23.75	35.0	59.375
73817	23.75	36.25	58.125
73853	23.75	35.625	55.625
73889	23.125	35.0	55.0
73925	22.5	37.5	55.625
73961	22.5	38.125	51.25
73997	21.875	36.875	48.75
74033	23.75	35.625	47.5
74069	21.875	36.875	48.75
74105	20.0	37.5	45.625
74141	20.625	36.875	41.25
74177	21.875	36.875	38.125
74213	20.625	35.625	33.125
74249	21.875	35.625	31.25
74285	22.5	36.25	27.5
74321	21.875	36.875	25.625
74357	25.0	36.25	23.75
74393	26.875	34.375	23.75
74429	28.75	33.125	20.625
74465	31.25	32.5	22.5
74501	33.125	33.125	24.375
74537	32.5	33.75	25.625
74573	35.625	32.5	25.0
74609	37.5	32.5	26.875
74645	38.75	30.625	26.875
74681	41.25	31.25	30.0
74717	41.875	29.375	28.75
74753	43.125	28.75	29.375
74789	45.0	28.125	31.25
74825	45.0	28.75	31.875
74861	43.75	28.75	31.25
74897	43.75	28.125	31.875
74933	43.125	28.75	32.5
74969	42.5	30.0	33.125
75005	43.75	27.5	35.0
75041	41.875	26.875	36.25
75077	41.875	25.0	35.0
75113	41.25	23.75	35.625
75149	40.625	24.375	33.125
75185	41.25	26.25	31.875
75221	41.25	29.375	31.875
75257	40.625	30.625	31.25
75293	38.75	33.75	30.625
75329	37.5	33.125	30.0
75365	36.25	34.375	30.625
75401	35.0	35.625	27.5
75437	35.625	36.875	26.25
75473	35.0	38.75	23.125
75509	34.375	41.25	22.5
75545	33.75	41.875	22.5
75581	32.5	44.375	22.5
75617	30.625	44.375	20.0
75653	30.0	46.25	20.625
75689	30.625	45.625	20.0
75725	30.625	45.625	20.0
75761	31.25	42.5	21.25
75797	32.5	43.75	21.25
75833	32.5	43.125	22.5
75869	30.625	45.625	24.375
75905	31.25	43.75	26.25
75941	30.625	43.75	25.625
75977	31.25	43.75	25.0
76013	30.625	44.375	25.0
76049	31.875	44.375	24.375
76085	32.5	44.375	25.0
76121	32.5	42.5	25.625
76157	33.75	42.5	25.625
76193	35.0	44.375	26.875
76229	33.125	43.125	30.625
76265	32.5	45.0	29.375
76301	35.0	45.625	25.625
76337	35.625	41.875	25.0
76373	33.75	41.25	25.625
76409	31.875	42.5	28.125
76445	31.25	41.25	29.375
76481	30.0	39.375	30.0
76517	30.0	36.875	31.25
76553	29.375	37.5	32.5
76589	27.5	36.875	33.75
76625	25.0	37.5	35.0
76661	22.5	34.375	36.875
76697	21.875	33.75	35.0
76733	20.0	33.75	33.75
76769	19.375	35.0	35.625
76805	18.75	35.0	35.625
76841	20.625	35.0	38.125
76877	21.25	32.5	36.25
76913	21.25	31.875	37.5
76949	22.5	32.5	38.125
76985	23.75	35.0	37.5
77021	21.25	34.375	35.625
77057	21.875	35.625	33.75
77093	21.875	33.125	31.25
77129	23.125	30.625	29.375
77165	23.75	30.625	30.625
77201	25.0	26.875	30.625
77237	25.625	25.0	31.875
77273	28.125	21.875	32.5
77309	28.125	20.625	31.875
77345	30.0	22.5	28.125
77381	30.625	24.375	26.875
77417	31.875	28.125	24.375
77453	30.625	26.25	25.625
77489	32.5	24.375	26.25
77525	31.875	26.875	26.25
77561	31.25	25.625	30.0
77597	32.5	27.5	29.375
77633	33.125	30.625	30.625
77669	32.5	32.5	30.625
77705	31.25	35.625	30.0
77741	30.625	38.75	29.375
77777	28.125	41.25	29.375
77813	27.5	43.75	28.75
77849	28.125	45.0	27.5
77885	27.5	43.75	27.5
77921	27.5	41.25	26.25
77957	30.625	41.25	25.625
77993	32.5	40.0	25.625
78029	33.75	40.0	24.375
78065	35.0	40.625	23.75
78101	34.375	40.625	25.0
78137	36.25	38.75	22.5
78173	35.625	35.625	22.5
78209	35.625	35.625	21.25
78245	36.875	35.625	21.25
78281	37.5	35.0	23.125
78317	38.125	31.875	23.125
78353	38.125	29.375	24.375
78389	38.125	28.125	25.0
78425	34.375	31.25	25.625
78461	33.75	30.625	28.125
78497	33.75	30.625	28.75
78533	32.5	31.25	28.75
78569	32.5	30.625	28.125
78605	30.625	30.0	28.125
78641	33.125	28.75	29.375
78677	33.75	26.875	31.25
78713	35.0	27.5	30.625
78749	35.625	28.75	30.625
78785	33.75	26.875	32.5
78821	35.0	27.5	31.875
78857	35.0	28.75	31.875
78893	36.25	28.75	31.25
78929	36.25	28.125	30.625
78965	36.875	28.125	30.0
79001	36.25	28.75	29.375
79037	38.75	28.125	30.0
79073	40.0	26.875	30.0
79109	37.5	30.0	28.75
79145	35.0	30.0	29.375
79181	33.125	28.125	31.25
79217	31.875	26.875	30.0
79253	34.375	25.625	29.375
79289	33.75	25.0	30.0
79325	33.125	25.625	30.625
79361	33.75	25.625	32.5
79397	34.375	23.125	34.375
79433	32.5	23.125	36.25
79469	32.5	22.5	38.75
79505	30.625	21.875	39.375
79541	29.375	21.875	39.375
79577	28.125	21.875	39.375
79613	28.75	23.125	39.375
79649	29.375	25.0	38.75
79685	30.0	27.5	38.75
79721	28.75	28.75	39.375
79757	28.75	30.625	40.625
79793	28.125	33.75	39.375
79829	26.875	36.25	36.875
79865	26.25	40.0	33.75
79901	28.125	41.25	32.5
79937	30.0	44.375	28.75
79973	30.0	46.25	26.875
80009	31.25	46.875	26.875
80045	31.875	50.0	28.125
80081	33.125	50.625	28.125
80117	33.125	50.625	26.875
80153	32.5	48.75	26.875
80189	32.5	49.375	25.625
80225	30.625	49.375	26.25
80261	30.0	46.875	27.5
80297	31.25	46.25	27.5
80333	31.875	44.375	28.75
80369	30.0	44.375	30.0
80405	28.75	42.5	28.75
80441	27.5	40.0	30.625
80477	25.0	42.5	29.375
80513	25.0	44.375	27.5
80549	23.75	43.125	27.5
80585	24.375	43.75	28.125
80621	23.75	45.0	28.125
80657	26.875	45.0	28.125
80693	28.75	43.125	27.5
80729	28.125	43.75	27.5
80765	28.125	43.75	28.125
80801	28.125	42.5	28.125
80837	28.125	43.75	28.75
80873	30.0	45.0	29.375
80909	29.375	45.0	29.375
80945	30.0	43.125	30.625
80981	31.25	40.0	31.25
81017	31.875	37.5	32.5
81053	34.375	37.5	29.375
81089	33.125	38.75	28.125
81125	32.5	41.25	27.5
81161	31.875	44.375	26.25
81197	31.25	46.875	28.75
81233	32.5	48.125	26.25
81269	33.75	48.125	26.25
81305	36.25	46.875	24.375
81341	35.625	46.25	23.125
81377	35.625	48.75	21.875
81413	37.5	50.625	21.875
81449	38.125	54.375	20.0
81485	40.625	55.0	19.375
81521	40.0	56.875	20.625
81557	40.625	56.25	23.75
81593	40.0	54.375	26.25
81629	40.625	51.25	25.625
81665	43.125	49.375	25.625
81701	42.5	46.875	24.375
81737	43.125	46.25	25.625
81773	43.75	48.125	25.0
81809	43.125	48.125	26.875
81845	41.875	48.75	26.875
81881	41.25	47.5	28.75
81917	41.875	47.5	26.875
81953	37.5	44.375	32.5
81989	35.625	48.75	28.75
82025	36.25	46.25	29.375
82061	38.75	46.25	28.75
82097	38.125	46.25	27.5
82133	34.375	45.625	27.5
82169	33.75	45.0	26.875
82205	33.125	45.0	26.25
82241	33.75	42.5	28.125
82277	35.0	40.0	27.5
82313	36.25	37.5	27.5
82349	36.25	35.625	27.5
82385	37.5	33.125	28.125
82421	41.875	31.875	26.875
82457	43.75	30.625	28.125
82493	43.125	28.75	28.125
82529	41.25	28.75	28.75
82565	41.25	26.25	28.75
82601	43.75	26.25	30.625
82637	45.0	26.25	30.625
82673	47.5	24.375	30.625
82709	48.75	23.75	30.625
82745	46.25	26.25	31.25
82781	46.25	25.0	34.375
82817	46.25	25.625	36.25
82853	44.375	25.625	37.5
82889	43.125	25.625	38.75
82925	40.0	26.25	35.625
82961	41.25	24.375	36.25
82997	40.0	22.5	36.875
83033	40.625	23.75	34.375
83069	39.375	23.75	31.875
83105	36.25	24.375	33.75
83141	34.375	25.0	32.5
83177	31.875	25.0	34.375
83213	30.0	23.75	33.75
83249	28.75	25.0	31.25
83285	28.125	23.75	30.0
83321	26.25	24.375	31.25
83357	26.875	23.75	31.875
83393	25.625	25.0	33.125
83429	23.75	25.0	33.75
83465	24.375	26.25	33.75
83501	23.75	28.75	35.625
83537	21.25	31.875	38.75
83573	23.125	30.625	39.375
83609	22.5	32.5	41.25
83645	22.5	33.75	42.5
83681	23.75	35.0	40.625
83717	26.875	36.875	39.375
83753	26.875	36.25	39.375
83789	26.875	35.0	39.375
83825	28.125	34.375	39.375
83861	29.375	35.0	38.125
83897	30.625	35.0	38.75
83933	30.625	36.25	37.5
83969	33.75	32.5	37.5
84005	35.0	32.5	36.25
84041	38.125	31.25	35.0
84077	40.0	29.375	35.0
84113	38.75	30.625	33.125
84149	39.375	26.875	34.375
84185	36.875	26.25	33.125
84221	36.875	26.25	33.125
84257	38.125	28.75	34.375
84293	40.625	30.0	34.375
84329	40.0	29.375	35.0
84365	41.25	28.125	35.625
84401	41.875	26.875	35.625
84437	42.5	25.625	36.25
84473	41.875	23.125	36.25
84509	40.625	25.625	36.875
84545	41.25	24.375	36.875
84581	40.625	23.75	36.25
84617	40.625	26.25	35.625
84653	40.0	30.0	35.625
84689	40.625	31.875	37.5
84725	39.375	31.875	35.0
84761	38.75	29.375	33.75
84797	40.0	28.125	30.625
84833	39.375	29.375	32.5
84869	37.5	28.75	30.625
84905	36.25	27.5	31.875
84941	34.375	31.25	32.5
84977	33.125	31.875	30.625
85013	32.5	33.75	30.0
85049	33.75	35.625	30.0
85085	35.0	34.375	31.875
85121	36.25	33.125	30.625
85157	35.625	31.875	31.25
85193	33.75	32.5	31.25
85229	33.75	33.125	32.5
85265	30.0	35.625	33.75
85301	30.0	35.625	33.125
85337	29.375	41.25	32.5
85373	32.5	43.125	29.375
85409	30.625	43.75	29.375
85445	31.875	42.5	28.125
85481	30.625	41.875	27.5
85517	33.125	40.625	29.375
85553	33.125	41.25	28.125
85589	31.25	42.5	27.5
85625	31.875	44.375	25.0
85661	31.25	41.875	24.375
85697	32.5	42.5	24.375
85733	35.0	42.5	23.125
85769	35.625	41.875	21.875
85805	35.0	39.375	23.125
85841	36.875	37.5	25.0
85877	36.25	34.375	25.0
85913	38.125	34.375	27.5
85949	37.5	31.875	26.875
85985	36.25	33.125	25.0
86021	36.25	30.625	25.625
86057	35.625	28.125	27.5
86093	33.75	28.75	29.375
86129	35.625	28.125	32.5
86165	35.0	28.125	32.5
86201	33.75	26.25	33.75
86237	30.0	27.5	35.0
86273	31.875	26.25	34.375
86309	30.625	25.625	33.125
86345	31.25	25.625	33.125
86381	29.375	27.5	34.375
86417	28.125	28.125	34.375
86453	27.5	28.125	35.0
86489	28.125	30.0	34.375
86525	28.75	28.75	31.875
86561	32.5	26.25	33.75
86597	33.75	25.625	31.875
86633	34.375	25.625	30.625
86669	35.625	25.0	30.0
86705	36.875	25.625	30.625
86741	37.5	25.625	30.625
86777	38.125	24.375	29.375
86813	38.125	24.375	28.75
86849	40.0	22.5	26.875
86885	41.25	20.625	26.875
86921	41.25	22.5	27.5
86957	41.875	22.5	28.75
86993	43.75	21.875	31.25
87029	41.25	23.75	30.0
87065	37.5	24.375	28.75
87101	37.5	27.5	28.75
87137	35.625	29.375	27.5
87173	35.625	30.625	26.25
87209	37.5	31.875	25.625
87245	36.25	31.25	26.25
87281	35.625	31.875	30.0
87317	33.125	33.125	34.375
87353	31.875	33.75	32.5
87389	30.0	32.5	33.125
87425	30.625	32.5	33.75
87461	28.125	33.75	36.875
87497	28.125	33.125	39.375
87533	29.375	33.125	40.0
87569	29.375	32.5	41.875
87605	28.125	29.375	42.5
87641	25.625	29.375	43.125
87677	28.125	25.625	44.375
87713	28.75	26.25	44.375
87749	29.375	28.125	45.625
87785	30.625	28.75	42.5
87821	31.25	30.0	41.875
87857	33.75	30.0	42.5
87893	33.75	31.25	40.0
87929	34.375	31.25	35.625
87965	36.875	30.0	35.0
88001	38.75	30.0	35.0
88037	41.875	30.0	33.125
88073	43.75	29.375	34.375
88109	45.625	29.375	35.625
88145	44.375	30.0	35.0
88181	44.375	30.0	35.625
88217	45.0	31.25	34.375
88253	46.875	31.25	33.125
88289	46.25	28.75	33.75
88325	46.25	27.5	33.75
88361	44.375	26.875	32.5
88397	43.75	25.0	31.25
88433	40.625	24.375	32.5
88469	36.875	25.625	32.5
88505	33.125	25.0	34.375
88541	30.625	25.625	33.75
88577	29.375	27.5	33.125
88613	29.375	26.875	33.75
88649	26.875	27.5	33.125
88685	25.0	27.5	34.375
88721	23.125	26.25	35.0
88757	21.875	27.5	36.875
88793	23.125	28.125	35.625
88829	22.5	28.125	37.5
88865	23.125	30.625	41.875
88901	23.75	31.25	41.875
88937	23.125	31.875	42.5
88973	25.0	30.625	40.625
89009	26.875	29.375	39.375
89045	29.375	29.375	37.5
89081	30.625	28.125	38.75
89117	31.875	27.5	37.5
89153	33.75	26.875	36.875
89189	36.25	25.625	36.875
89225	36.875	25.625	37.5
89261	38.125	25.0	36.875
89297	39.375	23.75	38.125
89333	40.625	24.375	33.125
89369	40.0	23.75	31.25
89405	40.625	20.625	31.875
89441	40.625	20.625	33.125
89477	37.5	21.25	33.125
89513	35.625	22.5	32.5
89549	33.75	23.75	32.5
89585	31.875	23.75	31.25
89621	30.0	25.625	30.0
89657	29.375	26.875	28.125
89693	26.875	27.5	28.125
89729	26.875	26.875	25.625
89765	26.25	26.25	24.375
89801	25.0	26.25	27.5
89837	26.875	26.875	26.875
89873	26.25	29.375	28.125
89909	27.5	29.375	30.0
89945	26.875	28.75	27.5
89981	25.625	27.5	30.625
90017	25.0	28.75	31.25
90053	27.5	29.375	30.625
90089	30.625	29.375	32.5
90125	30.625	27.5	35.0
90161	30.625	28.75	33.125
90197	32.5	30.625	33.75
90233	33.125	31.25	35.0
90269	31.875	32.5	31.875
90305	33.75	33.125	33.125
90341	33.75	31.875	31.875
90377	35.0	31.25	30.0
90413	36.25	31.25	30.625
90449	38.75	31.25	30.0
90485	41.25	30.0	28.75
90521	40.0	28.125	31.25
90557	37.5	28.125	30.625
90593	37.5	28.125	28.125
90629	39.375	28.125	28.125
90665	38.125	26.25	28.75
90701	34.375	26.875	28.75
90737	35.625	26.875	27.5
90773	34.375	25.0	28.125
90809	31.875	25.625	29.375
90845	32.5	25.0	30.0
90881	32.5	26.25	29.375
90917	31.25	28.125	28.75
90953	30.0	26.875	30.625
90989	30.0	26.25	30.0
91025	32.5	25.0	31.25
91061	32.5	24.375	30.625
91097	31.25	25.625	35.0
91133	31.875	25.0	36.875
91169	31.25	26.25	37.5
91205	32.5	27.5	38.125
91241	32.5	29.375	39.375
91277	33.125	30.0	39.375
91313	31.875	31.25	40.0
91349	30.625	31.25	39.375
91385	30.0	30.625	38.75
91421	31.875	31.25	40.0
91457	30.625	30.625	39.375
91493	31.25	34.375	38.75
91529	27.5	36.875	40.0
91565	28.75	36.25	38.75
91601	28.125	36.875	36.875
91637	30.0	35.625	34.375
91673	28.75	33.75	35.625
91709	26.25	32.5	34.375
91745	26.875	32.5	30.0
91781	27.5	31.25	30.0
91817	26.25	28.75	30.625
91853	26.25	30.625	31.25
91889	24.375	30.625	30.625
91925	25.0	30.0	30.0
91961	23.75	30.0	29.375
91997	23.75	26.875	26.25
92033	23.75	25.625	27.5
92069	24.375	26.25	28.75
92105	24.375	24.375	29.375
92141	25.0	26.25	29.375
92177	28.125	27.5	28.75
92213	28.75	28.125	31.875
92249	30.625	30.625	30.625
92285	32.5	31.875	31.25
92321	36.25	33.75	31.25
92357	36.25	36.25	30.625
92393	36.875	36.875	29.375
92429	37.5	35.0	28.75
92465	38.125	36.875	30.0
92501	39.375	38.125	30.0
92537	40.0	38.75	30.0
92573	41.25	38.75	28.125
92609	42.5	37.5	28.125
92645	43.125	36.875	26.875
92681	43.75	33.75	27.5
92717	41.25	31.875	25.625
92753	38.125	30.625	26.875
92789	38.125	28.75	27.5
92825	37.5	26.875	27.5
92861	38.125	24.375	30.0
92897	38.125	25.0	30.625
92933	37.5	26.875	28.125
92969	35.625	25.625	27.5
93005	37.5	26.25	30.0
93041	36.875	26.875	30.0
93077	35.0	28.75	29.375
93113	30.625	30.0	30.0
93149	27.5	29.375	27.5
93185	28.125	30.625	28.75
93221	27.5	31.875	30.0
93257	28.125	31.875	28.125
93293	27.5	31.25	30.0
93329	28.125	32.5	26.875
93365	26.875	31.875	27.5
93401	26.875	32.5	27.5
93437	27.5	32.5	29.375
93473	26.875	31.25	28.125
93509	23.75	29.375	28.125
93545	23.125	28.75	28.75
93581	25.0	28.125	28.75
93617	26.875	29.375	31.875
93653	26.875	30.625	31.25
93689	28.125	26.875	30.625
93725	27.5	26.875	31.25
93761	26.875	30.625	28.75
93797	25.625	30.625	28.125
93833	23.125	31.875	30.0
93869	21.875	34.375	28.125
93905	22.5	35.625	28.75
93941	24.375	35.625	26.875
93977	24.375	37.5	24.375
94013	25.0	39.375	25.0
94049	23.125	40.625	26.25
94085	22.5	41.875	25.625
94121	23.75	40.625	25.0
94157	22.5	43.125	24.375
94193	21.875	43.75	23.125
94229	23.75	43.75	25.0
94265	25.625	40.625	26.25
94301	27.5	39.375	24.375
94337	28.75	40.0	26.25
94373	28.125	37.5	26.875
94409	27.5	38.125	26.875
94445	29.375	37.5	27.5
94481	30.0	36.25	27.5
94517	31.25	34.375	26.875
94553	31.875	33.75	26.25
94589	33.125	34.375	23.75
94625	33.125	35.625	23.75
94661	33.75	33.125	25.0
94697	32.5	33.75	26.875
94733	33.75	35.0	23.75
94769	33.125	37.5	26.875
94805	32.5	38.75	26.875
94841	31.875	40.0	27.5
94877	30.625	38.75	27.5
94913	30.0	38.125	26.875
94949	26.875	38.125	28.125
94985	28.125	36.875	26.875
95021	28.125	37.5	29.375
95057	25.625	38.75	31.875
95093	24.375	38.75	30.625
95129	24.375	41.25	30.625
95165	22.5	41.25	31.25
95201	21.25	42.5	34.375
95237	21.875	38.75	33.75
95273	20.0	35.0	34.375
95309	21.875	35.0	33.75
95345	24.375	33.75	35.625
95381	25.0	33.75	34.375
95417	26.25	33.75	35.0
95453	26.25	36.25	33.75
95489	28.75	37.5	34.375
95525	29.375	36.25	36.875
95561	31.25	35.625	38.125
95597	32.5	33.125	40.625
95633	33.75	31.875	38.75
95669	35.625	28.75	37.5
95705	35.625	28.125	38.125
95741	33.125	29.375	38.75
95777	32.5	27.5	40.625
95813	31.875	28.75	41.25
95849	32.5	28.75	40.625
95885	33.125	27.5	40.625
95921	33.75	28.125	39.375
95957	33.75	28.125	38.75
95993	31.25	32.5	36.875
96029	29.375	31.25	35.625
96065	29.375	32.5	33.75
96101	28.75	33.125	33.75
96137	29.375	36.25	32.5
96173	28.75	38.75	34.375
96209	31.875	38.125	32.5
96245	33.125	38.75	29.375
96281	35.0	40.625	29.375
96317	35.0	41.25	30.0
96353	31.875	44.375	30.0
96389	30.625	44.375	30.625
96425	30.625	41.875	31.875
96461	31.25	40.625	30.625
96497	30.625	39.375	31.25
96533	29.375	41.25	31.875
96569	30.0	40.625	33.75
96605	30.0	40.625	32.5
96641	28.75	38.75	31.25
96677	27.5	38.125	31.25
96713	27.5	35.625	31.25
96749	24.375	34.375	36.25
96785	24.375	33.75	35.625
96821	25.625	31.875	36.875
96857	25.625	29.375	36.875
96893	24.375	28.125	38.125
96929	24.375	25.0	39.375
96965	25.0	25.625	37.5
97001	26.875	27.5	36.875
97037	29.375	25.625	36.875
97073	27.5	28.125	35.625
97109	28.75	26.25	36.875
97145	29.375	26.25	36.25
97181	27.5	27.5	35.625
97217	27.5	29.375	35.625
97253	26.875	29.375	36.25
97289	26.25	31.25	36.25
97325	25.625	33.125	36.875
97361	26.25	33.75	39.375
97397	25.625	33.125	40.625
97433	24.375	33.75	41.875
97469	25.0	29.375	41.875
97505	23.125	30.0	40.0
97541	25.0	30.625	38.75
97577	27.5	31.25	37.5
97613	28.75	31.25	35.625
97649	31.25	30.625	35.625
97685	34.375	31.25	33.75
97721	36.25	30.0	30.625
97757	37.5	28.75	30.0
97793	41.875	25.625	27.5
97829	43.125	25.0	26.875
97865	43.75	26.875	23.75
97901	46.875	28.75	21.875
97937	47.5	27.5	20.0
97973	45.625	30.0	21.25
98009	45.0	28.75	22.5
98045	41.25	30.0	25.0
98081	38.125	30.0	26.25
98117	35.625	31.25	26.875
98153	32.5	31.25	28.125
98189	31.875	34.375	29.375
98225	30.625	33.75	29.375
98261	28.125	37.5	30.0
98297	26.25	38.75	30.625
98333	23.75	39.375	31.875
98369	23.75	41.875	33.125
98405	25.0	43.125	32.5
98441	25.0	42.5	33.125
98477	28.125	40.625	34.375
98513	27.5	39.375	33.75
98549	29.375	38.75	33.75
98585	30.625	38.75	31.875
98621	33.75	35.625	30.625
98657	33.125	34.375	30.0
98693	32.5	35.0	28.125
98729	34.375	33.125	28.75
98765	35.0	33.125	28.75
98801	36.875	32.5	27.5
98837	36.875	31.875	28.75
98873	35.0	29.375	31.25
98909	33.75	28.75	28.75
98945	33.125	28.125	28.75
98981	33.125	26.25	28.125
99017	32.5	25.625	30.0