# BASE VAL1 VAL2
# color 0:255:0 0:0:255 100:100:100
17	25.0	10.0	45.0
53	25.0	10.0	35.0
89	30.0	20.0	30.0
125	55.0	25.0	15.0
161	60.0	5.0	20.0
197	30.0	20.0	25.0
233	40.0	45.0	20.0
269	55.0	20.0	15.0
305	50.0	20.0	25.0
341	40.0	45.0	5.0
377	25.0	40.0	25.0
413	20.0	55.0	40.0
449	40.0	55.0	20.0
485	35.0	25.0	35.0
521	50.0	35.0	20.0
557	40.0	60.0	25.0
593	45.0	50.0	35.0
629	60.0	35.0	10.0
665	45.0	60.0	5.0
701	40.0	50.0	20.0
737	35.0	20.0	30.0
773	40.0	35.0	25.0
809	40.0	35.0	25.0
845	35.0	40.0	35.0
881	30.0	40.0	55.0
917	45.0	35.0	45.0
953	45.0	45.0	15.0
989	50.0	60.0	5.0
1025	40.0	50.0	10.0
1061	45.0	50.0	10.0
1097	55.0	50.0	15.0
1133	50.0	55.0	20.0
1169	35.0	25.0	35.0
1205	25.0	25.0	30.0
1241	35.0	30.0	30.0
1277	40.0	35.0	20.0
1313	50.0	25.0	0.0
1349	30.0	30.0	25.0
1385	45.0	45.0	20.0
1421	50.0	40.0	30.0
1457	35.0	45.0	35.0
1493	55.0	25.0	15.0
1529	40.0	35.0	20.0
1565	45.0	40.0	20.0
1601	55.0	30.0	15.0
1637	50.0	30.0	30.0
1673	35.0	50.0	25.0
1709	55.0	40.0	20.0
1745	40.0	35.0	25.0
1781	40.0	40.0	20.0
1817	55.0	35.0	20.0
1853	40.0	15.0	20.0
1889	30.0	30.0	30.0
1925	30.0	30.0	30.0
1961	50.0	30.0	30.0
1997	40.0	40.0	10.0
2033	35.0	40.0	20.0
2069	50.0	35.0	20.0
2105	60.0	30.0	25.0
2141	35.0	35.0	30.0
2177	45.0	40.0	25.0
2213	30.0	30.0	40.0
2249	40.0	20.0	45.0
2285	50.0	30.0	15.0
2321	25.0	20.0	30.0
2357	15.0	30.0	45.0
2393	30.0	35.0	25.0
2429	35.0	25.0	20.0
2465	25.0	30.0	30.0
2501	35.0	35.0	40.0
2537	30.0	40.0	55.0
2573	15.0	35.0	40.0
2609	30.0	20.0	35.0
2645	40.0	15.0	40.0
2681	50.0	15.0	40.0
2717	55.0	30.0	25.0
2753	50.0	30.0	20.0
2789	55.0	25.0	20.0
2825	50.0	25.0	20.0
2861	45.0	15.0	35.0
2897	55.0	25.0	20.0
2933	45.0	15.0	25.0
2969	50.0	25.0	30.0
3005	55.0	20.0	25.0
3041	45.0	20.0	30.0
3077	65.0	30.0	25.0
3113	60.0	30.0	10.0
3149	45.0	30.0	20.0
3185	50.0	25.0	30.0
3221	45.0	35.0	25.0
3257	45.0	20.0	25.0
3293	45.0	25.0	30.0
3329	50.0	30.0	25.0
3365	50.0	40.0	20.0
3401	50.0	40.0	20.0
3437	60.0	50.0	5.0
3473	50.0	35.0	10.0
3509	30.0	30.0	25.0
3545	50.0	25.0	25.0
3581	50.0	20.0	25.0
3617	40.0	45.0	35.0
3653	40.0	40.0	20.0
3689	30.0	40.0	15.0
3725	25.0	45.0	20.0
3761	30.0	30.0	25.0
3797	40.0	20.0	25.0
3833	40.0	35.0	20.0
3869	50.0	45.0	25.0
3905	50.0	30.0	35.0
3941	50.0	20.0	25.0
3977	60.0	50.0	15.0
4013	50.0	55.0	20.0
4049	50.0	25.0	25.0
4085	60.0	15.0	45.0
4121	50.0	40.0	15.0
4157	60.0	50.0	5.0
4193	50.0	40.0	10.0
4229	50.0	20.0	20.0
4265	45.0	40.0	15.0
4301	25.0	45.0	30.0
4337	45.0	40.0	15.0
4373	65.0	35.0	10.0
4409	50.0	30.0	15.0
4445	40.0	50.0	15.0
4481	20.0	55.0	35.0
4517	40.0	30.0	35.0
4553	70.0	15.0	30.0
4589	80.0	20.0	25.0
4625	55.0	20.0	35.0
4661	45.0	25.0	25.0
4697	50.0	35.0	20.0
4733	60.0	30.0	20.0
4769	55.0	25.0	25.0
4805	40.0	20.0	40.0
4841	30.0	20.0	20.0
4877	15.0	25.0	25.0
4913	25.0	35.0	40.0
4949	40.0	25.0	45.0
4985	25.0	50.0	50.0
5021	15.0	50.0	40.0
5057	25.0	45.0	50.0
5093	25.0	55.0	60.0
5129	20.0	55.0	50.0
5165	15.0	60.0	40.0
5201	25.0	55.0	25.0
5237	35.0	45.0	15.0
5273	25.0	40.0	25.0
5309	5.0	45.0	60.0
5345	10.0	60.0	45.0
5381	20.0	55.0	30.0
5417	25.0	40.0	35.0
5453	25.0	35.0	35.0
5489	10.0	35.0	45.0
5525	20.0	40.0	40.0
5561	35.0	60.0	20.0
5597	35.0	35.0	35.0
5633	25.0	30.0	35.0
5669	20.0	50.0	35.0
5705	30.0	45.0	30.0
5741	35.0	35.0	30.0
5777	30.0	40.0	35.0
5813	35.0	35.0	40.0
5849	30.0	35.0	30.0
5885	25.0	50.0	15.0
5921	10.0	50.0	25.0
5957	10.0	40.0	45.0
5993	25.0	20.0	40.0
6029	15.0	20.0	30.0
6065	20.0	25.0	35.0
6101	10.0	45.0	30.0
6137	10.0	40.0	35.0
6173	15.0	45.0	35.0
6209	10.0	55.0	50.0
6245	20.0	40.0	35.0
6281	10.0	35.0	15.0
6317	15.0	25.0	30.0
6353	5.0	45.0	30.0
6389	10.0	75.0	45.0
6425	10.0	60.0	50.0
6461	25.0	45.0	45.0
6497	15.0	40.0	35.0
6533	5.0	50.0	40.0
6569	5.0	40.0	45.0
6605	10.0	40.0	55.0
6641	25.0	40.0	45.0
6677	20.0	30.0	45.0
6713	30.0	30.0	50.0
6749	25.0	35.0	25.0
6785	15.0	50.0	30.0
6821	15.0	35.0	35.0
6857	15.0	40.0	35.0
6893	15.0	35.0	40.0
6929	15.0	50.0	35.0
6965	10.0	45.0	55.0
7001	10.0	45.0	50.0
7037	15.0	35.0	25.0
7073	10.0	25.0	40.0
7109	5.0	40.0	40.0
7145	5.0	35.0	40.0
7181	10.0	45.0	55.0
7217	15.0	40.0	50.0
7253	10.0	45.0	40.0
7289	15.0	35.0	55.0
7325	35.0	30.0	25.0
7361	20.0	35.0	50.0
7397	15.0	35.0	35.0
7433	10.0	35.0	40.0
7469	25.0	40.0	60.0
7505	25.0	25.0	35.0
7541	35.0	25.0	20.0
7577	25.0	20.0	30.0
7613	10.0	40.0	50.0
7649	25.0	50.0	35.0
7685	45.0	40.0	50.0
7721	20.0	50.0	60.0
7757	5.0	45.0	60.0
7793	10.0	45.0	45.0
7829	20.0	45.0	45.0
7865	5.0	30.0	35.0
7901	20.0	15.0	25.0
7937	25.0	35.0	30.0
7973	30.0	40.0	30.0
8009	45.0	20.0	20.0
8045	40.0	40.0	35.0
8081	40.0	55.0	30.0
8117	25.0	50.0	25.0
8153	40.0	20.0	25.0
8189	35.0	25.0	30.0
8225	45.0	50.0	15.0
8261	55.0	40.0	10.0
8297	45.0	30.0	20.0
8333	50.0	30.0	20.0
8369	40.0	55.0	15.0
8405	20.0	45.0	20.0
8441	15.0	20.0	35.0
8477	30.0	20.0	45.0
8513	35.0	35.0	30.0
8549	45.0	40.0	20.0
8585	45.0	40.0	10.0
8621	45.0	25.0	15.0
8657	45.0	30.0	25.0
8693	30.0	40.0	20.0
8729	25.0	40.0	5.0
8765	45.0	25.0	0.0
8801	40.0	40.0	0.0
8837	45.0	40.0	5.0
8873	35.0	30.0	10.0
8909	30.0	35.0	5.0
8945	40.0	35.0	10.0
8981	35.0	25.0	15.0
9017	45.0	40.0	20.0
9053	55.0	45.0	10.0
9089	50.0	35.0	10.0
9125	40.0	35.0	10.0
9161	50.0	40.0	0.0
9197	40.0	50.0	5.0
9233	50.0	45.0	5.0
9269	45.0	35.0	0.0
9305	30.0	45.0	10.0
9341	35.0	50.0	10.0
9377	50.0	45.0	10.0
9413	45.0	25.0	20.0
9449	20.0	30.0	20.0
9485	35.0	20.0	15.0
9521	45.0	30.0	10.0
9557	30.0	45.0	0.0
9593	35.0	45.0	5.0
9629	40.0	45.0	15.0
9665	30.0	40.0	20.0
9701	45.0	30.0	5.0
9737	50.0	30.0	10.0
9773	35.0	40.0	15.0
9809	40.0	45.0	15.0
9845	40.0	40.0	10.0
9881	30.0	35.0	10.0
9917	35.0	50.0	5.0
9953	40.0	55.0	0.0
9989	35.0	35.0	0.0
10025	25.0	30.0	5.0
10061	25.0	30.0	0.0
10097	35.0	50.0	0.0
10133	15.0	50.0	5.0
10169	40.0	55.0	0.0
10205	45.0	60.0	10.0
10241	35.0	40.0	10.0
10277	40.0	35.0	5.0
10313	45.0	30.0	15.0
10349	55.0	30.0	15.0
10385	45.0	45.0	5.0
10421	35.0	60.0	5.0
10457	45.0	50.0	15.0
10493	50.0	50.0	15.0
10529	35.0	40.0	5.0
10565	40.0	45.0	10.0
10601	40.0	40.0	15.0
10637	15.0	30.0	15.0
10673	25.0	20.0	5.0
10709	40.0	45.0	5.0
10745	40.0	55.0	5.0
10781	35.0	50.0	5.0
10817	25.0	50.0	5.0
10853	20.0	55.0	15.0
10889	30.0	40.0	10.0
10925	50.0	30.0	0.0
10961	45.0	35.0	5.0
10997	30.0	45.0	5.0
11033	30.0	45.0	10.0
11069	30.0	30.0	5.0
11105	45.0	40.0	0.0
11141	45.0	50.0	5.0
11177	50.0	60.0	5.0
11213	30.0	55.0	0.0
11249	25.0	45.0	20.0
11285	35.0	35.0	10.0
11321	50.0	40.0	5.0
11357	40.0	35.0	5.0
11393	25.0	25.0	0.0
11429	45.0	40.0	0.0
11465	45.0	45.0	5.0
11501	35.0	30.0	25.0
11537	50.0	30.0	25.0
11573	40.0	30.0	10.0
11609	30.0	40.0	0.0
11645	35.0	60.0	5.0
11681	40.0	50.0	15.0
11717	30.0	55.0	5.0
11753	40.0	65.0	0.0
11789	55.0	45.0	5.0
11825	50.0	20.0	10.0
11861	30.0	25.0	15.0
11897	45.0	40.0	5.0
11933	65.0	55.0	0.0
11969	45.0	45.0	15.0
12005	30.0	45.0	20.0
12041	35.0	55.0	10.0
12077	40.0	35.0	10.0
12113	40.0	40.0	40.0
12149	40.0	50.0	30.0
12185	30.0	40.0	25.0
12221	15.0	30.0	25.0
12257	20.0	30.0	10.0
12293	45.0	60.0	5.0
12329	55.0	80.0	5.0
12365	35.0	65.0	5.0
12401	45.0	55.0	5.0
12437	45.0	50.0	20.0
12473	30.0	60.0	15.0
12509	45.0	50.0	0.0
12545	30.0	25.0	15.0
12581	30.0	25.0	10.0
12617	45.0	35.0	0.0
12653	35.0	45.0	15.0
12689	25.0	50.0	15.0
12725	20.0	45.0	15.0
12761	15.0	40.0	20.0
12797	20.0	30.0	10.0
12833	30.0	35.0	5.0
12869	35.0	35.0	0.0
12905	35.0	40.0	5.0
12941	30.0	25.0	0.0
12977	25.0	15.0	0.0
13013	35.0	30.0	0.0
13049	25.0	35.0	10.0
13085	35.0	30.0	15.0
13121	30.0	45.0	5.0
13157	30.0	30.0	10.0
13193	55.0	30.0	10.0
13229	45.0	40.0	10.0
13265	40.0	50.0	15.0
13301	40.0	40.0	20.0
13337	50.0	25.0	0.0
13373	40.0	25.0	15.0
13409	40.0	25.0	15.0
13445	30.0	40.0	10.0
13481	25.0	40.0	10.0
13517	40.0	25.0	15.0
13553	25.0	5.0	10.0
13589	30.0	30.0	5.0
13625	35.0	35.0	15.0
13661	20.0	25.0	5.0
13697	30.0	45.0	5.0
13733	25.0	25.0	10.0
13769	35.0	45.0	15.0
13805	40.0	35.0	25.0
13841	30.0	45.0	25.0
13877	40.0	50.0	15.0
13913	25.0	30.0	30.0
13949	20.0	25.0	40.0
13985	30.0	10.0	30.0
14021	40.0	25.0	20.0
14057	30.0	30.0	30.0
14093	35.0	30.0	25.0
14129	35.0	25.0	15.0
14165	25.0	10.0	40.0
14201	30.0	15.0	55.0
14237	45.0	10.0	35.0
14273	45.0	20.0	20.0
14309	30.0	20.0	20.0
14345	35.0	30.0	25.0
14381	20.0	20.0	45.0
14417	30.0	25.0	35.0
14453	30.0	30.0	30.0
14489	35.0	25.0	30.0
14525	55.0	20.0	15.0
14561	40.0	15.0	10.0
14597	30.0	25.0	20.0
14633	30.0	50.0	20.0
14669	35.0	45.0	10.0
14705	50.0	20.0	20.0
14741	40.0	10.0	40.0
14777	50.0	15.0	35.0
14813	45.0	20.0	40.0
14849	45.0	25.0	40.0
14885	45.0	30.0	25.0
14921	70.0	15.0	20.0
14957	45.0	15.0	15.0
14993	15.0	40.0	30.0
15029	30.0	60.0	40.0
15065	20.0	55.0	40.0
15101	20.0	40.0	25.0
15137	15.0	40.0	55.0
15173	15.0	40.0	55.0
15209	25.0	35.0	50.0
15245	5.0	45.0	45.0
15281	10.0	45.0	50.0
15317	20.0	35.0	25.0
15353	25.0	30.0	25.0
15389	40.0	20.0	25.0
15425	50.0	30.0	25.0
15461	45.0	35.0	35.0
15497	35.0	35.0	35.0
15533	25.0	35.0	30.0
15569	45.0	40.0	20.0
15605	65.0	25.0	15.0
15641	70.0	35.0	20.0
15677	50.0	35.0	25.0
15713	35.0	25.0	25.0
15749	50.0	15.0	35.0
15785	40.0	20.0	30.0
15821	30.0	35.0	15.0
15857	35.0	25.0	20.0
15893	30.0	30.0	25.0
15929	25.0	35.0	20.0
15965	40.0	45.0	25.0
16001	30.0	75.0	30.0
16037	15.0	75.0	25.0
16073	15.0	60.0	25.0
16109	20.0	70.0	35.0
16145	30.0	45.0	50.0
16181	35.0	30.0	55.0
16217	35.0	35.0	50.0
16253	30.0	50.0	30.0
16289	20.0	60.0	35.0
16325	15.0	70.0	30.0
16361	15.0	75.0	25.0
16397	20.0	60.0	30.0
16433	25.0	40.0	35.0
16469	15.0	60.0	25.0
16505	20.0	40.0	25.0
16541	15.0	35.0	55.0
16577	20.0	55.0	50.0
16613	20.0	50.0	20.0
16649	15.0	60.0	25.0
16685	30.0	60.0	35.0
16721	45.0	55.0	20.0
16757	30.0	45.0	20.0
16793	30.0	35.0	45.0
16829	30.0	60.0	40.0
16865	35.0	45.0	30.0
16901	40.0	35.0	25.0
16937	25.0	40.0	35.0
16973	40.0	40.0	40.0
17009	25.0	30.0	40.0
17045	20.0	50.0	45.0
17081	35.0	45.0	20.0
17117	35.0	25.0	15.0
17153	40.0	30.0	35.0
17189	45.0	35.0	30.0
17225	60.0	35.0	20.0
17261	45.0	35.0	30.0
17297	45.0	35.0	25.0
17333	45.0	35.0	30.0
17369	50.0	45.0	15.0
17405	60.0	50.0	5.0
17441	60.0	50.0	10.0
17477	70.0	35.0	20.0
17513	60.0	25.0	15.0
17549	60.0	45.0	15.0
17585	45.0	40.0	35.0
17621	50.0	50.0	25.0
17657	60.0	45.0	15.0
17693	55.0	50.0	15.0
17729	30.0	50.0	25.0
17765	45.0	45.0	20.0
17801	55.0	45.0	15.0
17837	50.0	35.0	35.0
17873	50.0	30.0	50.0
17909	40.0	35.0	35.0
17945	30.0	40.0	35.0
17981	40.0	40.0	30.0
18017	40.0	35.0	25.0
18053	35.0	25.0	35.0
18089	45.0	30.0	35.0
18125	40.0	50.0	20.0
18161	30.0	45.0	25.0
18197	30.0	55.0	35.0
18233	40.0	45.0	40.0
18269	55.0	35.0	25.0
18305	60.0	40.0	20.0
18341	60.0	25.0	20.0
18377	60.0	35.0	15.0
18413	45.0	40.0	25.0
18449	40.0	40.0	45.0
18485	40.0	50.0	30.0
18521	35.0	45.0	30.0
18557	45.0	40.0	30.0
18593	45.0	50.0	30.0
18629	45.0	40.0	25.0
18665	50.0	25.0	25.0
18701	25.0	30.0	25.0
18737	15.0	60.0	25.0
18773	10.0	55.0	30.0
18809	15.0	70.0	40.0
18845	15.0	55.0	40.0
18881	15.0	45.0	30.0
18917	15.0	45.0	35.0
18953	20.0	55.0	40.0
18989	10.0	55.0	40.0
19025	10.0	55.0	20.0
19061	20.0	65.0	15.0
19097	15.0	30.0	25.0
19133	15.0	30.0	15.0
19169	20.0	45.0	10.0
19205	30.0	40.0	25.0
19241	15.0	55.0	35.0
19277	25.0	45.0	30.0
19313	20.0	50.0	45.0
19349	30.0	50.0	30.0
19385	15.0	45.0	40.0
19421	30.0	40.0	30.0
19457	35.0	35.0	20.0
19493	45.0	45.0	25.0
19529	35.0	55.0	40.0
19565	25.0	45.0	45.0
19601	20.0	35.0	40.0
19637	30.0	35.0	45.0
19673	50.0	35.0	40.0
19709	40.0	25.0	25.0
19745	30.0	15.0	30.0
19781	45.0	35.0	25.0
19817	40.0	30.0	20.0
19853	50.0	15.0	35.0
19889	55.0	40.0	25.0
19925	40.0	45.0	20.0
19961	50.0	50.0	20.0
19997	45.0	35.0	20.0
20033	50.0	15.0	25.0
20069	45.0	35.0	25.0
20105	40.0	35.0	30.0
20141	50.0	40.0	30.0
20177	60.0	40.0	10.0
20213	45.0	50.0	0.0
20249	45.0	40.0	5.0
20285	50.0	40.0	10.0
20321	45.0	40.0	5.0
20357	60.0	35.0	15.0
20393	55.0	45.0	15.0
20429	30.0	40.0	15.0
20465	25.0	25.0	45.0
20501	20.0	10.0	65.0
20537	15.0	15.0	60.0
20573	25.0	20.0	45.0
20609	40.0	15.0	45.0
20645	25.0	10.0	55.0
20681	35.0	15.0	50.0
20717	30.0	15.0	40.0
20753	40.0	20.0	40.0
20789	35.0	25.0	45.0
20825	30.0	25.0	45.0
20861	35.0	10.0	40.0
20897	25.0	35.0	20.0
20933	30.0	40.0	25.0
20969	40.0	20.0	45.0
21005	35.0	25.0	40.0
21041	30.0	20.0	45.0
21077	45.0	15.0	40.0
21113	30.0	20.0	20.0
21149	35.0	25.0	20.0
21185	25.0	25.0	40.0
21221	20.0	25.0	45.0
21257	15.0	25.0	30.0
21293	15.0	30.0	35.0
21329	15.0	35.0	35.0
21365	15.0	20.0	35.0
21401	5.0	30.0	50.0
21437	35.0	25.0	40.0
21473	45.0	20.0	45.0
21509	50.0	20.0	45.0
21545	45.0	20.0	35.0
21581	35.0	35.0	25.0
21617	30.0	15.0	30.0
21653	55.0	15.0	25.0
21689	45.0	10.0	25.0
21725	20.0	15.0	25.0
21761	35.0	25.0	40.0
21797	50.0	20.0	50.0
21833	55.0	20.0	55.0
21869	45.0	30.0	55.0
21905	40.0	15.0	50.0
21941	45.0	25.0	45.0
21977	35.0	25.0	50.0
22013	35.0	15.0	70.0
22049	40.0	20.0	55.0
22085	35.0	25.0	50.0
22121	40.0	30.0	40.0
22157	45.0	45.0	30.0
22193	40.0	25.0	35.0
22229	50.0	10.0	40.0
22265	55.0	10.0	40.0
22301	45.0	15.0	55.0
22337	30.0	30.0	65.0
22373	40.0	25.0	55.0
22409	55.0	20.0	35.0
22445	50.0	10.0	55.0
22481	35.0	25.0	65.0
22517	45.0	40.0	40.0
22553	35.0	35.0	50.0
22589	35.0	40.0	55.0
22625	50.0	30.0	55.0
22661	50.0	25.0	55.0
22697	55.0	30.0	45.0
22733	50.0	20.0	25.0
22769	25.0	30.0	15.0
22805	30.0	10.0	30.0
22841	40.0	20.0	30.0
22877	55.0	20.0	20.0
22913	50.0	20.0	25.0
22949	45.0	35.0	10.0
22985	40.0	45.0	15.0
23021	45.0	35.0	10.0
23057	50.0	35.0	10.0
23093	40.0	30.0	20.0
23129	55.0	30.0	20.0
23165	40.0	35.0	25.0
23201	60.0	60.0	15.0
23237	40.0	45.0	25.0
23273	25.0	20.0	30.0
23309	25.0	20.0	35.0
23345	25.0	35.0	30.0
23381	40.0	40.0	25.0
23417	35.0	30.0	45.0
23453	20.0	50.0	20.0
23489	15.0	35.0	25.0
23525	25.0	30.0	30.0
23561	25.0	55.0	20.0
23597	20.0	60.0	10.0
23633	15.0	35.0	35.0
23669	5.0	35.0	45.0
23705	10.0	40.0	35.0
23741	20.0	30.0	40.0
23777	25.0	50.0	20.0
23813	30.0	45.0	20.0
23849	35.0	25.0	40.0
23885	30.0	5.0	45.0
23921	30.0	20.0	30.0
23957	35.0	40.0	30.0
23993	50.0	15.0	25.0
24029	60.0	20.0	30.0
24065	40.0	25.0	30.0
24101	20.0	55.0	50.0
24137	20.0	50.0	50.0
24173	25.0	40.0	40.0
24209	15.0	45.0	35.0
24245	15.0	30.0	30.0
24281	20.0	30.0	30.0
24317	45.0	25.0	35.0
24353	35.0	35.0	35.0
24389	15.0	55.0	40.0
24425	20.0	55.0	30.0
24461	20.0	55.0	35.0
24497	10.0	60.0	35.0
24533	10.0	55.0	30.0
24569	30.0	30.0	25.0
24605	30.0	25.0	20.0
24641	40.0	30.0	15.0
24677	30.0	40.0	20.0
24713	25.0	30.0	35.0
24749	30.0	35.0	25.0
24785	45.0	20.0	15.0
24821	50.0	45.0	20.0
24857	50.0	40.0	10.0
24893	45.0	35.0	5.0
24929	35.0	30.0	25.0
24965	35.0	20.0	25.0
25001	30.0	25.0	25.0
25037	35.0	30.0	35.0
25073	35.0	20.0	30.0
25109	30.0	15.0	30.0
25145	10.0	25.0	20.0
25181	40.0	40.0	40.0
25217	30.0	50.0	25.0
25253	40.0	35.0	35.0
25289	30.0	40.0	25.0
25325	10.0	45.0	35.0
25361	15.0	45.0	45.0
25397	15.0	40.0	40.0
25433	30.0	55.0	20.0
25469	25.0	40.0	35.0
25505	10.0	45.0	35.0
25541	10.0	60.0	40.0
25577	25.0	45.0	20.0
25613	25.0	35.0	20.0
25649	15.0	65.0	25.0
25685	20.0	50.0	35.0
25721	20.0	35.0	35.0
25757	20.0	30.0	30.0
25793	15.0	35.0	35.0
25829	25.0	40.0	30.0
25865	40.0	35.0	35.0
25901	35.0	45.0	35.0
25937	35.0	40.0	15.0
25973	45.0	35.0	10.0
26009	50.0	30.0	15.0
26045	40.0	35.0	10.0
26081	30.0	25.0	15.0
26117	35.0	30.0	30.0
26153	60.0	25.0	30.0
26189	65.0	15.0	20.0
26225	45.0	20.0	30.0
26261	40.0	25.0	15.0
26297	40.0	25.0	10.0
26333	35.0	40.0	5.0
26369	45.0	40.0	5.0
26405	30.0	25.0	10.0
26441	35.0	35.0	25.0
26477	55.0	50.0	25.0
26513	45.0	35.0	20.0
26549	30.0	35.0	10.0
26585	45.0	40.0	20.0
26621	60.0	35.0	30.0
26657	50.0	45.0	15.0
26693	55.0	40.0	20.0
26729	40.0	25.0	30.0
26765	20.0	30.0	30.0
26801	30.0	20.0	35.0
26837	45.0	35.0	20.0
26873	40.0	30.0	30.0
26909	40.0	15.0	30.0
26945	55.0	30.0	10.0
26981	55.0	30.0	20.0
27017	50.0	30.0	20.0
27053	45.0	30.0	20.0
27089	60.0	35.0	10.0
27125	55.0	40.0	10.0
27161	50.0	40.0	15.0
27197	35.0	40.0	15.0
27233	35.0	45.0	15.0
27269	40.0	50.0	20.0
27305	55.0	45.0	10.0
27341	55.0	45.0	20.0
27377	45.0	45.0	20.0
27413	50.0	50.0	15.0
27449	50.0	50.0	15.0
27485	45.0	20.0	35.0
27521	55.0	15.0	35.0
27557	45.0	15.0	20.0
27593	35.0	35.0	10.0
27629	25.0	60.0	5.0
27665	40.0	55.0	10.0
27701	35.0	55.0	25.0
27737	45.0	60.0	15.0
27773	35.0	45.0	15.0
27809	40.0	45.0	20.0
27845	50.0	50.0	15.0
27881	60.0	65.0	10.0
27917	40.0	30.0	20.0
27953	50.0	50.0	5.0
27989	50.0	55.0	15.0
28025	45.0	50.0	25.0
28061	50.0	25.0	15.0
28097	45.0	35.0	5.0
28133	30.0	50.0	5.0
28169	25.0	60.0	5.0
28205	40.0	35.0	5.0
28241	40.0	25.0	0.0
28277	45.0	30.0	15.0
28313	30.0	40.0	20.0
28349	35.0	50.0	25.0
28385	30.0	50.0	20.0
28421	40.0	55.0	10.0
28457	55.0	45.0	15.0
28493	35.0	40.0	25.0
28529	55.0	40.0	10.0
28565	60.0	50.0	10.0
28601	40.0	40.0	15.0
28637	30.0	30.0	15.0
28673	30.0	45.0	20.0
28709	35.0	40.0	30.0
28745	30.0	45.0	20.0
28781	30.0	35.0	20.0
28817	35.0	25.0	20.0
28853	30.0	35.0	20.0
28889	15.0	50.0	25.0
28925	30.0	45.0	45.0
28961	35.0	40.0	15.0
28997	40.0	30.0	20.0
29033	40.0	15.0	45.0
29069	45.0	30.0	20.0
29105	40.0	35.0	5.0
29141	45.0	40.0	5.0
29177	30.0	45.0	20.0
29213	20.0	40.0	20.0
29249	25.0	20.0	35.0
29285	20.0	40.0	20.0
29321	20.0	40.0	25.0
29357	25.0	40.0	25.0
29393	40.0	20.0	30.0
29429	45.0	20.0	25.0
29465	40.0	20.0	20.0
29501	30.0	30.0	35.0
29537	35.0	30.0	30.0
29573	40.0	35.0	15.0
29609	35.0	25.0	20.0
29645	45.0	40.0	20.0
29681	55.0	35.0	15.0
29717	45.0	30.0	20.0
29753	45.0	45.0	20.0
29789	35.0	45.0	30.0
29825	20.0	45.0	30.0
29861	25.0	35.0	25.0
29897	35.0	25.0	30.0
29933	35.0	20.0	35.0
29969	35.0	35.0	45.0
30005	30.0	10.0	30.0
30041	25.0	30.0	20.0
30077	30.0	50.0	5.0
30113	60.0	65.0	5.0
30149	55.0	65.0	10.0
30185	45.0	55.0	5.0
30221	65.0	55.0	5.0
30257	60.0	45.0	20.0
30293	55.0	35.0	15.0
30329	60.0	50.0	5.0
30365	40.0	50.0	25.0
30401	35.0	35.0	25.0
30437	40.0	50.0	20.0
30473	30.0	40.0	20.0
30509	50.0	35.0	10.0
30545	45.0	45.0	0.0
30581	55.0	50.0	10.0
30617	50.0	25.0	15.0
30653	25.0	15.0	25.0
30689	45.0	35.0	30.0
30725	55.0	35.0	15.0
30761	40.0	40.0	25.0
30797	50.0	50.0	30.0
30833	50.0	65.0	10.0
30869	60.0	55.0	0.0
30905	50.0	50.0	5.0
30941	50.0	40.0	15.0
30977	55.0	30.0	15.0
31013	30.0	30.0	15.0
31049	50.0	60.0	10.0
31085	45.0	45.0	20.0
31121	50.0	45.0	15.0
31157	50.0	55.0	5.0
31193	75.0	45.0	10.0
31229	80.0	45.0	15.0
31265	70.0	45.0	10.0
31301	75.0	25.0	10.0
31337	45.0	20.0	25.0
31373	45.0	15.0	30.0
31409	40.0	25.0	20.0
31445	45.0	35.0	15.0
31481	55.0	40.0	15.0
31517	60.0	30.0	20.0
31553	50.0	55.0	5.0
31589	50.0	45.0	10.0
31625	40.0	40.0	15.0
31661	45.0	50.0	15.0
31697	50.0	60.0	10.0
31733	40.0	65.0	10.0
31769	50.0	55.0	20.0
31805	55.0	60.0	10.0
31841	35.0	50.0	15.0
31877	45.0	35.0	15.0
31913	55.0	55.0	0.0
31949	50.0	60.0	10.0
31985	45.0	40.0	30.0
32021	55.0	30.0	35.0
32057	55.0	25.0	20.0
32093	45.0	50.0	5.0
32129	65.0	55.0	5.0
32165	45.0	30.0	25.0
32201	35.0	55.0	10.0
32237	50.0	40.0	15.0
32273	55.0	35.0	15.0
32309	35.0	35.0	20.0
32345	30.0	45.0	30.0
32381	25.0	35.0	50.0
32417	25.0	40.0	50.0
32453	25.0	60.0	50.0
32489	25.0	55.0	40.0
32525	20.0	50.0	35.0
32561	15.0	55.0	30.0
32597	20.0	50.0	55.0
32633	30.0	25.0	45.0
32669	25.0	40.0	45.0
32705	15.0	55.0	40.0
32741	25.0	45.0	35.0
32777	15.0	40.0	35.0
32813	15.0	20.0	45.0
32849	30.0	25.0	55.0
32885	30.0	50.0	40.0
32921	30.0	55.0	25.0
32957	35.0	55.0	25.0
32993	20.0	50.0	35.0
33029	15.0	65.0	35.0
33065	20.0	50.0	55.0
33101	20.0	45.0	40.0
33137	15.0	50.0	50.0
33173	20.0	45.0	50.0
33209	15.0	50.0	40.0
33245	5.0	50.0	45.0
33281	5.0	55.0	55.0
33317	15.0	55.0	45.0
33353	20.0	65.0	55.0
33389	30.0	40.0	55.0
33425	15.0	45.0	55.0
33461	10.0	50.0	50.0
33497	15.0	45.0	55.0
33533	5.0	45.0	30.0
33569	15.0	45.0	25.0
33605	40.0	50.0	15.0
33641	25.0	60.0	30.0
33677	25.0	50.0	40.0
33713	15.0	55.0	60.0
33749	10.0	45.0	35.0
33785	30.0	35.0	35.0
33821	45.0	40.0	40.0
33857	45.0	30.0	45.0
33893	25.0	40.0	35.0
33929	30.0	35.0	30.0
33965	35.0	25.0	30.0
34001	25.0	20.0	60.0
34037	25.0	20.0	70.0
34073	30.0	20.0	60.0
34109	50.0	25.0	45.0
34145	50.0	10.0	60.0
34181	35.0	15.0	40.0
34217	40.0	15.0	55.0
34253	40.0	15.0	60.0
34289	35.0	20.0	45.0
34325	30.0	20.0	40.0
34361	40.0	20.0	50.0
34397	60.0	15.0	70.0
34433	40.0	15.0	60.0
34469	20.0	25.0	60.0
34505	25.0	30.0	50.0
34541	35.0	20.0	45.0
34577	40.0	10.0	45.0
34613	50.0	5.0	40.0
34649	30.0	15.0	50.0
34685	35.0	10.0	40.0
34721	55.0	20.0	35.0
34757	55.0	10.0	50.0
34793	35.0	10.0	55.0
34829	25.0	20.0	60.0
34865	35.0	25.0	65.0
34901	40.0	15.0	60.0
34937	25.0	25.0	60.0
34973	15.0	20.0	60.0
35009	20.0	5.0	60.0
35045	30.0	25.0	60.0
35081	25.0	25.0	45.0
35117	35.0	20.0	55.0
35153	40.0	25.0	50.0
35189	30.0	25.0	40.0
35225	45.0	10.0	55.0
35261	50.0	15.0	40.0
35297	45.0	15.0	50.0
35333	30.0	15.0	55.0
35369	25.0	15.0	70.0
35405	45.0	10.0	60.0
35441	35.0	25.0	45.0
35477	30.0	10.0	55.0
35513	55.0	10.0	65.0
35549	55.0	20.0	45.0
35585	60.0	25.0	35.0
35621	60.0	15.0	50.0
35657	50.0	15.0	45.0
35693	40.0	10.0	35.0
35729	45.0	5.0	65.0
35765	50.0	15.0	65.0
35801	40.0	25.0	55.0
35837	45.0	25.0	55.0
35873	35.0	20.0	45.0
35909	20.0	35.0	35.0
35945	25.0	40.0	35.0
35981	40.0	15.0	40.0
36017	35.0	10.0	60.0
36053	20.0	25.0	55.0
36089	15.0	30.0	45.0
36125	30.0	30.0	30.0
36161	35.0	25.0	55.0
36197	35.0	20.0	55.0
36233	45.0	25.0	45.0
36269	45.0	30.0	45.0
36305	50.0	25.0	50.0
36341	40.0	20.0	50.0
36377	15.0	35.0	40.0
36413	15.0	35.0	35.0
36449	35.0	25.0	50.0
36485	35.0	25.0	55.0
36521	35.0	15.0	50.0
36557	40.0	15.0	55.0
36593	35.0	35.0	45.0
36629	30.0	20.0	40.0
36665	30.0	5.0	45.0
36701	30.0	20.0	45.0
36737	35.0	25.0	55.0
36773	45.0	20.0	30.0
36809	40.0	15.0	30.0
36845	25.0	10.0	45.0
36881	25.0	20.0	35.0
36917	35.0	15.0	35.0
36953	25.0	25.0	25.0
36989	20.0	20.0	35.0
37025	25.0	20.0	45.0
37061	20.0	40.0	25.0
37097	45.0	30.0	35.0
37133	55.0	0.0	55.0
37169	30.0	15.0	55.0
37205	40.0	25.0	50.0
37241	40.0	25.0	55.0
37277	20.0	20.0	40.0
37313	35.0	15.0	45.0
37349	55.0	10.0	65.0
37385	50.0	10.0	70.0
37421	55.0	10.0	65.0
37457	45.0	10.0	60.0
37493	50.0	15.0	55.0
37529	40.0	10.0	40.0
37565	35.0	25.0	40.0
37601	30.0	20.0	40.0
37637	25.0	15.0	60.0
37673	30.0	5.0	65.0
37709	30.0	20.0	55.0
37745	40.0	10.0	65.0
37781	40.0	0.0	40.0
37817	25.0	10.0	50.0
37853	55.0	10.0	50.0
37889	45.0	15.0	45.0
37925	45.0	30.0	45.0
37961	30.0	30.0	30.0
37997	40.0	20.0	35.0
38033	35.0	25.0	60.0
38069	25.0	25.0	60.0
38105	30.0	10.0	65.0
38141	35.0	20.0	45.0
38177	60.0	5.0	55.0
38213	55.0	5.0	65.0
38249	30.0	20.0	50.0
38285	40.0	10.0	55.0
38321	55.0	25.0	50.0
38357	40.0	35.0	40.0
38393	25.0	30.0	50.0
38429	25.0	20.0	40.0
38465	40.0	25.0	50.0
38501	40.0	25.0	50.0
38537	35.0	30.0	40.0
38573	50.0	25.0	40.0
38609	55.0	15.0	55.0
38645	45.0	25.0	45.0
38681	30.0	50.0	30.0
38717	30.0	50.0	30.0
38753	50.0	20.0	45.0
38789	50.0	15.0	30.0
38825	35.0	35.0	25.0
38861	35.0	25.0	40.0
38897	25.0	10.0	40.0
38933	50.0	10.0	40.0
38969	40.0	15.0	35.0
39005	30.0	10.0	45.0
39041	20.0	20.0	50.0
39077	30.0	20.0	50.0
39113	40.0	10.0	45.0
39149	40.0	10.0	25.0
39185	45.0	10.0	25.0
39221	45.0	10.0	55.0
39257	45.0	5.0	65.0
39293	40.0	10.0	60.0
39329	40.0	10.0	70.0
39365	45.0	10.0	50.0
39401	40.0	10.0	40.0
39437	35.0	15.0	45.0
39473	30.0	15.0	50.0
39509	35.0	0.0	55.0
39545	50.0	10.0	60.0
39581	55.0	15.0	45.0
39617	30.0	30.0	55.0
39653	15.0	20.0	55.0
39689	25.0	15.0	45.0
39725	25.0	25.0	40.0
39761	35.0	15.0	55.0
39797	50.0	15.0	55.0
39833	40.0	15.0	65.0
39869	35.0	20.0	60.0
39905	35.0	25.0	35.0
39941	40.0	15.0	30.0
39977	15.0	25.0	40.0
40013	25.0	10.0	40.0
40049	45.0	5.0	40.0
40085	35.0	0.0	50.0
40121	35.0	10.0	60.0
40157	35.0	5.0	55.0
40193	25.0	10.0	50.0
40229	25.0	25.0	55.0
40265	30.0	15.0	65.0
40301	30.0	20.0	40.0
40337	40.0	20.0	40.0
40373	55.0	15.0	45.0
40409	45.0	20.0	40.0
40445	40.0	35.0	35.0
40481	20.0	35.0	50.0
40517	30.0	25.0	45.0
40553	40.0	25.0	40.0
40589	35.0	25.0	40.0
40625	45.0	40.0	40.0
40661	40.0	40.0	35.0
40697	45.0	25.0	45.0
40733	45.0	10.0	40.0
40769	50.0	0.0	40.0
40805	55.0	5.0	45.0
40841	60.0	15.0	45.0
40877	35.0	15.0	45.0
40913	75.0	20.0	25.0
40949	60.0	25.0	25.0
40985	35.0	30.0	35.0
41021	35.0	30.0	40.0
41057	40.0	25.0	45.0
41093	40.0	25.0	55.0
41129	35.0	25.0	55.0
41165	40.0	10.0	55.0
41201	45.0	10.0	50.0
41237	35.0	20.0	45.0
41273	45.0	15.0	25.0
41309	35.0	35.0	35.0
41345	30.0	30.0	40.0
41381	50.0	15.0	35.0
41417	55.0	15.0	30.0
41453	50.0	15.0	25.0
41489	50.0	20.0	20.0
41525	50.0	20.0	45.0
41561	45.0	30.0	40.0
41597	50.0	25.0	30.0
41633	30.0	35.0	25.0
41669	30.0	35.0	15.0
41705	55.0	20.0	25.0
41741	45.0	30.0	35.0
41777	25.0	35.0	35.0
41813	45.0	25.0	35.0
41849	55.0	15.0	40.0
41885	45.0	20.0	45.0
41921	45.0	25.0	30.0
41957	35.0	20.0	20.0
41993	35.0	30.0	30.0
42029	40.0	25.0	55.0
42065	50.0	35.0	45.0
42101	45.0	30.0	45.0
42137	45.0	5.0	55.0
42173	40.0	15.0	45.0
42209	30.0	35.0	30.0
42245	40.0	35.0	15.0
42281	45.0	25.0	25.0
42317	55.0	20.0	35.0
42353	40.0	20.0	45.0
42389	25.0	25.0	50.0
42425	15.0	25.0	40.0
42461	45.0	20.0	40.0
42497	50.0	30.0	40.0
42533	35.0	35.0	50.0
42569	35.0	25.0	30.0
42605	45.0	30.0	35.0
42641	40.0	30.0	30.0
42677	45.0	30.0	25.0
42713	45.0	25.0	30.0
42749	50.0	30.0	25.0
42785	55.0	15.0	45.0
42821	35.0	25.0	50.0
42857	50.0	20.0	30.0
42893	60.0	10.0	25.0
42929	40.0	30.0	30.0
42965	40.0	25.0	40.0
43001	35.0	25.0	30.0
43037	45.0	20.0	25.0
43073	50.0	20.0	45.0
43109	45.0	15.0	50.0
43145	45.0	30.0	35.0
43181	50.0	30.0	15.0
43217	45.0	10.0	30.0
43253	45.0	25.0	35.0
43289	35.0	25.0	50.0
43325	50.0	20.0	45.0
43361	55.0	10.0	40.0
43397	45.0	15.0	35.0
43433	40.0	25.0	30.0
43469	60.0	20.0	30.0
43505	55.0	10.0	50.0
43541	60.0	10.0	50.0
43577	45.0	30.0	25.0
43613	35.0	30.0	40.0
43649	35.0	25.0	40.0
43685	60.0	20.0	40.0
43721	65.0	30.0	45.0
43757	60.0	15.0	50.0
43793	40.0	25.0	35.0
43829	30.0	40.0	25.0
43865	40.0	35.0	35.0
43901	65.0	25.0	40.0
43937	60.0	5.0	45.0
43973	45.0	20.0	35.0
44009	55.0	15.0	40.0
44045	70.0	10.0	50.0
44081	50.0	15.0	30.0
44117	45.0	15.0	30.0
44153	35.0	15.0	50.0
44189	45.0	15.0	35.0
44225	40.0	25.0	35.0
44261	40.0	35.0	25.0
44297	45.0	35.0	20.0
44333	30.0	25.0	20.0
44369	35.0	25.0	40.0
44405	60.0	20.0	30.0
44441	55.0	25.0	25.0
44477	45.0	30.0	25.0
44513	40.0	25.0	35.0
44549	45.0	15.0	45.0
44585	40.0	25.0	40.0
44621	40.0	30.0	20.0
44657	35.0	15.0	35.0
44693	25.0	30.0	30.0
44729	30.0	45.0	20.0
44765	30.0	45.0	20.0
44801	20.0	40.0	35.0
44837	30.0	45.0	25.0
44873	40.0	40.0	20.0
44909	40.0	55.0	10.0
44945	40.0	55.0	10.0
44981	50.0	35.0	25.0
45017	35.0	45.0	20.0
45053	35.0	35.0	15.0
45089	15.0	50.0	5.0
45125	30.0	50.0	10.0
45161	30.0	50.0	20.0
45197	40.0	55.0	20.0
45233	55.0	50.0	10.0
45269	35.0	45.0	5.0
45305	10.0	45.0	15.0
45341	20.0	45.0	25.0
45377	20.0	40.0	15.0
45413	35.0	60.0	15.0
45449	45.0	40.0	30.0
45485	35.0	35.0	40.0
45521	30.0	45.0	40.0
45557	30.0	50.0	30.0
45593	25.0	50.0	20.0
45629	20.0	45.0	40.0
45665	30.0	40.0	35.0
45701	35.0	40.0	30.0
45737	45.0	50.0	20.0
45773	50.0	45.0	25.0
45809	35.0	40.0	40.0
45845	35.0	45.0	45.0
45881	40.0	40.0	30.0
45917	35.0	30.0	25.0
45953	25.0	25.0	35.0
45989	30.0	35.0	15.0
46025	40.0	45.0	15.0
46061	45.0	60.0	15.0
46097	55.0	65.0	5.0
46133	50.0	70.0	5.0
46169	35.0	40.0	5.0
46205	35.0	25.0	15.0
46241	20.0	30.0	35.0
46277	25.0	45.0	25.0
46313	55.0	45.0	5.0
46349	45.0	40.0	10.0
46385	25.0	30.0	20.0
46421	25.0	50.0	25.0
46457	20.0	45.0	25.0
46493	30.0	45.0	25.0
46529	30.0	60.0	10.0
46565	30.0	50.0	15.0
46601	40.0	60.0	15.0
46637	55.0	40.0	30.0
46673	35.0	40.0	30.0
46709	20.0	50.0	15.0
46745	10.0	45.0	25.0
46781	35.0	45.0	15.0
46817	30.0	45.0	25.0
46853	15.0	55.0	30.0
46889	20.0	30.0	25.0
46925	25.0	30.0	30.0
46961	30.0	45.0	20.0
46997	55.0	50.0	15.0
47033	35.0	50.0	30.0
47069	30.0	70.0	20.0
47105	25.0	55.0	15.0
47141	30.0	45.0	10.0
47177	35.0	40.0	20.0
47213	35.0	35.0	10.0
47249	25.0	40.0	35.0
47285	30.0	55.0	30.0
47321	40.0	55.0	10.0
47357	20.0	50.0	10.0
47393	30.0	50.0	25.0
47429	55.0	45.0	10.0
47465	45.0	45.0	10.0
47501	30.0	50.0	15.0
47537	35.0	35.0	30.0
47573	30.0	40.0	25.0
47609	40.0	45.0	10.0
47645	40.0	40.0	20.0
47681	30.0	60.0	10.0
47717	35.0	50.0	10.0
47753	30.0	30.0	25.0
47789	20.0	35.0	30.0
47825	35.0	40.0	25.0
47861	65.0	55.0	10.0
47897	45.0	40.0	35.0
47933	40.0	40.0	25.0
47969	35.0	35.0	15.0
48005	30.0	50.0	5.0
48041	40.0	45.0	20.0
48077	50.0	40.0	15.0
48113	35.0	45.0	20.0
48149	35.0	55.0	15.0
48185	50.0	65.0	10.0
48221	35.0	45.0	25.0
48257	20.0	35.0	35.0
48293	45.0	55.0	5.0
48329	35.0	45.0	20.0
48365	40.0	25.0	40.0
48401	40.0	30.0	30.0
48437	30.0	40.0	15.0
48473	35.0	35.0	25.0
48509	30.0	45.0	20.0
48545	40.0	40.0	30.0
48581	20.0	35.0	35.0
48617	35.0	45.0	25.0
48653	35.0	40.0	30.0
48689	25.0	45.0	25.0
48725	45.0	30.0	10.0
48761	50.0	40.0	0.0
48797	45.0	45.0	15.0
48833	30.0	50.0	35.0
48869	35.0	50.0	35.0
48905	35.0	65.0	20.0
48941	30.0	55.0	20.0
48977	30.0	35.0	25.0
49013	30.0	40.0	10.0
49049	35.0	45.0	5.0
49085	35.0	40.0	15.0
49121	35.0	40.0	35.0
49157	40.0	50.0	20.0
49193	35.0	50.0	5.0
49229	35.0	45.0	15.0
49265	30.0	60.0	10.0
49301	25.0	55.0	10.0
49337	45.0	45.0	15.0
49373	50.0	55.0	15.0
49409	35.0	45.0	20.0
49445	25.0	40.0	35.0
49481	30.0	25.0	45.0
49517	30.0	40.0	20.0
49553	20.0	50.0	20.0
49589	15.0	50.0	25.0
49625	25.0	45.0	20.0
49661	30.0	40.0	20.0
49697	30.0	35.0	30.0
49733	25.0	30.0	45.0
49769	25.0	40.0	45.0
49805	25.0	40.0	50.0
49841	25.0	50.0	30.0
49877	40.0	55.0	15.0
49913	35.0	45.0	20.0
49949	35.0	40.0	15.0
49985	15.0	40.0	30.0
50021	25.0	40.0	30.0
50057	35.0	35.0	25.0
50093	30.0	45.0	30.0
50129	20.0	40.0	30.0
50165	35.0	50.0	25.0
50201	35.0	50.0	30.0
50237	35.0	40.0	25.0
50273	45.0	30.0	20.0
50309	40.0	50.0	10.0
50345	40.0	55.0	25.0
50381	35.0	40.0	35.0
50417	30.0	55.0	20.0
50453	30.0	60.0	15.0
50489	40.0	50.0	30.0
50525	40.0	40.0	15.0
50561	30.0	55.0	15.0
50597	30.0	25.0	45.0
50633	35.0	30.0	30.0
50669	35.0	45.0	15.0
50705	40.0	35.0	20.0
50741	35.0	45.0	25.0
50777	40.0	40.0	15.0
50813	50.0	20.0	10.0
50849	45.0	30.0	25.0
50885	25.0	30.0	30.0
50921	25.0	45.0	20.0
50957	45.0	45.0	20.0
50993	55.0	40.0	20.0
51029	35.0	70.0	20.0
51065	20.0	65.0	35.0
51101	30.0	65.0	15.0
51137	40.0	50.0	15.0
51173	45.0	55.0	30.0
51209	30.0	50.0	35.0
51245	20.0	40.0	40.0
51281	25.0	55.0	25.0
51317	35.0	45.0	15.0
51353	35.0	40.0	30.0
51389	30.0	50.0	15.0
51425	20.0	45.0	15.0
51461	40.0	60.0	15.0
51497	50.0	55.0	10.0
51533	30.0	55.0	30.0
51569	35.0	30.0	50.0
51605	35.0	30.0	35.0
51641	40.0	50.0	15.0
51677	35.0	40.0	20.0
51713	55.0	50.0	10.0
51749	45.0	55.0	20.0
51785	40.0	45.0	25.0
51821	45.0	50.0	20.0
51857	30.0	20.0	25.0
51893	10.0	15.0	20.0
51929	25.0	10.0	25.0
51965	30.0	15.0	35.0
52001	35.0	25.0	30.0
52037	20.0	50.0	35.0
52073	30.0	35.0	40.0
52109	40.0	25.0	45.0
52145	30.0	40.0	50.0
52181	40.0	30.0	30.0
52217	25.0	25.0	40.0
52253	30.0	30.0	30.0
52289	40.0	35.0	30.0
52325	40.0	30.0	35.0
52361	65.0	20.0	30.0
52397	60.0	10.0	40.0
52433	50.0	20.0	45.0
52469	55.0	20.0	25.0
52505	50.0	25.0	25.0
52541	45.0	20.0	35.0
52577	50.0	20.0	40.0
52613	45.0	20.0	30.0
52649	50.0	25.0	15.0
52685	55.0	20.0	15.0
52721	45.0	20.0	20.0
52757	45.0	10.0	30.0
52793	35.0	15.0	25.0
52829	35.0	15.0	25.0
52865	45.0	20.0	35.0
52901	50.0	30.0	25.0
52937	30.0	35.0	15.0
52973	35.0	50.0	25.0
53009	45.0	65.0	25.0
53045	50.0	45.0	30.0
53081	45.0	45.0	15.0
53117	55.0	50.0	15.0
53153	50.0	30.0	35.0
53189	30.0	45.0	35.0
53225	35.0	40.0	15.0
53261	30.0	35.0	25.0
53297	30.0	40.0	35.0
53333	40.0	30.0	20.0
53369	35.0	45.0	25.0
53405	20.0	55.0	30.0
53441	30.0	40.0	50.0
53477	20.0	30.0	50.0
53513	25.0	25.0	25.0
53549	25.0	40.0	40.0
53585	30.0	25.0	30.0
53621	30.0	20.0	25.0
53657	25.0	30.0	35.0
53693	45.0	35.0	45.0
53729	50.0	40.0	35.0
53765	40.0	40.0	25.0
53801	40.0	55.0	20.0
53837	45.0	50.0	20.0
53873	25.0	60.0	20.0
53909	35.0	50.0	20.0
53945	55.0	45.0	25.0
53981	45.0	40.0	20.0
54017	40.0	25.0	35.0
54053	35.0	50.0	40.0
54089	40.0	50.0	35.0
54125	45.0	45.0	20.0
54161	35.0	60.0	5.0
54197	30.0	55.0	20.0
54233	45.0	15.0	5.0
54269	55.0	15.0	15.0
54305	35.0	20.0	25.0
54341	45.0	10.0	35.0
54377	35.0	20.0	35.0
54413	45.0	5.0	40.0
54449	45.0	10.0	25.0
54485	20.0	35.0	30.0
54521	15.0	40.0	55.0
54557	15.0	35.0	45.0
54593	10.0	40.0	50.0
54629	15.0	45.0	55.0
54665	20.0	45.0	35.0
54701	20.0	40.0	60.0
54737	5.0	30.0	45.0
54773	35.0	25.0	35.0
54809	45.0	30.0	50.0
54845	40.0	15.0	45.0
54881	55.0	5.0	25.0
54917	50.0	15.0	40.0
54953	30.0	25.0	50.0
54989	30.0	25.0	40.0
55025	20.0	20.0	50.0
55061	30.0	25.0	60.0
55097	15.0	30.0	60.0
55133	5.0	30.0	60.0
55169	5.0	45.0	55.0
55205	20.0	40.0	45.0
55241	25.0	25.0	40.0
55277	10.0	30.0	45.0
55313	25.0	20.0	35.0
55349	40.0	20.0	25.0
55385	35.0	10.0	40.0
55421	40.0	25.0	25.0
55457	50.0	30.0	0.0
55493	60.0	20.0	5.0
55529	50.0	15.0	10.0
55565	45.0	25.0	15.0
55601	25.0	30.0	15.0
55637	40.0	40.0	25.0
55673	50.0	50.0	25.0
55709	55.0	35.0	25.0
55745	60.0	25.0	50.0
55781	30.0	35.0	40.0
55817	25.0	50.0	25.0
55853	25.0	45.0	25.0
55889	40.0	35.0	5.0
55925	35.0	45.0	35.0
55961	30.0	50.0	40.0
55997	35.0	50.0	15.0
56033	30.0	45.0	30.0
56069	25.0	35.0	25.0
56105	30.0	45.0	10.0
56141	20.0	45.0	15.0
56177	20.0	55.0	20.0
56213	20.0	40.0	35.0
56249	35.0	20.0	35.0
56285	25.0	25.0	45.0
56321	20.0	25.0	45.0
56357	20.0	20.0	35.0
56393	35.0	10.0	35.0
56429	35.0	25.0	45.0
56465	15.0	25.0	35.0
56501	15.0	15.0	25.0
56537	45.0	25.0	20.0
56573	55.0	20.0	25.0
56609	55.0	15.0	40.0
56645	60.0	30.0	45.0
56681	55.0	25.0	15.0
56717	25.0	20.0	20.0
56753	15.0	35.0	50.0
56789	20.0	35.0	55.0
56825	20.0	30.0	35.0
56861	5.0	20.0	55.0
56897	35.0	20.0	40.0
56933	30.0	40.0	40.0
56969	10.0	55.0	45.0
57005	20.0	50.0	35.0
57041	30.0	35.0	35.0
57077	25.0	25.0	40.0
57113	40.0	35.0	35.0
57149	30.0	35.0	30.0
57185	15.0	30.0	45.0
57221	30.0	40.0	55.0
57257	20.0	40.0	60.0
57293	5.0	50.0	50.0
57329	5.0	60.0	55.0
57365	35.0	35.0	45.0
57401	35.0	25.0	50.0
57437	10.0	45.0	65.0
57473	30.0	25.0	45.0
57509	20.0	35.0	40.0
57545	20.0	45.0	35.0
57581	15.0	45.0	45.0
57617	10.0	45.0	55.0
57653	15.0	40.0	35.0
57689	15.0	45.0	45.0
57725	20.0	55.0	50.0
57761	25.0	35.0	35.0
57797	10.0	40.0	40.0
57833	0.0	30.0	50.0
57869	10.0	25.0	55.0
57905	10.0	40.0	55.0
57941	10.0	45.0	30.0
57977	15.0	40.0	35.0
58013	25.0	40.0	40.0
58049	20.0	40.0	30.0
58085	25.0	40.0	25.0
58121	5.0	40.0	60.0
58157	5.0	30.0	60.0
58193	5.0	30.0	50.0
58229	10.0	40.0	35.0
58265	15.0	40.0	30.0
58301	40.0	25.0	25.0
58337	25.0	35.0	35.0
58373	15.0	40.0	55.0
58409	30.0	35.0	50.0
58445	30.0	30.0	60.0
58481	20.0	45.0	55.0
58517	25.0	40.0	45.0
58553	15.0	30.0	35.0
58589	0.0	35.0	50.0
58625	10.0	20.0	55.0
58661	20.0	20.0	40.0
58697	30.0	20.0	35.0
58733	20.0	20.0	50.0
58769	5.0	25.0	50.0
58805	30.0	20.0	30.0
58841	35.0	10.0	35.0
58877	25.0	20.0	45.0
58913	25.0	25.0	60.0
58949	20.0	20.0	50.0
58985	25.0	35.0	45.0
59021	25.0	25.0	30.0
59057	30.0	20.0	50.0
59093	30.0	25.0	40.0
59129	25.0	45.0	30.0
59165	45.0	25.0	35.0
59201	55.0	10.0	45.0
59237	40.0	25.0	50.0
59273	35.0	5.0	45.0
59309	20.0	25.0	35.0
59345	35.0	20.0	20.0
59381	35.0	25.0	40.0
59417	25.0	30.0	35.0
59453	20.0	35.0	45.0
59489	30.0	25.0	50.0
59525	35.0	30.0	40.0
59561	15.0	35.0	25.0
59597	30.0	45.0	40.0
59633	25.0	40.0	30.0
59669	30.0	35.0	30.0
59705	45.0	35.0	30.0
59741	20.0	40.0	40.0
59777	25.0	40.0	35.0
59813	30.0	30.0	40.0
59849	15.0	20.0	30.0
59885	15.0	5.0	25.0
59921	15.0	45.0	35.0
59957	25.0	30.0	45.0
59993	45.0	35.0	30.0
60029	40.0	35.0	35.0
60065	20.0	45.0	30.0
60101	15.0	55.0	45.0
60137	15.0	35.0	55.0
60173	20.0	60.0	40.0
60209	15.0	55.0	40.0
60245	40.0	25.0	50.0
60281	30.0	30.0	50.0
60317	15.0	45.0	55.0
60353	10.0	55.0	55.0
60389	15.0	40.0	45.0
60425	25.0	35.0	20.0
60461	50.0	30.0	5.0
60497	65.0	40.0	10.0
60533	45.0	40.0	15.0
60569	25.0	45.0	20.0
60605	15.0	45.0	20.0
60641	30.0	30.0	15.0
60677	30.0	35.0	20.0
60713	35.0	25.0	20.0
60749	40.0	35.0	10.0
60785	50.0	45.0	10.0
60821	15.0	25.0	35.0
60857	25.0	30.0	30.0
60893	25.0	35.0	25.0
60929	30.0	35.0	20.0
60965	35.0	40.0	25.0
61001	45.0	40.0	30.0
61037	35.0	50.0	30.0
61073	30.0	45.0	30.0
61109	25.0	40.0	30.0
61145	35.0	40.0	25.0
61181	25.0	15.0	15.0
61217	45.0	20.0	20.0
61253	45.0	20.0	40.0
61289	45.0	25.0	25.0
61325	35.0	45.0	30.0
61361	35.0	40.0	30.0
61397	30.0	20.0	35.0
61433	55.0	45.0	20.0
61469	45.0	60.0	5.0
61505	35.0	40.0	15.0
61541	50.0	30.0	15.0
61577	25.0	35.0	30.0
61613	35.0	35.0	40.0
61649	35.0	35.0	25.0
61685	20.0	35.0	35.0
61721	40.0	30.0	35.0
61757	40.0	50.0	25.0
61793	25.0	70.0	20.0
61829	5.0	65.0	25.0
61865	30.0	60.0	10.0
61901	45.0	50.0	30.0
61937	40.0	45.0	30.0
61973	40.0	35.0	40.0
62009	30.0	55.0	30.0
62045	40.0	35.0	25.0
62081	35.0	45.0	40.0
62117	50.0	50.0	35.0
62153	55.0	40.0	40.0
62189	35.0	35.0	45.0
62225	40.0	20.0	45.0
62261	35.0	40.0	35.0
62297	25.0	45.0	25.0
62333	35.0	35.0	40.0
62369	50.0	40.0	30.0
62405	75.0	35.0	15.0
62441	55.0	35.0	15.0
62477	35.0	40.0	25.0
62513	40.0	55.0	30.0
62549	30.0	45.0	30.0
62585	40.0	40.0	25.0
62621	25.0	45.0	25.0
62657	15.0	60.0	25.0
62693	30.0	55.0	25.0
62729	60.0	60.0	20.0
62765	55.0	45.0	35.0
62801	30.0	40.0	40.0
62837	15.0	55.0	25.0
62873	25.0	60.0	30.0
62909	20.0	50.0	35.0
62945	25.0	50.0	20.0
62981	40.0	35.0	20.0
63017	50.0	40.0	35.0
63053	35.0	45.0	35.0
63089	45.0	55.0	30.0
63125	50.0	40.0	35.0
63161	30.0	35.0	30.0
63197	10.0	35.0	20.0
63233	25.0	40.0	15.0
63269	35.0	55.0	15.0
63305	20.0	55.0	30.0
63341	30.0	45.0	35.0
63377	20.0	40.0	45.0
63413	40.0	45.0	25.0
63449	45.0	55.0	20.0
63485	65.0	40.0	15.0
63521	65.0	45.0	20.0
63557	50.0	55.0	25.0
63593	45.0	45.0	45.0
63629	45.0	30.0	35.0
63665	60.0	40.0	20.0
63701	50.0	45.0	30.0
63737	10.0	50.0	40.0
63773	35.0	50.0	20.0
63809	35.0	15.0	30.0
63845	40.0	30.0	35.0
63881	40.0	60.0	20.0
63917	50.0	60.0	20.0
63953	40.0	40.0	25.0
63989	45.0	15.0	30.0
64025	35.0	10.0	35.0
64061	35.0	30.0	25.0
64097	35.0	30.0	25.0
64133	45.0	25.0	35.0
64169	35.0	15.0	40.0
64205	35.0	40.0	15.0
64241	55.0	20.0	15.0
64277	35.0	25.0	30.0
64313	50.0	15.0	35.0
64349	50.0	25.0	20.0
64385	45.0	20.0	20.0
64421	30.0	30.0	30.0
64457	30.0	40.0	20.0
64493	30.0	40.0	20.0
64529	40.0	20.0	20.0
64565	35.0	25.0	20.0
64601	25.0	20.0	35.0
64637	45.0	5.0	55.0
64673	45.0	5.0	30.0
64709	40.0	15.0	40.0
64745	45.0	15.0	45.0
64781	45.0	10.0	40.0
64817	45.0	10.0	40.0
64853	55.0	5.0	45.0
64889	40.0	20.0	35.0
64925	35.0	30.0	55.0
64961	50.0	30.0	45.0
64997	15.0	60.0	25.0
65033	10.0	85.0	15.0
65069	10.0	65.0	15.0
65105	25.0	40.0	25.0
65141	35.0	35.0	25.0
65177	30.0	50.0	20.0
65213	40.0	50.0	20.0
65249	30.0	50.0	35.0
65285	25.0	35.0	50.0
65321	40.0	25.0	45.0
65357	40.0	30.0	35.0
65393	30.0	15.0	35.0
65429	25.0	10.0	45.0
65465	30.0	10.0	40.0
65501	30.0	10.0	30.0
65537	20.0	35.0	40.0
65573	35.0	60.0	35.0
65609	30.0	35.0	35.0
65645	40.0	15.0	40.0
65681	40.0	25.0	35.0
65717	35.0	20.0	35.0
65753	50.0	30.0	30.0
65789	35.0	30.0	30.0
65825	40.0	40.0	15.0
65861	45.0	30.0	20.0
65897	55.0	25.0	20.0
65933	65.0	15.0	30.0
65969	55.0	20.0	20.0
66005	35.0	40.0	20.0
66041	35.0	25.0	35.0
66077	55.0	10.0	20.0
66113	45.0	20.0	15.0
66149	40.0	30.0	30.0
66185	35.0	30.0	35.0
66221	60.0	0.0	45.0
66257	30.0	15.0	25.0
66293	15.0	35.0	25.0
66329	35.0	30.0	10.0
66365	55.0	25.0	10.0
66401	40.0	40.0	10.0
66437	35.0	40.0	10.0
66473	40.0	45.0	25.0
66509	40.0	15.0	30.0
66545	35.0	30.0	25.0
66581	30.0	40.0	15.0
66617	30.0	35.0	35.0
66653	25.0	45.0	25.0
66689	30.0	55.0	25.0
66725	40.0	50.0	30.0
66761	35.0	60.0	30.0
66797	30.0	35.0	35.0
66833	40.0	30.0	5.0
66869	40.0	35.0	25.0
66905	30.0	45.0	20.0
66941	35.0	45.0	20.0
66977	45.0	30.0	30.0
67013	30.0	20.0	40.0
67049	30.0	10.0	45.0
67085	25.0	10.0	50.0
67121	25.0	5.0	50.0
67157	20.0	25.0	30.0
67193	45.0	20.0	30.0
67229	50.0	10.0	35.0
67265	55.0	5.0	40.0
67301	60.0	10.0	35.0
67337	50.0	15.0	40.0
67373	35.0	15.0	45.0
67409	40.0	20.0	50.0
67445	50.0	10.0	50.0
67481	50.0	5.0	35.0
67517	35.0	5.0	20.0
67553	45.0	10.0	25.0
67589	70.0	15.0	35.0
67625	35.0	35.0	35.0
67661	35.0	25.0	35.0
67697	45.0	25.0	40.0
67733	40.0	10.0	40.0
67769	35.0	25.0	35.0
67805	15.0	45.0	45.0
67841	10.0	25.0	60.0
67877	35.0	25.0	35.0
67913	25.0	40.0	30.0
67949	35.0	30.0	45.0
67985	25.0	30.0	55.0
68021	20.0	30.0	60.0
68057	30.0	40.0	50.0
68093	35.0	45.0	35.0
68129	40.0	40.0	35.0
68165	15.0	45.0	40.0
68201	35.0	30.0	15.0
68237	45.0	25.0	25.0
68273	30.0	30.0	35.0
68309	15.0	25.0	40.0
68345	20.0	30.0	25.0
68381	20.0	45.0	35.0
68417	30.0	50.0	20.0
68453	20.0	55.0	40.0
68489	15.0	40.0	55.0
68525	15.0	35.0	75.0
68561	15.0	25.0	55.0
68597	20.0	25.0	60.0
68633	20.0	30.0	55.0
68669	15.0	35.0	60.0
68705	10.0	45.0	50.0
68741	10.0	25.0	55.0
68777	15.0	10.0	35.0
68813	20.0	20.0	30.0
68849	25.0	40.0	10.0
68885	25.0	75.0	15.0
68921	20.0	70.0	25.0
68957	25.0	60.0	15.0
68993	30.0	55.0	15.0
69029	30.0	55.0	25.0
69065	30.0	55.0	15.0
69101	30.0	60.0	10.0
69137	25.0	75.0	10.0
69173	40.0	75.0	15.0
69209	50.0	55.0	20.0
69245	35.0	40.0	30.0
69281	45.0	40.0	25.0
69317	40.0	35.0	5.0
69353	65.0	50.0	5.0
69389	40.0	50.0	15.0
69425	20.0	65.0	20.0
69461	30.0	65.0	35.0
69497	30.0	40.0	30.0
69533	50.0	35.0	0.0
69569	45.0	40.0	15.0
69605	55.0	50.0	10.0
69641	35.0	40.0	20.0
69677	45.0	45.0	25.0
69713	50.0	40.0	20.0
69749	30.0	65.0	15.0
69785	25.0	75.0	20.0
69821	35.0	55.0	10.0
69857	25.0	55.0	25.0
69893	40.0	35.0	10.0
69929	40.0	30.0	20.0
69965	25.0	40.0	35.0
70001	35.0	45.0	30.0
70037	35.0	30.0	35.0
70073	15.0	10.0	35.0
70109	20.0	25.0	45.0
70145	10.0	35.0	35.0
70181	15.0	30.0	45.0
70217	30.0	45.0	40.0
70253	25.0	40.0	25.0
70289	15.0	35.0	40.0
70325	25.0	35.0	40.0
70361	25.0	25.0	15.0
70397	20.0	35.0	30.0
70433	30.0	20.0	20.0
70469	35.0	25.0	20.0
70505	20.0	45.0	40.0
70541	15.0	50.0	50.0
70577	20.0	50.0	55.0
70613	20.0	35.0	50.0
70649	10.0	30.0	50.0
70685	0.0	50.0	50.0
70721	10.0	65.0	40.0
70757	15.0	45.0	35.0
70793	15.0	30.0	30.0
70829	20.0	45.0	30.0
70865	10.0	45.0	45.0
70901	30.0	20.0	45.0
70937	30.0	35.0	30.0
70973	25.0	25.0	30.0
71009	40.0	15.0	40.0
71045	25.0	20.0	50.0
71081	40.0	10.0	45.0
71117	45.0	20.0	15.0
71153	25.0	30.0	20.0
71189	40.0	45.0	25.0
71225	30.0	30.0	35.0
71261	45.0	20.0	30.0
71297	65.0	25.0	40.0
71333	65.0	20.0	30.0
71369	65.0	10.0	10.0
71405	70.0	10.0	25.0
71441	70.0	10.0	55.0
71477	55.0	25.0	40.0
71513	50.0	25.0	40.0
71549	55.0	15.0	50.0
71585	60.0	10.0	45.0
71621	45.0	25.0	45.0
71657	50.0	20.0	50.0
71693	55.0	20.0	40.0
71729	25.0	40.0	45.0
71765	25.0	35.0	50.0
71801	60.0	15.0	60.0
71837	60.0	20.0	45.0
71873	35.0	25.0	55.0
71909	50.0	20.0	55.0
71945	40.0	35.0	45.0
71981	25.0	45.0	30.0
72017	15.0	20.0	20.0
72053	25.0	20.0	35.0
72089	30.0	15.0	45.0
72125	10.0	25.0	50.0
72161	20.0	40.0	25.0
72197	30.0	40.0	65.0
72233	15.0	25.0	50.0
72269	5.0	45.0	40.0
72305	15.0	55.0	45.0
72341	20.0	50.0	35.0
72377	25.0	40.0	35.0
72413	45.0	40.0	30.0
72449	55.0	35.0	30.0
72485	30.0	30.0	50.0
72521	10.0	40.0	40.0
72557	10.0	35.0	30.0
72593	10.0	35.0	30.0
72629	20.0	35.0	35.0
72665	35.0	35.0	40.0
72701	35.0	30.0	35.0
72737	40.0	35.0	40.0
72773	45.0	30.0	40.0
72809	40.0	50.0	45.0
72845	35.0	45.0	40.0
72881	35.0	30.0	30.0
72917	25.0	50.0	40.0
72953	15.0	35.0	35.0
72989	25.0	20.0	35.0
73025	25.0	25.0	25.0
73061	25.0	45.0	30.0
73097	10.0	85.0	60.0
73133	15.0	40.0	50.0
73169	15.0	35.0	55.0
73205	20.0	40.0	45.0
73241	40.0	25.0	35.0
73277	30.0	20.0	40.0
73313	25.0	30.0	45.0
73349	45.0	25.0	45.0
73385	45.0	20.0	40.0
73421	35.0	25.0	55.0
73457	20.0	25.0	40.0
73493	25.0	30.0	25.0
73529	45.0	30.0	40.0
73565	10.0	45.0	60.0
73601	5.0	45.0	60.0
73637	30.0	35.0	55.0
73673	40.0	30.0	45.0
73709	40.0	30.0	15.0
73745	30.0	40.0	40.0
73781	25.0	30.0	65.0
73817	20.0	40.0	65.0
73853	35.0	25.0	55.0
73889	30.0	25.0	50.0
73925	10.0	35.0	70.0
73961	25.0	35.0	45.0
73997	35.0	25.0	30.0
74033	35.0	25.0	40.0
74069	20.0	45.0	65.0
74105	20.0	45.0	75.0
74141	25.0	50.0	75.0
74177	20.0	45.0	70.0
74213	15.0	35.0	60.0
74249	25.0	30.0	60.0
74285	25.0	25.0	50.0
74321	20.0	30.0	60.0
74357	30.0	45.0	40.0
74393	20.0	45.0	35.0
74429	15.0	25.0	10.0
74465	30.0	20.0	20.0
74501	25.0	30.0	30.0
74537	10.0	40.0	20.0
74573	20.0	45.0	20.0
74609	25.0	55.0	20.0
74645	25.0	40.0	15.0
74681	20.0	45.0	20.0
74717	20.0	35.0	15.0
74753	30.0	25.0	15.0
74789	45.0	20.0	40.0
74825	60.0	25.0	30.0
74861	55.0	35.0	20.0
74897	55.0	20.0	35.0
74933	40.0	30.0	35.0
74969	30.0	35.0	30.0
75005	45.0	35.0	20.0
75041	45.0	35.0	35.0
75077	50.0	25.0	40.0
75113	45.0	35.0	40.0
75149	35.0	30.0	15.0
75185	40.0	25.0	25.0
75221	45.0	30.0	35.0
75257	45.0	25.0	30.0
75293	40.0	25.0	35.0
75329	45.0	20.0	35.0
75365	55.0	25.0	40.0
75401	40.0	30.0	50.0
75437	35.0	10.0	55.0
75473	30.0	20.0	30.0
75509	35.0	20.0	30.0
75545	45.0	10.0	35.0
75581	35.0	30.0	25.0
75617	40.0	45.0	15.0
75653	35.0	65.0	20.0
75689	45.0	55.0	15.0
75725	30.0	55.0	25.0
75761	15.0	35.0	30.0
75797	15.0	40.0	25.0
75833	40.0	40.0	5.0
75869	45.0	40.0	15.0
75905	25.0	40.0	35.0
75941	25.0	40.0	30.0
75977	25.0	35.0	25.0
76013	30.0	40.0	20.0
76049	35.0	50.0	15.0
76085	30.0	50.0	15.0
76121	30.0	50.0	15.0
76157	45.0	50.0	20.0
76193	55.0	45.0	25.0
76229	35.0	30.0	50.0
76265	5.0	50.0	40.0
76301	25.0	60.0	35.0
76337	45.0	35.0	30.0
76373	35.0	35.0	30.0
76409	30.0	50.0	25.0
76445	25.0	45.0	20.0
76481	30.0	40.0	20.0
76517	40.0	40.0	25.0
76553	40.0	45.0	20.0
76589	50.0	55.0	15.0
76625	35.0	55.0	45.0
76661	40.0	40.0	55.0
76697	50.0	55.0	25.0
76733	35.0	40.0	15.0
76769	15.0	20.0	15.0
76805	15.0	25.0	40.0
76841	20.0	45.0	55.0
76877	20.0	30.0	35.0
76913	10.0	25.0	30.0
76949	35.0	30.0	20.0
76985	35.0	35.0	45.0
77021	15.0	20.0	35.0
77057	15.0	50.0	35.0
77093	10.0	30.0	45.0
77129	15.0	35.0	35.0
77165	25.0	50.0	30.0
77201	30.0	50.0	25.0
77237	30.0	35.0	25.0
77273	35.0	20.0	50.0
77309	20.0	10.0	55.0
77345	30.0	20.0	45.0
77381	30.0	30.0	45.0
77417	25.0	50.0	15.0
77453	15.0	45.0	20.0
77489	25.0	25.0	15.0
77525	25.0	20.0	10.0
77561	20.0	10.0	20.0
77597	25.0	15.0	35.0
77633	40.0	15.0	35.0
77669	40.0	15.0	45.0
77705	50.0	5.0	35.0
77741	30.0	5.0	25.0
77777	40.0	40.0	20.0
77813	40.0	50.0	20.0
77849	40.0	60.0	20.0
77885	25.0	35.0	30.0
77921	20.0	25.0	25.0
77957	20.0	35.0	25.0
77993	20.0	25.0	40.0
78029	30.0	25.0	30.0
78065	35.0	40.0	40.0
78101	25.0	60.0	40.0
78137	30.0	55.0	25.0
78173	30.0	40.0	25.0
78209	15.0	45.0	25.0
78245	35.0	55.0	15.0
78281	45.0	60.0	20.0
78317	30.0	45.0	15.0
78353	40.0	25.0	15.0
78389	55.0	30.0	15.0
78425	40.0	40.0	15.0
78461	40.0	25.0	35.0
78497	40.0	25.0	40.0
78533	35.0	30.0	35.0
78569	40.0	25.0	30.0
78605	30.0	30.0	15.0
78641	25.0	45.0	15.0
78677	30.0	30.0	30.0
78713	35.0	35.0	30.0
78749	45.0	30.0	20.0
78785	40.0	15.0	35.0
78821	30.0	25.0	25.0
78857	25.0	45.0	30.0
78893	40.0	25.0	35.0
78929	25.0	30.0	40.0
78965	30.0	25.0	40.0
79001	20.0	30.0	35.0
79037	35.0	20.0	30.0
79073	55.0	10.0	40.0
79109	45.0	30.0	30.0
79145	40.0	35.0	30.0
79181	35.0	30.0	35.0
79217	30.0	35.0	25.0
79253	45.0	30.0	20.0
79289	30.0	25.0	25.0
79325	30.0	40.0	30.0
79361	45.0	30.0	25.0
79397	35.0	30.0	25.0
79433	25.0	35.0	40.0
79469	40.0	25.0	40.0
79505	35.0	20.0	25.0
79541	20.0	30.0	25.0
79577	15.0	25.0	35.0
79613	25.0	15.0	50.0
79649	35.0	15.0	35.0
79685	40.0	20.0	30.0
79721	40.0	15.0	25.0
79757	40.0	30.0	30.0
79793	30.0	25.0	50.0
79829	30.0	20.0	45.0
79865	30.0	20.0	50.0
79901	35.0	20.0	55.0
79937	35.0	30.0	50.0
79973	10.0	25.0	45.0
80009	15.0	30.0	20.0
80045	25.0	40.0	25.0
80081	25.0	45.0	35.0
80117	30.0	50.0	40.0
80153	30.0	45.0	40.0
80189	45.0	50.0	30.0
80225	35.0	70.0	20.0
80261	10.0	70.0	20.0
80297	25.0	60.0	10.0
80333	45.0	45.0	20.0
80369	40.0	60.0	15.0
80405	50.0	55.0	20.0
80441	35.0	40.0	50.0
80477	20.0	60.0	40.0
80513	30.0	55.0	30.0
80549	30.0	35.0	25.0
80585	25.0	30.0	35.0
80621	20.0	45.0	30.0
80657	25.0	40.0	30.0
80693	30.0	30.0	30.0
80729	25.0	55.0	30.0
80765	30.0	50.0	25.0
80801	15.0	30.0	25.0
80837	20.0	20.0	25.0
80873	25.0	45.0	15.0
80909	10.0	65.0	30.0
80945	20.0	60.0	30.0
80981	25.0	50.0	25.0
81017	30.0	45.0	40.0
81053	40.0	40.0	30.0
81089	50.0	40.0	35.0
81125	40.0	35.0	25.0
81161	40.0	40.0	25.0
81197	15.0	40.0	50.0
81233	20.0	50.0	35.0
81269	30.0	55.0	25.0
81305	40.0	35.0	30.0
81341	40.0	35.0	25.0
81377	20.0	30.0	35.0
81413	30.0	20.0	35.0
81449	35.0	25.0	25.0
81485	45.0	45.0	10.0
81521	30.0	60.0	10.0
81557	30.0	70.0	20.0
81593	30.0	75.0	30.0
81629	45.0	70.0	35.0
81665	40.0	55.0	40.0
81701	35.0	40.0	30.0
81737	45.0	40.0	15.0
81773	30.0	45.0	10.0
81809	45.0	60.0	10.0
81845	45.0	65.0	15.0
81881	30.0	65.0	20.0
81917	55.0	50.0	25.0
81953	55.0	50.0	35.0
81989	35.0	55.0	35.0
82025	25.0	50.0	35.0
82061	50.0	40.0	25.0
82097	65.0	35.0	15.0
82133	40.0	35.0	30.0
82169	35.0	40.0	40.0
82205	50.0	50.0	20.0
82241	30.0	55.0	30.0
82277	30.0	55.0	30.0
82313	40.0	60.0	20.0
82349	25.0	60.0	30.0
82385	5.0	30.0	50.0
82421	20.0	60.0	30.0
82457	45.0	45.0	30.0
82493	40.0	45.0	30.0
82529	30.0	40.0	25.0
82565	30.0	25.0	15.0
82601	35.0	30.0	20.0
82637	25.0	30.0	35.0
82673	50.0	20.0	40.0
82709	60.0	25.0	20.0
82745	55.0	20.0	30.0
82781	50.0	20.0	25.0
82817	50.0	35.0	25.0
82853	55.0	20.0	35.0
82889	50.0	25.0	45.0
82925	30.0	40.0	35.0
82961	30.0	35.0	25.0
82997	35.0	25.0	35.0
83033	55.0	25.0	30.0
83069	55.0	15.0	20.0
83105	55.0	15.0	30.0
83141	60.0	25.0	30.0
83177	40.0	35.0	45.0
83213	40.0	25.0	55.0
83249	45.0	25.0	35.0
83285	25.0	25.0	45.0
83321	25.0	30.0	35.0
83357	35.0	20.0	25.0
83393	35.0	15.0	40.0
83429	20.0	20.0	30.0
83465	40.0	25.0	10.0
83501	30.0	20.0	5.0
83537	10.0	35.0	25.0
83573	25.0	20.0	30.0
83609	25.0	20.0	35.0
83645	15.0	20.0	35.0
83681	25.0	25.0	30.0
83717	35.0	40.0	30.0
83753	25.0	30.0	45.0
83789	15.0	25.0	50.0
83825	20.0	35.0	45.0
83861	30.0	20.0	35.0
83897	20.0	40.0	45.0
83933	15.0	60.0	40.0
83969	10.0	40.0	55.0
84005	25.0	45.0	50.0
84041	15.0	40.0	40.0
84077	25.0	40.0	40.0
84113	40.0	60.0	30.0
84149	50.0	30.0	25.0
84185	40.0	15.0	20.0
84221	30.0	20.0	30.0
84257	35.0	25.0	45.0
84293	40.0	30.0	40.0
84329	25.0	40.0	40.0
84365	30.0	30.0	55.0
84401	45.0	30.0	35.0
84437	55.0	30.0	30.0
84473	60.0	25.0	35.0
84509	30.0	30.0	40.0
84545	20.0	25.0	25.0
84581	35.0	20.0	35.0
84617	30.0	20.0	20.0
84653	40.0	20.0	25.0
84689	55.0	30.0	50.0
84725	50.0	45.0	45.0
84761	40.0	30.0	55.0
84797	40.0	20.0	30.0
84833	35.0	20.0	45.0
84869	50.0	15.0	40.0
84905	45.0	10.0	40.0
84941	50.0	35.0	50.0
84977	35.0	30.0	30.0
85013	20.0	30.0	20.0
85049	25.0	55.0	25.0
85085	25.0	55.0	30.0
85121	35.0	45.0	35.0
85157	40.0	25.0	20.0
85193	50.0	20.0	15.0
85229	55.0	20.0	25.0
85265	40.0	20.0	35.0
85301	20.0	15.0	40.0
85337	20.0	20.0	50.0
85373	30.0	40.0	40.0
85409	40.0	45.0	35.0
85445	35.0	50.0	20.0
85481	20.0	50.0	15.0
85517	50.0	30.0	30.0
85553	50.0	25.0	25.0
85589	30.0	30.0	35.0
85625	20.0	40.0	30.0
85661	25.0	40.0	30.0
85697	30.0	40.0	45.0
85733	35.0	50.0	30.0
85769	25.0	65.0	20.0
85805	35.0	55.0	20.0
85841	25.0	55.0	35.0
85877	30.0	35.0	30.0
85913	40.0	35.0	25.0
85949	40.0	35.0	30.0
85985	35.0	65.0	15.0
86021	40.0	50.0	5.0
86057	30.0	40.0	10.0
86093	20.0	30.0	30.0
86129	30.0	40.0	25.0
86165	50.0	35.0	20.0
86201	50.0	25.0	25.0
86237	25.0	40.0	35.0
86273	45.0	30.0	45.0
86309	40.0	20.0	35.0
86345	50.0	20.0	35.0
86381	45.0	20.0	20.0
86417	25.0	20.0	15.0
86453	35.0	25.0	35.0
86489	25.0	35.0	25.0
86525	20.0	45.0	25.0
86561	40.0	30.0	45.0
86597	25.0	30.0	45.0
86633	20.0	25.0	35.0
86669	20.0	25.0	40.0
86705	30.0	30.0	25.0
86741	30.0	20.0	30.0
86777	30.0	30.0	25.0
86813	20.0	40.0	45.0
86849	25.0	35.0	45.0
86885	25.0	20.0	25.0
86921	30.0	40.0	15.0
86957	45.0	20.0	15.0
86993	70.0	10.0	30.0
87029	50.0	25.0	35.0
87065	40.0	10.0	25.0
87101	50.0	25.0	30.0
87137	35.0	25.0	40.0
87173	30.0	20.0	30.0
87209	40.0	20.0	30.0
87245	45.0	15.0	15.0
87281	50.0	15.0	15.0
87317	40.0	25.0	35.0
87353	30.0	35.0	40.0
87389	35.0	35.0	30.0
87425	40.0	30.0	30.0
87461	40.0	25.0	15.0
87497	25.0	30.0	25.0
87533	35.0	55.0	25.0
87569	35.0	55.0	15.0
87605	45.0	50.0	15.0
87641	45.0	35.0	25.0
87677	20.0	15.0	35.0
87713	15.0	25.0	55.0
87749	25.0	30.0	60.0
87785	30.0	25.0	35.0
87821	25.0	10.0	50.0
87857	25.0	40.0	55.0
87893	20.0	50.0	65.0
87929	45.0	25.0	45.0
87965	25.0	25.0	40.0
88001	25.0	35.0	50.0
88037	20.0	20.0	25.0
88073	25.0	30.0	30.0
88109	60.0	25.0	35.0
88145	45.0	25.0	45.0
88181	30.0	35.0	50.0
88217	30.0	50.0	30.0
88253	45.0	45.0	30.0
88289	40.0	35.0	40.0
88325	30.0	25.0	30.0
88361	25.0	40.0	15.0
88397	60.0	30.0	25.0
88433	65.0	25.0	35.0
88469	60.0	20.0	35.0
88505	50.0	20.0	40.0
88541	40.0	30.0	35.0
88577	40.0	45.0	30.0
88613	45.0	20.0	45.0
88649	40.0	35.0	30.0
88685	45.0	30.0	30.0
88721	35.0	25.0	35.0
88757	35.0	25.0	40.0
88793	25.0	15.0	15.0
88829	10.0	5.0	10.0
88865	20.0	25.0	35.0
88901	15.0	30.0	45.0
88937	15.0	25.0	50.0
88973	30.0	25.0	40.0
89009	30.0	35.0	40.0
89045	25.0	30.0	35.0
89081	10.0	40.0	40.0
89117	15.0	25.0	45.0
89153	15.0	30.0	45.0
89189	20.0	30.0	50.0
89225	45.0	30.0	40.0
89261	30.0	25.0	55.0
89297	10.0	30.0	60.0
89333	20.0	45.0	40.0
89369	20.0	35.0	35.0
89405	40.0	20.0	25.0
89441	55.0	15.0	25.0
89477	55.0	20.0	30.0
89513	50.0	20.0	35.0
89549	45.0	25.0	40.0
89585	35.0	20.0	40.0
89621	50.0	20.0	45.0
89657	50.0	20.0	45.0
89693	45.0	30.0	45.0
89729	55.0	25.0	35.0
89765	30.0	20.0	10.0
89801	20.0	25.0	15.0
89837	25.0	5.0	30.0
89873	20.0	15.0	45.0
89909	30.0	25.0	30.0
89945	35.0	35.0	15.0
89981	25.0	30.0	20.0
90017	10.0	25.0	20.0
90053	15.0	30.0	20.0
90089	30.0	40.0	25.0
90125	25.0	15.0	40.0
90161	30.0	15.0	25.0
90197	55.0	20.0	30.0
90233	30.0	25.0	45.0
90269	35.0	30.0	15.0
90305	35.0	45.0	40.0
90341	20.0	35.0	50.0
90377	10.0	15.0	25.0
90413	5.0	25.0	45.0
90449	25.0	35.0	30.0
90485	50.0	30.0	20.0
90521	35.0	25.0	50.0
90557	25.0	40.0	35.0
90593	25.0	45.0	20.0
90629	50.0	40.0	35.0
90665	50.0	30.0	35.0
90701	30.0	40.0	25.0
90737	45.0	35.0	25.0
90773	45.0	20.0	20.0
90809	40.0	30.0	25.0
90845	40.0	15.0	35.0
90881	35.0	25.0	20.0
90917	45.0	30.0	35.0
90953	35.0	30.0	40.0
90989	25.0	25.0	30.0
91025	40.0	15.0	20.0
91061	35.0	25.0	15.0
91097	20.0	30.0	45.0
91133	30.0	30.0	35.0
91169	35.0	30.0	25.0
91205	25.0	25.0	35.0
91241	25.0	25.0	35.0
91277	40.0	40.0	20.0
91313	45.0	30.0	25.0
91349	25.0	35.0	30.0
91385	30.0	20.0	40.0
91421	40.0	20.0	50.0
91457	45.0	5.0	35.0
91493	35.0	15.0	25.0
91529	20.0	25.0	50.0
91565	25.0	35.0	60.0
91601	20.0	45.0	55.0
91637	40.0	40.0	25.0
91673	30.0	45.0	45.0
91709	25.0	35.0	45.0
91745	20.0	55.0	20.0
91781	20.0	25.0	15.0
91817	25.0	15.0	30.0
91853	40.0	40.0	45.0
91889	30.0	35.0	35.0
91925	40.0	50.0	50.0
91961	20.0	50.0	30.0
91997	20.0	20.0	25.0
92033	25.0	30.0	35.0
92069	35.0	35.0	40.0
92105	30.0	20.0	35.0
92141	5.0	20.0	30.0
92177	25.0	35.0	15.0
92213	35.0	40.0	20.0
92249	20.0	15.0	20.0
92285	15.0	25.0	25.0
92321	25.0	35.0	30.0
92357	40.0	25.0	30.0
92393	25.0	35.0	30.0
92429	25.0	15.0	15.0
92465	20.0	15.0	35.0
92501	25.0	20.0	50.0
92537	35.0	30.0	45.0
92573	50.0	30.0	25.0
92609	35.0	45.0	45.0
92645	25.0	55.0	45.0
92681	55.0	55.0	20.0
92717	55.0	45.0	25.0
92753	45.0	50.0	25.0
92789	40.0	65.0	15.0
92825	45.0	45.0	15.0
92861	40.0	15.0	35.0
92897	25.0	35.0	25.0
92933	40.0	25.0	20.0
92969	35.0	30.0	35.0
93005	35.0	20.0	40.0
93041	65.0	10.0	20.0
93077	60.0	10.0	30.0
93113	25.0	20.0	40.0
93149	15.0	20.0	30.0
93185	25.0	25.0	20.0
93221	35.0	25.0	40.0
93257	35.0	30.0	30.0
93293	40.0	25.0	40.0
93329	40.0	35.0	25.0
93365	20.0	35.0	20.0
93401	20.0	25.0	25.0
93437	40.0	40.0	40.0
93473	45.0	55.0	45.0
93509	25.0	35.0	20.0
93545	10.0	15.0	15.0
93581	0.0	15.0	20.0
93617	20.0	35.0	40.0
93653	20.0	55.0	40.0
93689	35.0	25.0	25.0
93725	35.0	25.0	35.0
93761	40.0	30.0	15.0
93797	35.0	40.0	25.0
93833	25.0	40.0	20.0
93869	25.0	25.0	30.0
93905	15.0	20.0	50.0
93941	15.0	30.0	35.0
93977	25.0	45.0	25.0
94013	35.0	20.0	30.0
94049	30.0	20.0	40.0
94085	25.0	30.0	30.0
94121	35.0	20.0	45.0
94157	20.0	30.0	25.0
94193	15.0	45.0	10.0
94229	20.0	50.0	15.0
94265	20.0	45.0	30.0
94301	20.0	55.0	0.0
94337	30.0	50.0	20.0
94373	25.0	35.0	25.0
94409	25.0	45.0	20.0
94445	20.0	60.0	25.0
94481	10.0	40.0	40.0
94517	25.0	15.0	30.0
94553	30.0	30.0	40.0
94589	20.0	50.0	30.0
94625	20.0	35.0	20.0
94661	35.0	25.0	30.0
94697	40.0	15.0	30.0
94733	50.0	40.0	15.0
94769	30.0	50.0	25.0
94805	30.0	30.0	15.0
94841	30.0	35.0	25.0
94877	40.0	35.0	25.0
94913	40.0	40.0	30.0
94949	25.0	30.0	30.0
94985	35.0	15.0	10.0
95021	50.0	25.0	15.0
95057	30.0	50.0	25.0
95093	20.0	35.0	40.0
95129	25.0	35.0	35.0
95165	35.0	45.0	20.0
95201	45.0	65.0	45.0
95237	30.0	65.0	35.0
95273	5.0	35.0	25.0
95309	20.0	30.0	20.0
95345	20.0	35.0	20.0
95381	15.0	30.0	30.0
95417	25.0	25.0	40.0
95453	30.0	35.0	35.0
95489	25.0	35.0	35.0
95525	20.0	55.0	20.0
95561	10.0	65.0	35.0
95597	5.0	40.0	65.0
95633	15.0	40.0	55.0
95669	45.0	20.0	35.0
95705	30.0	30.0	40.0
95741	30.0	30.0	25.0
95777	35.0	10.0	30.0
95813	45.0	30.0	15.0
95849	35.0	40.0	25.0
95885	30.0	50.0	30.0
95921	50.0	35.0	45.0
95957	50.0	20.0	60.0
95993	40.0	40.0	45.0
96029	30.0	30.0	40.0
96065	25.0	20.0	50.0
96101	35.0	10.0	50.0
96137	30.0	25.0	40.0
96173	15.0	30.0	55.0
96209	15.0	20.0	45.0
96245	20.0	25.0	30.0
96281	45.0	25.0	20.0
96317	50.0	25.0	20.0
96353	40.0	50.0	15.0
96389	35.0	55.0	20.0
96425	30.0	60.0	35.0
96461	25.0	45.0	25.0
96497	20.0	40.0	30.0
96533	25.0	40.0	35.0
96569	35.0	40.0	45.0
96605	40.0	40.0	55.0
96641	35.0	40.0	45.0
96677	35.0	35.0	20.0
96713	40.0	35.0	20.0
96749	20.0	45.0	40.0
96785	20.0	45.0	25.0
96821	35.0	40.0	20.0
96857	35.0	35.0	15.0
96893	25.0	40.0	20.0
96929	30.0	35.0	30.0
96965	10.0	60.0	35.0
97001	15.0	40.0	45.0
97037	40.0	30.0	30.0
97073	20.0	35.0	30.0
97109	30.0	25.0	40.0
97145	30.0	5.0	40.0
97181	20.0	15.0	50.0
97217	30.0	30.0	40.0
97253	30.0	30.0	45.0
97289	30.0	20.0	30.0
97325	30.0	5.0	30.0
97361	25.0	15.0	40.0
97397	30.0	40.0	25.0
97433	40.0	70.0	25.0
97469	35.0	35.0	45.0
97505	25.0	35.0	30.0
97541	40.0	35.0	30.0
97577	25.0	35.0	40.0
97613	15.0	30.0	35.0
97649	10.0	25.0	50.0
97685	25.0	25.0	50.0
97721	25.0	40.0	55.0
97757	25.0	50.0	45.0
97793	30.0	25.0	50.0
97829	20.0	5.0	60.0
97865	15.0	25.0	40.0
97901	30.0	30.0	30.0
97937	30.0	40.0	20.0
97973	40.0	35.0	15.0
98009	75.0	30.0	10.0
98045	50.0	30.0	25.0
98081	45.0	35.0	25.0
98117	50.0	30.0	15.0
98153	45.0	20.0	10.0
98189	45.0	20.0	25.0
98225	60.0	10.0	20.0
98261	60.0	25.0	25.0
98297	50.0	30.0	25.0
98333	30.0	25.0	20.0
98369	35.0	35.0	25.0
98405	20.0	55.0	25.0
98441	15.0	40.0	30.0
98477	20.0	35.0	35.0
98513	10.0	30.0	40.0
98549	15.0	35.0	45.0
98585	20.0	45.0	40.0
98621	35.0	40.0	30.0
98657	30.0	25.0	30.0
98693	25.0	40.0	20.0
98729	35.0	40.0	35.0
98765	15.0	50.0	45.0
98801	35.0	40.0	35.0
98837	40.0	50.0	25.0
98873	40.0	45.0	30.0
98909	35.0	25.0	30.0
98945	30.0	20.0	40.0
98981	35.0	30.0	20.0
99017	35.0	30.0	20.0
99053	40.0	25.0	25.0
99089	30.0	25.0	25.0
99125	35.0	30.0	20.0
99161	50.0	30.0	20.0
99197	45.0	25.0	30.0
99233	45.0	45.0	20.0
99269	25.0	35.0	55.0
99305	20.0	15.0	40.0
99341	10.0	30.0	25.0
99377	30.0	30.0	25.0
99413	30.0	5.0	40.0
99449	40.0	15.0	50.0