# BASE VAL1 VAL2
# color 0:255:0 0:0:255 100:100:100
35	30.0	10.0	37.5
107	45.0	15.0	25.0
179	47.5	22.5	25.0
251	45.0	30.0	22.5
323	45.0	32.5	20.0
395	30.0	52.5	22.5
467	40.0	42.5	25.0
539	45.0	45.0	25.0
611	47.5	47.5	20.0
683	42.5	42.5	17.5
755	42.5	30.0	25.0
827	32.5	37.5	35.0
899	37.5	42.5	37.5
971	45.0	50.0	15.0
1043	47.5	52.5	12.5
1115	47.5	45.0	20.0
1187	35.0	27.5	32.5
1259	42.5	32.5	17.5
1331	42.5	32.5	12.5
1403	42.5	45.0	27.5
1475	40.0	37.5	25.0
1547	45.0	32.5	17.5
1619	42.5	32.5	22.5
1691	45.0	40.0	22.5
1763	47.5	35.0	22.5
1835	42.5	27.5	25.0
1907	32.5	25.0	32.5
1979	42.5	32.5	17.5
2051	50.0	35.0	17.5
2123	50.0	32.5	25.0
2195	37.5	30.0	35.0
2267	40.0	20.0	32.5
2339	25.0	27.5	35.0
2411	32.5	30.0	27.5
2483	30.0	35.0	40.0
2555	30.0	35.0	45.0
2627	37.5	17.5	32.5
2699	47.5	22.5	30.0
2771	50.0	32.5	20.0
2843	50.0	25.0	25.0
2915	55.0	17.5	27.5
2987	47.5	17.5	30.0
3059	57.5	25.0	22.5
3131	55.0	27.5	15.0
3203	50.0	30.0	25.0
3275	50.0	25.0	22.5
3347	47.5	32.5	22.5
3419	55.0	40.0	10.0
3491	45.0	30.0	20.0
3563	45.0	30.0	27.5
3635	37.5	37.5	27.5
3707	30.0	40.0	17.5
3779	32.5	27.5	22.5
3851	42.5	32.5	27.5
3923	55.0	32.5	25.0
3995	52.5	40.0	17.5
4067	52.5	27.5	27.5
4139	52.5	45.0	12.5
4211	52.5	32.5	12.5
4283	40.0	35.0	25.0
4355	47.5	32.5	17.5
4427	40.0	42.5	22.5
4499	37.5	37.5	35.0
4571	70.0	17.5	30.0
4643	52.5	25.0	22.5
4715	55.0	27.5	17.5
4787	42.5	17.5	27.5
4859	22.5	27.5	30.0
4931	25.0	37.5	50.0
5003	22.5	47.5	47.5
5075	20.0	47.5	52.5
5147	20.0	55.0	42.5
5219	25.0	45.0	22.5
5291	15.0	45.0	40.0
5363	17.5	52.5	40.0
5435	20.0	40.0	32.5
5507	22.5	45.0	35.0
5579	30.0	45.0	30.0
5651	22.5	45.0	35.0
5723	27.5	40.0	30.0
5795	30.0	40.0	40.0
5867	22.5	42.5	27.5
5939	15.0	40.0	37.5
6011	22.5	22.5	35.0
6083	12.5	32.5	35.0
6155	12.5	45.0	37.5
6227	15.0	45.0	35.0
6299	10.0	32.5	25.0
6371	10.0	55.0	40.0
6443	17.5	50.0	42.5
6515	12.5	42.5	40.0
6587	10.0	42.5	55.0
6659	27.5	35.0	50.0
6731	25.0	40.0	37.5
6803	17.5	42.5	30.0
6875	20.0	40.0	37.5
6947	10.0	50.0	45.0
7019	10.0	35.0	45.0
7091	5.0	32.5	40.0
7163	7.5	40.0	47.5
7235	10.0	40.0	50.0
7307	22.5	32.5	50.0
7379	15.0	35.0	42.5
7451	22.5	32.5	37.5
7523	30.0	25.0	27.5
7595	22.5	35.0	40.0
7667	27.5	47.5	47.5
7739	15.0	50.0	55.0
7811	12.5	40.0	42.5
7883	15.0	27.5	35.0
7955	37.5	30.0	25.0
8027	45.0	32.5	30.0
8099	35.0	42.5	27.5
8171	42.5	32.5	25.0
8243	45.0	45.0	17.5
8315	45.0	35.0	20.0
8387	30.0	42.5	15.0
8459	25.0	22.5	32.5
8531	40.0	35.0	20.0
8603	47.5	35.0	15.0
8675	32.5	35.0	17.5
8747	32.5	32.5	2.5
8819	42.5	35.0	5.0
8891	35.0	35.0	10.0
8963	35.0	32.5	12.5
9035	50.0	37.5	12.5
9107	47.5	40.0	5.0
9179	42.5	45.0	2.5
9251	40.0	45.0	5.0
9323	42.5	50.0	12.5
9395	40.0	40.0	17.5
9467	32.5	32.5	17.5
9539	37.5	40.0	5.0
9611	32.5	42.5	10.0
9683	37.5	35.0	12.5
9755	40.0	37.5	12.5
9827	40.0	40.0	10.0
9899	32.5	45.0	5.0
9971	32.5	45.0	2.5
10043	27.5	32.5	2.5
10115	30.0	47.5	2.5
10187	37.5	47.5	7.5
10259	40.0	37.5	7.5
10331	47.5	35.0	7.5
10403	40.0	50.0	7.5
10475	42.5	50.0	10.0
10547	40.0	42.5	10.0
10619	27.5	32.5	10.0
10691	37.5	37.5	7.5
10763	30.0	47.5	5.0
10835	27.5	45.0	10.0
10907	40.0	32.5	7.5
10979	35.0	37.5	7.5
11051	32.5	40.0	7.5
11123	40.0	50.0	2.5
11195	32.5	52.5	7.5
11267	35.0	45.0	10.0
11339	37.5	37.5	2.5
11411	35.0	37.5	0.0
11483	42.5	42.5	15.0
11555	37.5	35.0	15.0
11627	32.5	45.0	7.5
11699	40.0	50.0	7.5
11771	50.0	45.0	2.5
11843	45.0	20.0	10.0
11915	52.5	45.0	10.0
11987	42.5	45.0	12.5
12059	45.0	42.5	17.5
12131	42.5	42.5	30.0
12203	25.0	32.5	20.0
12275	42.5	55.0	7.5
12347	47.5	67.5	5.0
12419	40.0	57.5	12.5
12491	37.5	47.5	10.0
12563	32.5	30.0	7.5
12635	37.5	45.0	7.5
12707	22.5	45.0	17.5
12779	20.0	35.0	12.5
12851	32.5	35.0	5.0
12923	32.5	25.0	2.5
12995	30.0	22.5	2.5
13067	27.5	35.0	12.5
13139	40.0	35.0	10.0
13211	45.0	40.0	10.0
13283	40.0	42.5	12.5
13355	45.0	25.0	7.5
13427	32.5	30.0	10.0
13499	30.0	30.0	12.5
13571	32.5	20.0	12.5
13643	30.0	37.5	10.0
13715	25.0	42.5	7.5
13787	32.5	45.0	20.0
13859	30.0	42.5	27.5
13931	20.0	22.5	35.0
14003	30.0	25.0	30.0
14075	30.0	30.0	25.0
14147	30.0	17.5	32.5
14219	37.5	15.0	37.5
14291	42.5	25.0	22.5
14363	27.5	25.0	35.0
14435	32.5	27.5	32.5
14507	40.0	20.0	20.0
14579	40.0	25.0	15.0
14651	37.5	37.5	20.0
14723	50.0	15.0	32.5
14795	45.0	20.0	40.0
14867	50.0	27.5	30.0
14939	45.0	22.5	22.5
15011	20.0	52.5	32.5
15083	17.5	45.0	42.5
15155	20.0	40.0	50.0
15227	17.5	35.0	52.5
15299	15.0	37.5	35.0
15371	37.5	30.0	22.5
15443	47.5	32.5	27.5
15515	37.5	42.5	25.0
15587	55.0	37.5	20.0
15659	52.5	30.0	25.0
15731	40.0	25.0	27.5
15803	40.0	25.0	22.5
15875	32.5	25.0	17.5
15947	30.0	47.5	25.0
16019	20.0	65.0	30.0
16091	17.5	57.5	30.0
16163	35.0	37.5	52.5
16235	30.0	47.5	40.0
16307	17.5	67.5	30.0
16379	17.5	57.5	30.0
16451	20.0	47.5	30.0
16523	20.0	47.5	35.0
16595	20.0	52.5	35.0
16667	25.0	57.5	25.0
16739	40.0	42.5	27.5
16811	27.5	42.5	37.5
16883	30.0	40.0	32.5
16955	30.0	35.0	42.5
17027	27.5	42.5	35.0
17099	35.0	32.5	20.0
17171	45.0	37.5	27.5
17243	47.5	37.5	25.0
17315	45.0	37.5	22.5
17387	55.0	52.5	10.0
17459	62.5	40.0	15.0
17531	57.5	35.0	20.0
17603	55.0	42.5	22.5
17675	47.5	47.5	20.0
17747	42.5	47.5	22.5
17819	52.5	35.0	30.0
17891	37.5	32.5	42.5
17963	40.0	42.5	25.0
18035	42.5	32.5	32.5
18107	40.0	35.0	27.5
18179	32.5	50.0	32.5
18251	47.5	45.0	30.0
18323	65.0	35.0	20.0
18395	47.5	35.0	27.5
18467	42.5	45.0	32.5
18539	47.5	42.5	30.0
18611	47.5	42.5	27.5
18683	30.0	40.0	22.5
18755	15.0	62.5	27.5
18827	15.0	55.0	37.5
18899	20.0	50.0	35.0
18971	15.0	50.0	32.5
19043	15.0	50.0	17.5
19115	15.0	42.5	20.0
19187	20.0	50.0	20.0
19259	20.0	50.0	35.0
19331	20.0	45.0	37.5
19403	25.0	40.0	30.0
19475	42.5	35.0	25.0
19547	27.5	45.0	42.5
19619	32.5	32.5	40.0
19691	40.0	27.5	32.5
19763	40.0	30.0	20.0
19835	42.5	32.5	25.0
19907	50.0	40.0	27.5
19979	50.0	35.0	20.0
20051	45.0	27.5	22.5
20123	52.5	42.5	20.0
20195	52.5	45.0	5.0
20267	42.5	45.0	7.5
20339	50.0	42.5	7.5
20411	37.5	40.0	25.0
20483	22.5	17.5	55.0
20555	22.5	15.0	50.0
20627	35.0	15.0	47.5
20699	37.5	17.5	42.5
20771	32.5	22.5	40.0
20843	27.5	22.5	35.0
20915	27.5	30.0	32.5
20987	35.0	22.5	45.0
21059	35.0	17.5	37.5
21131	32.5	25.0	25.0
21203	17.5	25.0	37.5
21275	12.5	32.5	32.5
21347	12.5	35.0	40.0
21419	22.5	27.5	42.5
21491	47.5	20.0	40.0
21563	35.0	25.0	32.5
21635	42.5	15.0	27.5
21707	35.0	17.5	30.0
21779	42.5	25.0	47.5
21851	42.5	22.5	52.5
21923	40.0	20.0	50.0
21995	40.0	25.0	55.0
22067	42.5	22.5	55.0
22139	45.0	27.5	40.0
22211	50.0	17.5	42.5
22283	42.5	17.5	55.0
22355	37.5	27.5	57.5
22427	42.5	22.5	47.5
22499	37.5	30.0	52.5
22571	37.5	35.0	50.0
22643	47.5	27.5	57.5
22715	45.0	27.5	35.0
22787	30.0	25.0	25.0
22859	47.5	20.0	27.5
22931	45.0	30.0	20.0
23003	47.5	40.0	12.5
23075	50.0	32.5	20.0
23147	52.5	40.0	22.5
23219	42.5	45.0	22.5
23291	27.5	22.5	37.5
23363	27.5	32.5	37.5
23435	25.0	37.5	32.5
23507	17.5	40.0	25.0
23579	20.0	47.5	20.0
23651	10.0	37.5	35.0
23723	15.0	40.0	35.0
23795	27.5	42.5	25.0
23867	32.5	17.5	35.0
23939	35.0	22.5	30.0
24011	47.5	20.0	30.0
24083	27.5	42.5	42.5
24155	22.5	50.0	40.0
24227	17.5	32.5	30.0
24299	32.5	27.5	27.5
24371	22.5	50.0	32.5
24443	17.5	57.5	32.5
24515	15.0	50.0	32.5
24587	30.0	35.0	20.0
24659	35.0	30.0	22.5
24731	32.5	30.0	25.0
24803	42.5	35.0	17.5
24875	47.5	35.0	12.5
24947	37.5	27.5	22.5
25019	30.0	22.5	30.0
25091	27.5	20.0	27.5
25163	25.0	35.0	27.5
25235	32.5	47.5	27.5
25307	22.5	45.0	32.5
25379	17.5	50.0	37.5
25451	20.0	47.5	27.5
25523	12.5	50.0	30.0
25595	20.0	47.5	25.0
25667	17.5	55.0	37.5
25739	12.5	35.0	35.0
25811	25.0	35.0	40.0
25883	35.0	37.5	30.0
25955	45.0	35.0	12.5
26027	42.5	32.5	12.5
26099	42.5	25.0	27.5
26171	52.5	22.5	30.0
26243	42.5	20.0	22.5
26315	42.5	32.5	7.5
26387	35.0	35.0	15.0
26459	42.5	40.0	22.5
26531	40.0	37.5	17.5
26603	47.5	45.0	22.5
26675	50.0	37.5	20.0
26747	32.5	25.0	27.5
26819	40.0	27.5	27.5
26891	47.5	25.0	22.5
26963	52.5	32.5	15.0
27035	52.5	32.5	12.5
27107	52.5	35.0	15.0
27179	45.0	42.5	12.5
27251	42.5	45.0	15.0
27323	50.0	45.0	17.5
27395	52.5	50.0	15.0
27467	55.0	32.5	27.5
27539	50.0	22.5	22.5
27611	37.5	45.0	12.5
27683	37.5	55.0	20.0
27755	37.5	52.5	20.0
27827	50.0	55.0	15.0
27899	50.0	52.5	15.0
27971	45.0	52.5	10.0
28043	37.5	40.0	15.0
28115	35.0	47.5	2.5
28187	32.5	40.0	2.5
28259	37.5	27.5	12.5
28331	32.5	42.5	20.0
28403	37.5	47.5	15.0
28475	50.0	40.0	12.5
28547	50.0	35.0	10.0
28619	37.5	45.0	10.0
28691	32.5	37.5	20.0
28763	30.0	32.5	20.0
28835	25.0	32.5	22.5
28907	22.5	45.0	27.5
28979	40.0	32.5	25.0
29051	42.5	25.0	27.5
29123	42.5	37.5	10.0
29195	32.5	35.0	25.0
29267	20.0	30.0	35.0
29339	22.5	30.0	30.0
29411	42.5	25.0	20.0
29483	42.5	27.5	30.0
29555	40.0	30.0	20.0
29627	45.0	30.0	12.5
29699	52.5	42.5	12.5
29771	32.5	45.0	25.0
29843	27.5	35.0	27.5
29915	37.5	27.5	32.5
29987	32.5	27.5	32.5
30059	40.0	45.0	12.5
30131	55.0	62.5	7.5
30203	60.0	52.5	12.5
30275	60.0	37.5	17.5
30347	45.0	40.0	15.0
30419	32.5	42.5	22.5
30491	37.5	42.5	12.5
30563	47.5	40.0	10.0
30635	37.5	30.0	22.5
30707	45.0	37.5	20.0
30779	45.0	50.0	20.0
30851	52.5	57.5	7.5
30923	52.5	45.0	10.0
30995	50.0	45.0	12.5
31067	47.5	50.0	12.5
31139	52.5	50.0	10.0
31211	75.0	50.0	10.0
31283	62.5	35.0	12.5
31355	42.5	22.5	30.0
31427	45.0	35.0	15.0
31499	60.0	42.5	12.5
31571	47.5	42.5	10.0
31643	42.5	47.5	17.5
31715	50.0	60.0	12.5
31787	45.0	52.5	17.5
31859	42.5	50.0	12.5
31931	52.5	52.5	10.0
32003	52.5	37.5	22.5
32075	57.5	37.5	12.5
32147	50.0	50.0	12.5
32219	42.5	40.0	12.5
32291	42.5	35.0	20.0
32363	27.5	42.5	37.5
32435	27.5	47.5	47.5
32507	20.0	55.0	37.5
32579	17.5	45.0	42.5
32651	17.5	40.0	47.5
32723	15.0	45.0	35.0
32795	20.0	30.0	42.5
32867	32.5	45.0	37.5
32939	25.0	55.0	27.5
33011	17.5	55.0	45.0
33083	15.0	47.5	47.5
33155	15.0	50.0	47.5
33227	7.5	52.5	45.0
33299	7.5	60.0	52.5
33371	22.5	52.5	55.0
33443	12.5	42.5	52.5
33515	15.0	45.0	40.0
33587	22.5	50.0	25.0
33659	22.5	55.0	40.0
33731	17.5	40.0	45.0
33803	35.0	37.5	42.5
33875	32.5	37.5	35.0
33947	32.5	27.5	45.0
34019	27.5	17.5	62.5
34091	35.0	20.0	52.5
34163	40.0	15.0	47.5
34235	40.0	12.5	52.5
34307	37.5	20.0	45.0
34379	42.5	17.5	57.5
34451	32.5	22.5	57.5
34523	27.5	25.0	50.0
34595	35.0	12.5	42.5
34667	40.0	12.5	47.5
34739	50.0	10.0	45.0
34811	32.5	15.0	60.0
34883	32.5	20.0	65.0
34955	22.5	17.5	60.0
35027	22.5	20.0	50.0
35099	30.0	25.0	50.0
35171	40.0	17.5	55.0
35243	47.5	12.5	50.0
35315	37.5	17.5	55.0
35387	32.5	20.0	57.5
35459	40.0	20.0	52.5
35531	52.5	20.0	52.5
35603	50.0	17.5	40.0
35675	40.0	10.0	50.0
35747	40.0	17.5	62.5
35819	37.5	27.5	50.0
35891	30.0	27.5	40.0
35963	32.5	22.5	47.5
36035	27.5	20.0	50.0
36107	22.5	30.0	40.0
36179	40.0	22.5	47.5
36251	45.0	25.0	42.5
36323	37.5	27.5	42.5
36395	17.5	30.0	45.0
36467	32.5	22.5	47.5
36539	35.0	20.0	52.5
36611	35.0	22.5	45.0
36683	30.0	17.5	52.5
36755	37.5	17.5	47.5
36827	32.5	20.0	32.5
36899	27.5	17.5	37.5
36971	22.5	20.0	35.0
37043	27.5	30.0	40.0
37115	37.5	20.0	42.5
37187	40.0	20.0	55.0
37259	27.5	22.5	52.5
37331	42.5	10.0	57.5
37403	50.0	7.5	67.5
37475	45.0	12.5	52.5
37547	37.5	17.5	42.5
37619	30.0	17.5	52.5
37691	32.5	10.0	65.0
37763	32.5	10.0	52.5
37835	42.5	10.0	45.0
37907	40.0	22.5	40.0
37979	37.5	22.5	42.5
38051	35.0	20.0	60.0
38123	40.0	12.5	55.0
38195	47.5	12.5	50.0
38267	45.0	17.5	52.5
38339	40.0	32.5	45.0
38411	30.0	25.0	45.0
38483	37.5	27.5	45.0
38555	45.0	20.0	45.0
38627	42.5	25.0	45.0
38699	37.5	35.0	40.0
38771	45.0	20.0	40.0
38843	32.5	22.5	37.5
38915	37.5	15.0	37.5
38987	32.5	17.5	40.0
39059	35.0	15.0	50.0
39131	42.5	10.0	35.0
39203	47.5	7.5	45.0
39275	40.0	7.5	67.5
39347	37.5	10.0	57.5
39419	32.5	12.5	45.0
39491	40.0	10.0	55.0
39563	47.5	15.0	55.0
39635	27.5	17.5	52.5
39707	27.5	15.0	45.0
39779	40.0	15.0	60.0
39851	35.0	22.5	52.5
39923	25.0	30.0	32.5
39995	30.0	15.0	40.0
40067	35.0	7.5	45.0
40139	30.0	7.5	57.5
40211	25.0	15.0	57.5
40283	30.0	22.5	47.5
40355	45.0	17.5	42.5
40427	35.0	27.5	42.5
40499	27.5	30.0	45.0
40571	45.0	30.0	40.0
40643	45.0	35.0	37.5
40715	45.0	15.0	37.5
40787	50.0	5.0	45.0
40859	57.5	15.0	40.0
40931	57.5	25.0	32.5
41003	37.5	27.5	37.5
41075	42.5	22.5	50.0
41147	42.5	15.0	52.5
41219	47.5	15.0	40.0
41291	40.0	25.0	27.5
41363	45.0	25.0	32.5
41435	52.5	15.0	27.5
41507	50.0	22.5	32.5
41579	40.0	27.5	35.0
41651	35.0	27.5	20.0
41723	40.0	30.0	32.5
41795	40.0	25.0	42.5
41867	50.0	22.5	35.0
41939	37.5	27.5	25.0
42011	42.5	27.5	40.0
42083	52.5	22.5	52.5
42155	40.0	15.0	47.5
42227	37.5	30.0	22.5
42299	45.0	20.0	32.5
42371	32.5	25.0	45.0
42443	30.0	25.0	37.5
42515	42.5	30.0	40.0
42587	37.5	27.5	27.5
42659	42.5	32.5	30.0
42731	47.5	25.0	32.5
42803	50.0	17.5	42.5
42875	47.5	25.0	32.5
42947	40.0	20.0	32.5
43019	42.5	17.5	37.5
43091	50.0	20.0	42.5
43163	47.5	22.5	30.0
43235	45.0	20.0	32.5
43307	47.5	20.0	40.0
43379	45.0	20.0	37.5
43451	47.5	20.0	32.5
43523	52.5	12.5	40.0
43595	40.0	27.5	32.5
43667	47.5	30.0	40.0
43739	57.5	25.0	45.0
43811	37.5	30.0	32.5
43883	52.5	22.5	40.0
43955	60.0	12.5	40.0
44027	57.5	12.5	40.0
44099	42.5	15.0	40.0
44171	40.0	20.0	40.0
44243	40.0	30.0	25.0
44315	32.5	30.0	27.5
44387	42.5	27.5	30.0
44459	45.0	30.0	30.0
44531	40.0	25.0	40.0
44603	42.5	25.0	35.0
44675	32.5	32.5	22.5
44747	25.0	42.5	25.0
44819	30.0	40.0	27.5
44891	37.5	55.0	12.5
44963	40.0	47.5	20.0
45035	32.5	42.5	15.0
45107	27.5	47.5	10.0
45179	37.5	50.0	17.5
45251	35.0	47.5	12.5
45323	20.0	45.0	17.5
45395	30.0	47.5	22.5
45467	35.0	40.0	37.5
45539	30.0	47.5	30.0
45611	27.5	42.5	30.0
45683	30.0	42.5	30.0
45755	45.0	45.0	27.5
45827	35.0	40.0	35.0
45899	32.5	32.5	32.5
45971	35.0	30.0	22.5
46043	47.5	57.5	10.0
46115	50.0	55.0	7.5
46187	30.0	37.5	15.0
46259	35.0	37.5	22.5
46331	40.0	40.0	12.5
46403	22.5	42.5	22.5
46475	25.0	50.0	17.5
46547	32.5	55.0	15.0
46619	42.5	50.0	20.0
46691	20.0	47.5	27.5
46763	25.0	52.5	22.5
46835	25.0	47.5	22.5
46907	22.5	35.0	22.5
46979	35.0	45.0	25.0
47051	32.5	55.0	22.5
47123	32.5	45.0	17.5
47195	30.0	40.0	25.0
47267	35.0	52.5	22.5
47339	32.5	52.5	20.0
47411	40.0	50.0	17.5
47483	37.5	45.0	17.5
47555	32.5	40.0	22.5
47627	37.5	47.5	15.0
47699	30.0	42.5	15.0
47771	25.0	32.5	25.0
47843	40.0	42.5	27.5
47915	42.5	40.0	27.5
47987	30.0	42.5	17.5
48059	40.0	42.5	17.5
48131	40.0	52.5	17.5
48203	40.0	45.0	20.0
48275	30.0	45.0	25.0
48347	40.0	35.0	25.0
48419	32.5	30.0	27.5
48491	37.5	37.5	25.0
48563	35.0	40.0	25.0
48635	30.0	45.0	25.0
48707	35.0	37.5	15.0
48779	47.5	47.5	15.0
48851	37.5	57.5	30.0
48923	32.5	50.0	25.0
48995	32.5	40.0	15.0
49067	37.5	40.0	17.5
49139	37.5	42.5	22.5
49211	37.5	52.5	7.5
49283	35.0	52.5	10.0
49355	42.5	47.5	17.5
49427	35.0	37.5	30.0
49499	25.0	35.0	30.0
49571	25.0	47.5	17.5
49643	25.0	42.5	25.0
49715	25.0	35.0	40.0
49787	22.5	40.0	45.0
49859	30.0	45.0	27.5
49931	27.5	45.0	20.0
50003	22.5	37.5	30.0
50075	27.5	40.0	27.5
50147	25.0	45.0	32.5
50219	35.0	42.5	25.0
50291	37.5	42.5	20.0
50363	35.0	47.5	27.5
50435	32.5	52.5	22.5
50507	40.0	50.0	22.5
50579	30.0	40.0	30.0
50651	37.5	32.5	25.0
50723	42.5	35.0	20.0
50795	40.0	35.0	17.5
50867	32.5	35.0	25.0
50939	40.0	40.0	22.5
51011	37.5	55.0	25.0
51083	25.0	65.0	25.0
51155	35.0	50.0	25.0
51227	25.0	45.0	35.0
51299	30.0	45.0	27.5
51371	32.5	45.0	20.0
51443	35.0	55.0	10.0
51515	40.0	47.5	30.0
51587	37.5	40.0	32.5
51659	45.0	47.5	15.0
51731	45.0	47.5	20.0
51803	37.5	40.0	25.0
51875	27.5	12.5	27.5
51947	30.0	15.0	27.5
52019	32.5	35.0	35.0
52091	30.0	35.0	42.5
52163	32.5	27.5	45.0
52235	32.5	30.0	35.0
52307	50.0	27.5	30.0
52379	57.5	20.0	37.5
52451	50.0	22.5	35.0
52523	47.5	22.5	35.0
52595	50.0	17.5	32.5
52667	45.0	22.5	17.5
52739	40.0	20.0	25.0
52811	37.5	17.5	30.0
52883	35.0	27.5	25.0
52955	35.0	55.0	17.5
53027	45.0	55.0	25.0
53099	47.5	42.5	17.5
53171	40.0	35.0	32.5
53243	32.5	42.5	22.5
53315	35.0	37.5	30.0
53387	32.5	45.0	35.0
53459	27.5	35.0	42.5
53531	25.0	32.5	27.5
53603	25.0	27.5	35.0
53675	37.5	35.0	37.5
53747	45.0	40.0	30.0
53819	35.0	50.0	22.5
53891	37.5	52.5	22.5
53963	47.5	32.5	32.5
54035	37.5	40.0	37.5
54107	37.5	50.0	22.5
54179	37.5	42.5	12.5
54251	40.0	17.5	12.5
54323	40.0	20.0	30.0
54395	45.0	15.0	32.5
54467	30.0	25.0	42.5
54539	15.0	35.0	52.5
54611	17.5	40.0	42.5
54683	15.0	37.5	45.0
54755	22.5	32.5	47.5
54827	47.5	20.0	40.0
54899	45.0	10.0	40.0
54971	27.5	22.5	47.5
55043	27.5	25.0	57.5
55115	10.0	35.0	55.0
55187	20.0	32.5	47.5
55259	25.0	27.5	40.0
55331	30.0	22.5	35.0
55403	45.0	20.0	22.5
55475	45.0	25.0	5.0
55547	40.0	22.5	15.0
55619	37.5	37.5	22.5
55691	52.5	37.5	37.5
55763	45.0	35.0	37.5
55835	27.5	40.0	17.5
55907	32.5	40.0	25.0
55979	32.5	47.5	35.0
56051	25.0	47.5	20.0
56123	22.5	45.0	17.5
56195	27.5	37.5	30.0
56267	27.5	25.0	40.0
56339	25.0	20.0	37.5
56411	25.0	17.5	37.5
56483	25.0	20.0	30.0
56555	52.5	22.5	27.5
56627	57.5	22.5	35.0
56699	35.0	27.5	30.0
56771	15.0	35.0	50.0
56843	17.5	25.0	47.5
56915	20.0	35.0	45.0
56987	20.0	47.5	40.0
57059	27.5	35.0	32.5
57131	30.0	32.5	32.5
57203	17.5	35.0	50.0
57275	12.5	47.5	52.5
57347	22.5	40.0	52.5
57419	27.5	30.0	52.5
57491	25.0	37.5	42.5
57563	12.5	47.5	45.0
57635	12.5	40.0	50.0
57707	17.5	47.5	42.5
57779	12.5	35.0	42.5
57851	7.5	35.0	55.0
57923	12.5	42.5	40.0
57995	15.0	37.5	35.0
58067	17.5	35.0	37.5
58139	7.5	32.5	57.5
58211	10.0	32.5	42.5
58283	25.0	35.0	35.0
58355	25.0	37.5	42.5
58427	25.0	35.0	55.0
58499	22.5	37.5	45.0
58571	10.0	25.0	42.5
58643	17.5	17.5	45.0
58715	22.5	20.0	42.5
58787	20.0	17.5	42.5
58859	32.5	15.0	45.0
58931	22.5	27.5	55.0
59003	25.0	27.5	40.0
59075	27.5	30.0	40.0
59147	40.0	22.5	40.0
59219	45.0	12.5	45.0
59291	35.0	15.0	37.5
59363	27.5	25.0	32.5
59435	22.5	32.5	47.5
59507	22.5	27.5	40.0
59579	17.5	42.5	32.5
59651	35.0	37.5	30.0
59723	35.0	40.0	35.0
59795	22.5	30.0	40.0
59867	17.5	30.0	35.0
59939	30.0	35.0	37.5
60011	37.5	37.5	30.0
60083	20.0	42.5	40.0
60155	15.0	47.5	45.0
60227	25.0	40.0	47.5
60299	20.0	40.0	52.5
60371	17.5	40.0	42.5
60443	42.5	32.5	17.5
60515	52.5	40.0	12.5
60587	25.0	37.5	20.0
60659	32.5	30.0	17.5
60731	40.0	37.5	15.0
60803	32.5	37.5	25.0
60875	25.0	35.0	27.5
60947	35.0	35.0	27.5
61019	37.5	42.5	32.5
61091	37.5	40.0	30.0
61163	35.0	30.0	20.0
61235	42.5	17.5	25.0
61307	42.5	30.0	32.5
61379	40.0	37.5	27.5
61451	45.0	45.0	15.0
61523	32.5	30.0	17.5
61595	30.0	32.5	30.0
61667	32.5	32.5	30.0
61739	35.0	47.5	25.0
61811	20.0	62.5	20.0
61883	37.5	57.5	22.5
61955	37.5	47.5	32.5
62027	30.0	50.0	30.0
62099	40.0	47.5	35.0
62171	45.0	35.0	37.5
62243	30.0	37.5	32.5
62315	37.5	40.0	30.0
62387	55.0	37.5	22.5
62459	47.5	42.5	22.5
62531	37.5	47.5	30.0
62603	27.5	45.0	25.0
62675	30.0	57.5	25.0
62747	47.5	50.0	30.0
62819	25.0	47.5	32.5
62891	22.5	57.5	27.5
62963	40.0	47.5	22.5
63035	45.0	50.0	30.0
63107	42.5	45.0	32.5
63179	25.0	35.0	22.5
63251	25.0	50.0	22.5
63323	25.0	50.0	32.5
63395	32.5	42.5	30.0
63467	60.0	50.0	15.0
63539	55.0	47.5	30.0
63611	50.0	45.0	35.0
63683	40.0	42.5	30.0
63755	25.0	35.0	35.0
63827	37.5	37.5	22.5
63899	42.5	50.0	27.5
63971	37.5	25.0	30.0
64043	35.0	22.5	27.5
64115	32.5	27.5	32.5
64187	37.5	25.0	25.0
64259	50.0	20.0	27.5
64331	50.0	20.0	25.0
64403	40.0	27.5	22.5
64475	35.0	32.5	22.5
64547	30.0	20.0	27.5
64619	37.5	15.0	37.5
64691	45.0	7.5	37.5
64763	45.0	12.5	42.5
64835	47.5	10.0	40.0
64907	40.0	25.0	42.5
64979	27.5	55.0	30.0
65051	12.5	67.5	20.0
65123	27.5	45.0	22.5
65195	35.0	50.0	22.5
65267	30.0	32.5	35.0
65339	35.0	20.0	37.5
65411	27.5	15.0	40.0
65483	25.0	15.0	40.0
65555	27.5	40.0	35.0
65627	32.5	30.0	37.5
65699	45.0	27.5	35.0
65771	42.5	32.5	22.5
65843	42.5	32.5	17.5
65915	55.0	25.0	22.5
65987	42.5	30.0	25.0
66059	45.0	22.5	25.0
66131	42.5	25.0	27.5
66203	40.0	22.5	35.0
66275	30.0	25.0	22.5
66347	40.0	37.5	12.5
66419	37.5	42.5	12.5
66491	37.5	32.5	25.0
66563	37.5	35.0	30.0
66635	30.0	42.5	30.0
66707	30.0	57.5	32.5
66779	30.0	45.0	22.5
66851	32.5	32.5	15.0
66923	40.0	35.0	27.5
66995	37.5	20.0	37.5
67067	27.5	5.0	50.0
67139	27.5	15.0	40.0
67211	42.5	15.0	30.0
67283	57.5	7.5	32.5
67355	40.0	15.0	47.5
67427	37.5	15.0	47.5
67499	45.0	7.5	30.0
67571	45.0	17.5	27.5
67643	40.0	27.5	40.0
67715	40.0	20.0	37.5
67787	25.0	30.0	45.0
67859	20.0	32.5	42.5
67931	27.5	32.5	40.0
68003	27.5	32.5	52.5
68075	35.0	37.5	37.5
68147	32.5	37.5	30.0
68219	35.0	27.5	25.0
68291	25.0	25.0	35.0
68363	25.0	40.0	30.0
68435	25.0	40.0	35.0
68507	12.5	32.5	60.0
68579	20.0	25.0	60.0
68651	20.0	30.0	60.0
68723	12.5	30.0	47.5
68795	15.0	20.0	30.0
68867	22.5	55.0	17.5
68939	30.0	67.5	20.0
69011	30.0	55.0	15.0
69083	30.0	60.0	15.0
69155	32.5	70.0	15.0
69227	47.5	50.0	25.0
69299	52.5	37.5	15.0
69371	45.0	55.0	12.5
69443	22.5	57.5	27.5
69515	40.0	42.5	22.5
69587	42.5	40.0	15.0
69659	45.0	42.5	22.5
69731	35.0	55.0	20.0
69803	27.5	60.0	25.0
69875	37.5	42.5	17.5
69947	37.5	30.0	22.5
70019	25.0	32.5	30.0
70091	15.0	25.0	37.5
70163	17.5	35.0	42.5
70235	22.5	32.5	37.5
70307	20.0	27.5	35.0
70379	25.0	25.0	20.0
70451	22.5	25.0	30.0
70523	15.0	45.0	52.5
70595	15.0	35.0	52.5
70667	7.5	45.0	45.0
70739	10.0	47.5	35.0
70811	12.5	37.5	37.5
70883	20.0	32.5	40.0
70955	30.0	27.5	35.0
71027	37.5	17.5	45.0
71099	37.5	20.0	37.5
71171	35.0	35.0	30.0
71243	42.5	27.5	35.0
71315	65.0	17.5	25.0
71387	65.0	10.0	30.0
71459	57.5	15.0	45.0
71531	52.5	15.0	47.5
71603	55.0	12.5	50.0
71675	47.5	22.5	45.0
71747	37.5	32.5	47.5
71819	50.0	20.0	52.5
71891	40.0	27.5	47.5
71963	30.0	30.0	32.5
72035	22.5	17.5	37.5
72107	25.0	25.0	40.0
72179	20.0	32.5	40.0
72251	10.0	40.0	50.0
72323	20.0	45.0	42.5
72395	42.5	40.0	30.0
72467	37.5	35.0	37.5
72539	12.5	32.5	35.0
72611	22.5	35.0	37.5
72683	32.5	40.0	35.0
72755	40.0	37.5	42.5
72827	37.5	45.0	37.5
72899	25.0	35.0	30.0
72971	22.5	32.5	30.0
73043	17.5	50.0	37.5
73115	17.5	55.0	52.5
73187	20.0	35.0	47.5
73259	30.0	32.5	40.0
73331	35.0	25.0	45.0
73403	35.0	25.0	50.0
73475	30.0	27.5	40.0
73547	25.0	35.0	50.0
73619	22.5	42.5	55.0
73691	40.0	35.0	35.0
73763	25.0	37.5	55.0
73835	30.0	30.0	60.0
73907	25.0	35.0	52.5
73979	27.5	30.0	40.0
74051	30.0	32.5	55.0
74123	17.5	50.0	70.0
74195	20.0	40.0	65.0
74267	20.0	30.0	55.0
74339	17.5	42.5	45.0
74411	22.5	32.5	25.0
74483	20.0	30.0	22.5
74555	20.0	45.0	22.5
74627	25.0	42.5	22.5
74699	25.0	37.5	17.5
74771	45.0	22.5	27.5
74843	52.5	25.0	27.5
74915	42.5	27.5	35.0
74987	40.0	32.5	32.5
75059	50.0	37.5	42.5
75131	40.0	32.5	30.0
75203	42.5	27.5	30.0
75275	45.0	22.5	32.5
75347	45.0	27.5	37.5
75419	35.0	22.5	45.0
75491	37.5	15.0	32.5
75563	42.5	32.5	22.5
75635	37.5	52.5	17.5
75707	30.0	47.5	22.5
75779	25.0	32.5	22.5
75851	40.0	40.0	17.5
75923	27.5	37.5	30.0
75995	25.0	37.5	17.5
76067	32.5	52.5	12.5
76139	37.5	45.0	20.0
76211	35.0	40.0	37.5
76283	25.0	47.5	37.5
76355	37.5	40.0	27.5
76427	27.5	42.5	22.5
76499	35.0	40.0	20.0
76571	42.5	50.0	22.5
76643	37.5	50.0	40.0
76715	37.5	40.0	20.0
76787	17.5	32.5	37.5
76859	15.0	35.0	45.0
76931	20.0	27.5	35.0
77003	25.0	40.0	37.5
77075	12.5	37.5	40.0
77147	25.0	45.0	30.0
77219	30.0	35.0	37.5
77291	30.0	20.0	47.5
77363	27.5	35.0	35.0
77435	22.5	42.5	17.5
77507	22.5	20.0	15.0
77579	25.0	10.0	30.0
77651	40.0	12.5	40.0
77723	42.5	15.0	27.5
77795	37.5	47.5	20.0
77867	32.5	40.0	25.0
77939	20.0	30.0	32.5
78011	25.0	35.0	37.5
78083	30.0	47.5	35.0
78155	25.0	47.5	30.0
78227	27.5	52.5	17.5
78299	37.5	45.0	15.0
78371	47.5	27.5	15.0
78443	40.0	32.5	22.5
78515	42.5	30.0	32.5
78587	35.0	32.5	20.0
78659	30.0	40.0	25.0
78731	40.0	25.0	30.0
78803	27.5	27.5	30.0
78875	27.5	35.0	32.5
78947	30.0	27.5	37.5
79019	35.0	20.0	32.5
79091	47.5	20.0	30.0
79163	35.0	32.5	30.0
79235	32.5	30.0	25.0
79307	32.5	32.5	22.5
79379	35.0	32.5	27.5
79451	37.5	25.0	32.5
79523	27.5	25.0	32.5
79595	22.5	17.5	37.5
79667	40.0	17.5	32.5
79739	32.5	27.5	35.0
79811	30.0	22.5	50.0
79883	27.5	22.5	52.5
79955	22.5	25.0	37.5
80027	20.0	35.0	27.5
80099	32.5	42.5	37.5
80171	32.5	52.5	32.5
80243	25.0	65.0	15.0
80315	37.5	55.0	15.0
80387	40.0	47.5	27.5
80459	32.5	45.0	40.0
80531	30.0	40.0	27.5
80603	20.0	37.5	35.0
80675	25.0	45.0	32.5
80747	22.5	45.0	32.5
80819	22.5	32.5	22.5
80891	22.5	55.0	22.5
80963	25.0	55.0	30.0
81035	37.5	42.5	35.0
81107	42.5	37.5	27.5
81179	30.0	40.0	30.0
81251	27.5	45.0	32.5
81323	30.0	35.0	27.5
81395	27.5	27.5	32.5
81467	35.0	40.0	17.5
81539	32.5	67.5	17.5
81611	35.0	67.5	30.0
81683	42.5	47.5	27.5
81755	40.0	45.0	15.0
81827	40.0	62.5	17.5
81899	42.5	55.0	25.0
81971	40.0	45.0	42.5
82043	40.0	45.0	30.0
82115	50.0	35.0	27.5
82187	40.0	45.0	32.5
82259	37.5	52.5	27.5
82331	25.0	45.0	35.0
82403	27.5	42.5	37.5
82475	42.5	47.5	27.5
82547	30.0	32.5	17.5
82619	37.5	25.0	30.0
82691	50.0	20.0	32.5
82763	50.0	25.0	25.0
82835	50.0	27.5	35.0
82907	40.0	32.5	40.0
82979	40.0	27.5	32.5
83051	55.0	20.0	27.5
83123	47.5	25.0	35.0
83195	42.5	27.5	50.0
83267	35.0	27.5	42.5
83339	30.0	25.0	35.0
83411	30.0	22.5	25.0
83483	27.5	30.0	15.0
83555	22.5	25.0	32.5
83627	25.0	22.5	35.0
83699	25.0	22.5	37.5
83771	22.5	30.0	47.5
83843	20.0	27.5	45.0
83915	17.5	47.5	45.0
83987	20.0	42.5	47.5
84059	27.5	42.5	37.5
84131	42.5	40.0	27.5
84203	35.0	17.5	35.0
84275	35.0	30.0	42.5
84347	37.5	32.5	35.0
84419	52.5	27.5	32.5
84491	40.0	25.0	30.0
84563	25.0	25.0	27.5
84635	40.0	25.0	30.0
84707	47.5	32.5	50.0
84779	40.0	25.0	50.0
84851	40.0	15.0	40.0
84923	50.0	22.5	40.0
84995	27.5	35.0	27.5
85067	32.5	52.5	27.5
85139	40.0	30.0	22.5
85211	47.5	20.0	30.0
85283	27.5	15.0	40.0
85355	25.0	35.0	40.0
85427	32.5	47.5	27.5
85499	35.0	42.5	22.5
85571	32.5	35.0	30.0
85643	22.5	42.5	32.5
85715	30.0	50.0	32.5
85787	27.5	57.5	25.0
85859	32.5	42.5	27.5
85931	42.5	40.0	25.0
86003	35.0	50.0	15.0
86075	27.5	32.5	17.5
86147	42.5	30.0	22.5
86219	45.0	25.0	32.5
86291	40.0	27.5	42.5
86363	37.5	22.5	25.0
86435	30.0	25.0	25.0
86507	30.0	32.5	40.0
86579	30.0	27.5	42.5
86651	25.0	27.5	35.0
86723	32.5	27.5	30.0
86795	30.0	32.5	35.0
86867	27.5	37.5	30.0
86939	45.0	22.5	22.5
87011	57.5	15.0	30.0
87083	37.5	20.0	35.0
87155	35.0	20.0	32.5
87227	42.5	15.0	17.5
87299	40.0	22.5	27.5
87371	37.5	30.0	37.5
87443	35.0	30.0	22.5
87515	27.5	45.0	20.0
87587	37.5	45.0	20.0
87659	30.0	27.5	42.5
87731	22.5	25.0	47.5
87803	27.5	25.0	45.0
87875	27.5	32.5	57.5
87947	37.5	32.5	45.0
88019	17.5	32.5	35.0
88091	37.5	22.5	32.5
88163	37.5	32.5	40.0
88235	40.0	35.0	37.5
88307	32.5	35.0	27.5
88379	50.0	27.5	27.5
88451	62.5	22.5	37.5
88523	42.5	25.0	37.5
88595	40.0	35.0	35.0
88667	45.0	27.5	32.5
88739	35.0	20.0	30.0
88811	20.0	17.5	20.0
88883	17.5	27.5	40.0
88955	20.0	30.0	45.0
89027	22.5	35.0	35.0
89099	17.5	32.5	42.5
89171	30.0	32.5	42.5
89243	30.0	32.5	47.5
89315	15.0	35.0	47.5
89387	32.5	25.0	30.0
89459	52.5	17.5	30.0
89531	42.5	20.0	32.5
89603	40.0	20.0	42.5
89675	52.5	22.5	40.0
89747	35.0	27.5	22.5
89819	20.0	20.0	30.0
89891	20.0	27.5	30.0
89963	22.5	32.5	20.0
90035	20.0	32.5	22.5
90107	30.0	30.0	22.5
90179	35.0	17.5	35.0
90251	32.5	32.5	35.0
90323	25.0	30.0	35.0
90395	15.0	27.5	32.5
90467	37.5	35.0	35.0
90539	35.0	32.5	35.0
90611	40.0	37.5	27.5
90683	47.5	32.5	27.5
90755	45.0	32.5	22.5
90827	40.0	25.0	27.5
90899	40.0	22.5	30.0
90971	30.0	22.5	32.5
91043	30.0	25.0	27.5
91115	25.0	32.5	32.5
91187	25.0	25.0	30.0
91259	35.0	27.5	32.5
91331	32.5	27.5	32.5
91403	37.5	17.5	40.0
91475	35.0	17.5	42.5
91547	17.5	32.5	52.5
91619	27.5	45.0	45.0
91691	27.5	45.0	40.0
91763	25.0	37.5	20.0
91835	30.0	22.5	35.0
91907	30.0	45.0	37.5
91979	25.0	37.5	32.5
92051	27.5	22.5	35.0
92123	25.0	22.5	25.0
92195	25.0	27.5	15.0
92267	20.0	25.0	27.5
92339	27.5	35.0	32.5
92411	22.5	22.5	27.5
92483	22.5	17.5	40.0
92555	40.0	32.5	40.0
92627	42.5	47.5	35.0
92699	52.5	47.5	25.0
92771	42.5	50.0	22.5
92843	37.5	37.5	22.5
92915	30.0	30.0	32.5
92987	45.0	22.5	27.5
93059	50.0	12.5	32.5
93131	22.5	25.0	30.0
93203	30.0	27.5	27.5
93275	42.5	30.0	30.0
93347	27.5	35.0	17.5
93419	32.5	32.5	32.5
93491	30.0	40.0	30.0
93563	10.0	22.5	25.0
93635	22.5	32.5	35.0
93707	35.0	30.0	22.5
93779	35.0	40.0	22.5
93851	25.0	27.5	27.5
93923	17.5	30.0	42.5
93995	27.5	30.0	30.0
94067	27.5	20.0	40.0
94139	25.0	35.0	25.0
94211	15.0	47.5	20.0
94283	20.0	52.5	20.0
94355	27.5	40.0	20.0
94427	17.5	47.5	30.0
94499	20.0	32.5	35.0
94571	25.0	35.0	30.0
94643	30.0	32.5	25.0
94715	37.5	35.0	27.5
94787	30.0	42.5	22.5
94859	37.5	40.0	22.5
94931	35.0	30.0	22.5
95003	37.5	32.5	15.0
95075	27.5	40.0	35.0
95147	35.0	42.5	35.0
95219	30.0	57.5	35.0
95291	12.5	30.0	22.5
95363	22.5	32.5	30.0
95435	25.0	27.5	40.0
95507	22.5	50.0	30.0
95579	10.0	52.5	45.0
95651	25.0	32.5	45.0
95723	35.0	22.5	32.5
95795	35.0	25.0	25.0
95867	37.5	42.5	30.0
95939	45.0	32.5	47.5
96011	32.5	32.5	47.5
96083	30.0	17.5	47.5
96155	20.0	22.5	47.5
96227	27.5	22.5	35.0
96299	42.5	35.0	17.5
96371	37.5	57.5	22.5
96443	27.5	47.5	30.0
96515	25.0	42.5	35.0
96587	40.0	40.0	45.0
96659	40.0	35.0	30.0
96731	30.0	42.5	22.5
96803	27.5	42.5	25.0
96875	32.5	35.0	25.0
96947	20.0	45.0	40.0
97019	22.5	37.5	40.0
97091	25.0	22.5	35.0
97163	22.5	17.5	42.5
97235	25.0	27.5	37.5
97307	25.0	12.5	35.0
97379	32.5	37.5	27.5
97451	32.5	55.0	30.0
97523	30.0	30.0	37.5
97595	20.0	27.5	42.5
97667	15.0	32.5	47.5
97739	25.0	40.0	50.0
97811	22.5	20.0	50.0
97883	22.5	30.0	30.0
97955	50.0	37.5	15.0
98027	60.0	30.0	20.0
98099	47.5	22.5	20.0
98171	52.5	12.5	20.0
98243	52.5	20.0	22.5
98315	40.0	27.5	20.0
98387	22.5	42.5	27.5
98459	17.5	40.0	35.0
98531	12.5	40.0	40.0
98603	22.5	37.5	35.0
98675	30.0	35.0	30.0
98747	30.0	42.5	35.0
98819	35.0	45.0	30.0
98891	35.0	32.5	35.0
98963	32.5	27.5	30.0
99035	32.5	27.5	25.0
99107	35.0	25.0	22.5
99179	45.0	35.0	22.5
99251	32.5	30.0	40.0
99323	25.0	25.0	30.0
99395	30.0	20.0	32.5