# BASE VAL1 VAL2
# color 0:255:0 0:0:255 100:100:100
71	40.3125	34.0625	26.25
215	42.1875	39.375	22.8125
359	40.9375	41.875	23.75
503	41.25	41.25	23.125
647	42.5	40.0	23.125
791	42.8125	38.125	23.4375
935	43.75	39.6875	22.5
1079	43.4375	36.875	21.5625
1223	43.125	33.75	22.1875
1367	43.125	34.0625	22.5
1511	41.5625	33.125	25.3125
1655	40.3125	31.5625	26.5625
1799	37.1875	30.3125	29.375
1943	38.125	29.375	29.6875
2087	39.375	28.125	30.0
2231	41.875	25.9375	30.625
2375	43.4375	26.5625	28.75
2519	46.875	27.1875	27.1875
2663	48.75	26.875	23.75
2807	49.375	29.0625	22.5
2951	47.8125	29.6875	21.875
3095	46.5625	31.25	22.1875
3239	46.25	32.8125	23.75
3383	46.25	33.75	21.5625
3527	45.625	33.75	21.875
3671	44.6875	35.0	23.75
3815	48.4375	32.5	23.75
3959	50.9375	31.25	24.0625
4103	46.5625	30.0	26.25
4247	42.1875	32.8125	30.3125
4391	38.75	35.3125	31.875
4535	32.5	37.1875	35.9375
4679	28.75	38.4375	36.25
4823	24.375	41.875	37.5
4967	22.8125	44.6875	39.0625
5111	21.5625	44.6875	36.875
5255	21.5625	41.875	33.125
5399	20.3125	41.5625	35.0
5543	18.75	41.5625	34.375
5687	17.8125	41.25	35.3125
5831	16.5625	40.3125	38.125
5975	15.625	40.0	38.125
6119	15.3125	40.9375	39.0625
6263	14.6875	41.25	40.0
6407	14.0625	41.5625	41.875
6551	15.625	37.8125	41.25
6695	18.4375	36.25	40.0
6839	19.0625	37.1875	40.625
6983	18.125	38.125	43.125
7127	19.6875	35.625	41.5625
7271	24.0625	36.5625	39.375
7415	28.125	36.5625	36.25
7559	30.625	37.5	32.5
7703	31.875	38.125	31.875
7847	33.75	36.25	26.5625
7991	37.8125	35.625	20.625
8135	37.8125	35.3125	17.5
8279	39.0625	35.625	14.6875
8423	39.0625	36.5625	12.1875
8567	41.25	37.1875	11.25
8711	40.0	37.5	10.0
8855	40.625	38.125	9.375
8999	40.625	38.4375	10.625
9143	39.0625	40.3125	8.75
9287	35.9375	39.6875	8.75
9431	36.5625	40.0	8.4375
9575	37.1875	40.625	7.1875
9719	38.125	41.875	8.125
9863	36.5625	42.1875	7.5
10007	35.3125	43.125	7.5
10151	36.875	42.1875	7.8125
10295	36.5625	40.9375	8.125
10439	35.0	42.5	7.8125
10583	35.0	41.5625	6.875
10727	35.625	40.9375	7.8125
10871	35.3125	42.8125	7.8125
11015	37.8125	42.1875	7.8125
11159	40.0	43.4375	8.125
11303	40.3125	42.5	10.625
11447	40.0	41.875	11.5625
11591	40.9375	45.0	12.5
11735	41.25	44.6875	11.5625
11879	38.75	43.75	12.5
12023	36.25	44.6875	12.1875
12167	34.375	41.875	10.9375
12311	33.125	41.25	8.75
12455	33.125	39.375	10.0
12599	32.8125	35.625	10.0
12743	32.1875	34.6875	10.3125
12887	32.5	32.5	9.375
13031	32.8125	33.75	11.5625
13175	32.8125	33.125	15.3125
13319	31.5625	31.25	18.4375
13463	31.25	28.4375	20.9375
13607	30.0	27.1875	24.6875
13751	32.8125	27.1875	25.9375
13895	33.75	25.625	28.4375
14039	36.875	23.125	29.375
14183	37.8125	25.0	29.0625
14327	35.625	28.75	30.3125
14471	32.1875	30.9375	32.1875
14615	33.4375	31.5625	31.875
14759	35.0	32.5	32.8125
14903	35.3125	34.0625	31.5625
15047	32.1875	34.6875	30.9375
15191	33.4375	35.9375	29.375
15335	34.6875	37.1875	28.75
15479	35.3125	40.625	29.0625
15623	31.5625	44.0625	29.0625
15767	25.9375	46.25	30.625
15911	24.375	50.625	31.25
16055	24.0625	53.125	33.75
16199	25.625	49.0625	35.625
16343	26.5625	46.875	31.875
16487	31.5625	42.5	31.5625
16631	38.125	41.875	28.125
16775	43.4375	40.0	26.25
16919	45.3125	39.375	25.0
17063	47.1875	38.75	25.3125
17207	48.4375	38.125	25.3125
17351	46.875	40.0	25.0
17495	47.8125	39.6875	25.9375
17639	45.3125	39.6875	27.8125
17783	43.75	39.6875	28.75
17927	40.0	39.6875	29.375
18071	36.5625	42.5	28.75
18215	33.125	45.9375	27.8125
18359	30.625	44.0625	26.25
18503	25.3125	46.25	28.125
18647	24.0625	45.625	27.8125
18791	21.25	46.25	30.625
18935	25.625	42.5	29.375
19079	29.375	40.3125	28.125
19223	34.375	38.125	28.4375
19367	38.4375	37.5	27.1875
19511	43.75	36.5625	22.8125
19655	42.5	34.6875	24.375
19799	41.25	31.25	25.9375
19943	41.5625	30.625	28.75
20087	39.0625	28.75	30.0
20231	37.5	26.875	32.8125
20375	33.4375	23.75	36.5625
20519	27.8125	21.5625	40.0
20663	30.625	23.125	38.75
20807	31.5625	24.0625	35.9375
20951	31.5625	24.0625	35.3125
21095	33.125	23.75	37.5
21239	32.8125	24.375	40.9375
21383	37.5	24.0625	41.875
21527	41.5625	21.875	44.6875
21671	41.25	22.5	45.625
21815	41.875	25.0	49.6875
21959	41.5625	23.4375	47.8125
22103	42.8125	25.0	42.8125
22247	43.4375	25.9375	37.1875
22391	42.5	30.3125	34.6875
22535	40.625	30.9375	32.1875
22679	39.0625	31.875	29.0625
22823	33.125	34.6875	25.0
22967	31.25	36.875	26.5625
23111	29.0625	35.625	28.75
23255	28.125	36.25	30.625
23399	25.3125	36.25	31.25
23543	25.3125	36.25	31.25
23687	24.6875	38.4375	32.5
23831	28.125	38.125	30.0
23975	29.6875	38.125	29.375
24119	30.0	38.75	27.5
24263	29.6875	35.9375	25.9375
24407	31.5625	36.875	26.5625
24551	30.0	36.5625	26.5625
24695	30.3125	36.5625	27.5
24839	28.125	38.4375	28.125
24983	24.0625	38.75	30.9375
25127	25.0	40.0	30.9375
25271	25.9375	41.5625	29.0625
25415	29.0625	37.8125	28.75
25559	31.5625	35.3125	24.6875
25703	35.0	35.3125	23.125
25847	40.625	34.375	21.25
25991	42.1875	33.125	19.375
26135	42.8125	31.5625	20.9375
26279	43.125	32.8125	19.0625
26423	43.125	35.625	18.75
26567	45.0	36.875	19.0625
26711	45.9375	35.0	20.0
26855	45.0	37.5	19.375
26999	45.625	40.9375	17.5
27143	44.6875	44.375	17.8125
27287	42.5	44.375	17.1875
27431	41.875	43.125	15.9375
27575	40.3125	43.125	15.625
27719	40.9375	45.0	14.6875
27863	40.625	42.5	14.375
28007	38.4375	39.6875	14.0625
28151	36.25	38.75	15.9375
28295	37.5	37.5	17.8125
28439	35.3125	37.8125	20.0
28583	34.6875	34.6875	21.5625
28727	33.125	33.75	23.75
28871	35.3125	32.8125	23.75
29015	36.25	33.75	23.75
29159	35.0	31.875	24.375
29303	35.9375	34.375	24.0625
29447	41.5625	36.25	21.25
29591	41.875	39.375	20.3125
29735	43.4375	41.5625	18.75
29879	42.8125	39.6875	18.75
30023	46.25	43.125	16.875
30167	48.125	44.6875	14.6875
30311	47.1875	43.4375	15.3125
30455	49.375	42.8125	14.6875
30599	49.6875	41.25	14.6875
30743	51.5625	41.875	15.0
30887	51.5625	44.6875	13.125
31031	51.875	43.125	14.375
31175	52.1875	43.4375	15.3125
31319	50.9375	41.875	15.625
31463	48.4375	43.4375	14.6875
31607	44.6875	45.625	19.0625
31751	40.3125	47.1875	24.0625
31895	35.625	44.375	27.8125
32039	32.1875	42.1875	32.5
32183	28.4375	45.625	34.0625
32327	23.75	45.625	39.0625
32471	19.375	48.125	42.5
32615	18.125	48.125	44.0625
32759	18.4375	48.75	41.5625
32903	18.75	49.6875	41.875
33047	19.375	48.4375	42.5
33191	21.5625	43.75	44.375
33335	24.6875	39.0625	44.375
33479	27.5	33.125	43.75
33623	31.5625	30.0	45.3125
33767	33.75	24.375	48.4375
33911	36.875	20.0	48.75
34055	36.25	17.5	51.5625
34199	35.9375	17.1875	52.5
34343	34.6875	18.4375	51.875
34487	34.375	17.8125	52.5
34631	35.3125	16.5625	52.5
34775	38.75	18.125	52.8125
34919	38.75	17.8125	53.4375
35063	38.4375	19.0625	50.625
35207	40.0	18.75	50.0
35351	38.125	20.3125	48.75
35495	39.0625	21.5625	46.875
35639	35.9375	22.8125	45.9375
35783	33.75	23.4375	47.5
35927	32.8125	23.125	45.3125
36071	32.8125	21.25	45.0
36215	31.5625	22.5	43.125
36359	32.5	21.5625	43.4375
36503	33.125	20.0	44.6875
36647	35.625	19.0625	45.9375
36791	35.3125	18.4375	46.875
36935	35.3125	16.875	48.125
37079	37.8125	16.875	50.3125
37223	38.125	16.25	51.25
37367	39.6875	14.6875	51.5625
37511	39.0625	16.875	50.0
37655	37.1875	18.75	48.4375
37799	39.375	19.375	47.8125
37943	39.375	22.5	45.3125
38087	38.75	21.875	45.9375
38231	39.0625	21.25	44.375
38375	38.75	20.9375	43.125
38519	39.375	18.125	44.6875
38663	39.0625	15.3125	45.625
38807	38.75	14.0625	46.5625
38951	38.125	13.125	48.125
39095	37.8125	13.75	49.0625
39239	37.8125	13.125	48.125
39383	34.6875	14.0625	50.0
39527	34.6875	15.625	48.125
39671	32.5	18.125	47.5
39815	34.6875	19.6875	46.25
39959	35.625	19.0625	42.8125
40103	39.375	18.125	43.4375
40247	40.0	21.25	42.8125
40391	42.1875	20.625	42.5
40535	41.875	21.875	40.9375
40679	45.3125	20.625	39.375
40823	44.375	20.625	36.875
40967	43.4375	23.4375	35.3125
41111	42.5	22.8125	35.625
41255	43.4375	23.75	35.0
41399	42.5	24.6875	34.0625
41543	41.5625	24.6875	35.3125
41687	40.3125	25.0	37.1875
41831	40.625	25.3125	37.8125
41975	40.625	25.625	37.5
42119	42.1875	24.6875	37.8125
42263	41.5625	24.0625	35.625
42407	42.5	23.75	35.625
42551	45.0	23.125	34.6875
42695	46.875	21.5625	35.0
42839	47.1875	20.625	36.5625
42983	46.25	22.5	36.25
43127	48.4375	22.1875	38.125
43271	49.375	20.625	38.125
43415	48.125	21.5625	37.8125
43559	47.5	21.5625	37.1875
43703	46.25	23.125	35.9375
43847	43.4375	23.4375	33.4375
43991	41.25	25.3125	32.1875
44135	38.4375	30.9375	28.125
44279	36.875	35.0	24.375
44423	36.5625	38.125	22.8125
44567	33.75	41.5625	21.25
44711	32.1875	43.4375	20.9375
44855	31.875	45.0	22.1875
44999	33.75	44.6875	23.75
45143	31.25	42.5	24.375
45287	34.6875	45.0	23.75
45431	34.375	43.125	25.0
45575	35.3125	42.8125	23.125
45719	35.0	43.125	21.875
45863	35.0	44.375	20.3125
46007	33.4375	46.25	19.0625
46151	33.4375	46.25	18.4375
46295	30.9375	45.9375	20.625
46439	30.3125	46.875	20.9375
46583	32.8125	47.8125	19.375
46727	31.25	45.9375	20.9375
46871	32.8125	45.9375	19.375
47015	34.375	45.9375	19.0625
47159	34.0625	44.6875	18.75
47303	35.3125	45.3125	19.6875
47447	36.25	45.0	19.0625
47591	35.625	42.5	20.625
47735	34.6875	42.1875	21.5625
47879	36.25	41.25	22.1875
48023	36.5625	42.8125	21.875
48167	35.625	43.75	22.1875
48311	35.0	42.5	23.125
48455	34.6875	44.0625	20.9375
48599	35.625	45.9375	20.3125
48743	34.375	45.625	19.6875
48887	32.1875	45.3125	22.1875
49031	31.5625	43.75	22.8125
49175	30.3125	44.0625	24.375
49319	29.375	43.75	25.9375
49463	29.6875	41.875	27.1875
49607	29.6875	43.75	26.5625
49751	30.9375	41.5625	28.75
49895	31.875	42.1875	25.3125
50039	32.5	39.6875	25.3125
50183	34.6875	42.1875	24.375
50327	35.625	44.6875	23.75
50471	34.0625	44.375	24.375
50615	34.0625	45.9375	23.4375
50759	35.0	45.9375	24.375
50903	35.3125	48.4375	24.0625
51047	34.375	47.1875	23.4375
51191	34.0625	42.1875	25.0
51335	34.6875	39.375	26.25
51479	35.3125	37.1875	28.125
51623	38.75	30.9375	30.9375
51767	39.6875	28.4375	31.25
51911	40.3125	23.4375	31.875
52055	41.875	25.0	31.875
52199	42.8125	27.5	30.9375
52343	44.375	29.375	28.125
52487	42.1875	30.625	27.5
52631	38.75	33.4375	29.0625
52775	35.3125	35.0	29.0625
52919	35.0	38.125	30.9375
53063	35.0	40.9375	30.0
53207	34.6875	38.4375	31.5625
53351	34.0625	40.9375	30.625
53495	35.9375	37.1875	29.6875
53639	37.8125	34.375	28.4375
53783	35.625	35.625	30.9375
53927	32.5	34.6875	33.4375
54071	33.4375	29.6875	35.9375
54215	32.5	27.1875	38.4375
54359	28.4375	26.5625	44.6875
54503	26.5625	27.8125	45.9375
54647	29.6875	27.5	41.5625
54791	32.5	25.9375	37.8125
54935	35.0	26.875	35.9375
55079	33.4375	31.25	33.75
55223	34.0625	34.0625	29.0625
55367	34.6875	35.3125	25.3125
55511	33.4375	35.3125	25.9375
55655	29.375	34.0625	30.0
55799	32.8125	32.1875	31.875
55943	31.25	30.9375	31.5625
56087	29.0625	29.375	35.0
56231	28.75	29.0625	37.1875
56375	29.375	29.0625	38.75
56519	28.125	32.5	40.0
56663	26.25	34.0625	43.75
56807	20.625	37.5	45.625
56951	20.625	40.0	44.0625
57095	18.75	39.0625	44.375
57239	16.875	39.6875	44.6875
57383	15.625	39.375	45.0
57527	15.9375	37.8125	43.125
57671	16.5625	37.1875	44.375
57815	16.25	33.75	43.4375
57959	18.4375	31.5625	42.8125
58103	19.375	28.125	44.0625
58247	21.25	27.1875	43.125
58391	25.3125	26.25	43.4375
58535	26.5625	24.375	42.1875
58679	27.5	23.125	41.5625
58823	28.125	26.25	40.3125
58967	29.6875	28.75	39.6875
59111	28.75	28.4375	38.4375
59255	29.0625	30.3125	38.125
59399	25.9375	34.375	38.125
59543	23.75	36.875	40.625
59687	27.1875	37.1875	35.9375
59831	26.25	37.1875	34.0625
59975	27.5	38.75	31.5625
60119	28.125	39.0625	29.6875
60263	30.3125	38.4375	28.125
60407	32.8125	35.3125	24.6875
60551	36.25	34.375	23.75
60695	36.5625	34.0625	23.125
60839	35.9375	34.0625	25.625
60983	35.0	36.5625	25.3125
61127	35.9375	38.4375	26.25
61271	37.5	40.3125	25.9375
61415	35.9375	42.8125	27.8125
61559	36.5625	42.8125	28.125
61703	36.875	44.6875	28.75
61847	36.25	46.5625	28.4375
61991	37.8125	45.0	29.6875
62135	36.875	44.6875	29.0625
62279	37.5	44.375	28.75
62423	36.25	45.9375	26.25
62567	33.125	46.875	28.4375
62711	35.625	47.5	27.1875
62855	36.875	45.3125	28.75
62999	38.4375	44.0625	27.5
63143	39.6875	43.125	27.1875
63287	39.375	40.0	27.1875
63431	40.625	37.1875	27.1875
63575	42.1875	34.375	26.5625
63719	39.375	31.25	25.3125
63863	39.375	25.625	27.8125
64007	40.3125	21.5625	30.625
64151	38.75	23.75	32.5
64295	36.5625	27.1875	31.5625
64439	34.0625	30.0	32.5
64583	33.4375	27.5	34.375
64727	33.125	29.375	34.375
64871	31.875	31.875	34.0625
65015	32.1875	34.0625	31.25
65159	36.25	30.0	30.625
65303	38.75	26.875	30.9375
65447	39.375	25.3125	30.625
65591	41.25	28.75	26.5625
65735	41.5625	27.8125	24.6875
65879	39.6875	31.5625	24.0625
66023	37.8125	32.8125	25.3125
66167	35.625	33.4375	25.625
66311	32.5	32.5	27.1875
66455	35.625	30.3125	29.0625
66599	36.5625	26.5625	33.75
66743	38.4375	23.4375	33.75
66887	39.6875	18.4375	34.0625
67031	38.125	18.125	37.8125
67175	35.9375	20.0	40.0
67319	35.625	24.0625	40.625
67463	32.5	26.25	39.375
67607	30.0	30.9375	38.125
67751	26.25	32.5	43.4375
67895	22.8125	33.125	45.9375
68039	22.8125	35.0	42.1875
68183	23.125	38.4375	36.875
68327	23.125	43.125	34.375
68471	26.25	44.375	31.5625
68615	28.75	47.1875	28.125
68759	32.1875	50.0	21.25
68903	36.25	53.125	17.1875
69047	36.875	51.5625	17.5
69191	36.875	48.4375	20.0
69335	33.75	42.8125	24.0625
69479	29.6875	41.875	27.1875
69623	29.375	37.1875	27.1875
69767	25.625	36.5625	32.1875
69911	21.875	35.9375	35.625
70055	20.0	35.0	38.125
70199	20.3125	33.75	38.4375
70343	23.125	33.125	37.1875
70487	27.5	31.25	37.1875
70631	33.125	29.375	37.1875
70775	38.75	26.25	36.5625
70919	42.8125	23.4375	38.4375
71063	48.125	21.5625	40.0
71207	45.9375	23.4375	38.4375
71351	44.0625	23.125	41.5625
71495	36.5625	27.1875	43.4375
71639	34.375	30.0	42.1875
71783	28.4375	32.8125	40.625
71927	27.5	34.0625	39.0625
72071	26.25	35.625	37.8125
72215	26.875	38.4375	36.5625
72359	26.5625	40.0	38.125
72503	28.4375	37.1875	38.4375
72647	27.8125	36.25	39.6875
72791	27.8125	36.875	43.125
72935	27.5	35.625	42.8125
73079	26.5625	35.0	47.5
73223	27.5	32.8125	48.75
73367	27.1875	34.375	51.5625
73511	25.625	35.625	51.25
73655	24.375	35.625	48.4375
73799	23.75	36.25	43.75
73943	24.0625	35.625	39.375
74087	28.125	34.6875	36.25
74231	30.625	33.4375	33.125
74375	33.125	32.5	28.75
74519	37.5	30.625	27.8125
74663	39.375	29.0625	30.9375
74807	41.875	29.0625	30.9375
74951	39.0625	31.875	30.625
75095	38.4375	34.0625	29.375
75239	35.625	35.9375	26.25
75383	35.0	38.125	26.25
75527	32.8125	41.25	24.375
75671	31.5625	44.375	22.8125
75815	32.8125	43.125	25.3125
75959	31.5625	42.5	26.5625
76103	31.25	41.25	27.1875
76247	28.75	38.75	31.875
76391	27.8125	38.4375	30.625
76535	26.5625	35.9375	33.75
76679	23.75	34.375	33.125
76823	22.5	29.0625	34.0625
76967	25.9375	28.4375	31.5625
77111	26.875	30.625	30.3125
77255	28.75	30.9375	30.625
77399	29.0625	33.125	28.125
77543	31.875	33.4375	25.625
77687	34.0625	34.6875	27.5
77831	32.5	38.125	25.3125
77975	32.5	35.3125	25.625
78119	33.75	35.3125	26.875
78263	34.6875	31.875	26.25
78407	36.5625	29.0625	27.5
78551	35.0	29.6875	29.375
78695	34.375	29.6875	29.0625
78839	34.0625	26.25	31.5625
78983	34.6875	25.9375	32.8125
79127	34.0625	24.6875	35.0
79271	30.9375	27.5	34.375
79415	30.3125	31.5625	34.375
79559	30.9375	34.0625	32.8125
79703	31.5625	37.5	32.8125
79847	29.375	39.6875	33.125
79991	29.0625	42.5	29.0625
80135	28.75	46.875	27.8125
80279	30.0	46.5625	26.25
80423	29.375	44.375	29.0625
80567	28.4375	41.25	29.375
80711	29.375	43.4375	27.1875
80855	31.25	45.0	27.1875
80999	34.375	47.8125	25.9375
81143	36.875	47.1875	25.9375
81287	37.8125	47.5	25.625
81431	39.0625	48.4375	25.0
81575	37.5	52.1875	25.625
81719	38.75	47.1875	26.5625
81863	39.375	44.0625	26.875
82007	40.3125	38.4375	29.0625
82151	40.0	36.5625	28.4375
82295	40.9375	33.75	29.0625
82439	40.3125	29.375	33.125
82583	40.625	25.625	32.1875
82727	40.3125	24.6875	32.1875
82871	37.1875	25.625	33.125
83015	33.125	24.375	34.375
83159	29.6875	28.125	37.5
83303	27.5	30.625	35.3125
83447	27.8125	29.6875	35.3125
83591	29.375	31.25	37.1875
83735	31.5625	31.25	37.1875
83879	34.6875	31.875	36.875
84023	38.125	28.75	36.875
84167	40.0	28.125	35.0
84311	38.75	29.375	34.375
84455	39.6875	27.5	33.125
84599	36.25	29.6875	33.125
84743	37.8125	31.25	34.0625
84887	34.375	33.4375	32.5
85031	32.1875	37.5	30.0
85175	34.375	38.125	28.4375
85319	32.8125	38.4375	28.125
85463	34.0625	39.0625	27.8125
85607	34.6875	35.3125	27.5
85751	33.75	35.3125	29.0625
85895	33.4375	31.5625	29.375
86039	31.875	30.3125	30.3125
86183	34.0625	27.1875	31.875
86327	34.6875	25.625	32.1875
86471	34.6875	24.6875	30.3125
86615	36.25	25.3125	31.25
86759	37.1875	29.0625	27.8125
86903	36.25	28.4375	30.625
87047	35.9375	28.125	34.375
87191	31.875	28.75	35.0
87335	32.5	30.3125	36.875
87479	31.875	31.25	36.875
87623	35.3125	30.625	37.5
87767	36.5625	28.125	40.3125
87911	39.375	29.375	38.125
88055	36.875	27.8125	34.0625
88199	36.875	28.125	34.6875
88343	33.75	28.125	35.3125
88487	32.1875	28.125	37.5
88631	30.0	27.8125	35.625
88775	30.3125	25.625	36.25
88919	31.875	26.875	37.1875
89063	32.5	25.625	35.9375
89207	31.5625	25.9375	33.4375
89351	32.5	25.0	31.875
89495	33.75	25.0	31.25
89639	30.3125	26.25	31.25
89783	30.0	29.0625	30.0
89927	30.3125	29.6875	30.0
90071	33.125	29.0625	30.9375
90215	35.0	27.8125	30.9375
90359	33.4375	29.0625	30.9375
90503	34.6875	29.375	29.6875
90647	35.0	26.5625	30.0
90791	34.0625	27.1875	32.5
90935	30.9375	28.4375	34.0625
91079	31.5625	30.625	35.9375
91223	30.625	30.9375	36.25
91367	30.0	30.9375	35.3125
91511	28.125	30.3125	34.6875
91655	25.9375	30.9375	33.125
91799	27.5	30.625	31.25
91943	30.625	33.75	30.0
92087	31.875	31.5625	28.4375
92231	35.9375	31.25	27.8125
92375	36.875	31.25	29.6875
92519	37.1875	31.25	29.375
92663	38.125	33.4375	28.75
92807	33.4375	31.25	28.4375
92951	32.1875	29.0625	29.0625
93095	30.3125	28.4375	28.75
93239	28.125	29.375	29.375
93383	26.5625	31.5625	27.8125
93527	25.3125	34.0625	27.5
93671	24.6875	35.0	28.4375
93815	25.625	35.9375	27.1875
93959	25.9375	36.25	27.8125
94103	27.1875	37.5	26.25
94247	27.8125	39.0625	24.6875
94391	30.3125	39.375	26.875
94535	28.4375	36.5625	27.8125
94679	28.75	37.1875	26.875
94823	27.5	37.8125	30.3125
94967	28.125	35.9375	30.3125
95111	28.4375	37.5	33.75
95255	29.0625	35.0	36.25
95399	27.5	31.25	38.4375
95543	30.625	33.125	36.25
95687	31.5625	32.8125	35.9375
95831	33.4375	33.125	35.0
95975	32.5	35.3125	35.3125
96119	29.0625	37.1875	33.4375
96263	29.6875	37.5	31.875
96407	29.0625	37.8125	33.75
96551	27.8125	32.8125	34.6875
96695	28.75	32.8125	33.75
96839	26.25	31.25	35.9375
96983	25.3125	29.375	39.6875
97127	26.25	28.75	37.1875
97271	30.9375	30.3125	34.0625
97415	35.0	29.6875	32.1875
97559	34.0625	30.0	30.9375
97703	32.8125	30.9375	31.25
97847	34.0625	31.875	28.75
97991	35.9375	35.625	26.875
98135	33.75	34.6875	29.0625
98279	32.1875	35.0	29.0625
98423	30.0	36.25	31.25
98567	30.0	32.8125	31.875