# BASE VAL1 VAL2
# color 0:255:0 0:0:255 100:100:100
17	30.0	10.0	37.5
53	40.0	15.0	25.0
89	45.0	15.0	25.0
125	50.0	17.5	20.0
161	47.5	22.5	25.0
197	40.0	25.0	25.0
233	45.0	30.0	22.5
269	50.0	27.5	15.0
305	45.0	32.5	20.0
341	30.0	50.0	20.0
377	30.0	52.5	22.5
413	27.5	45.0	32.5
449	40.0	42.5	25.0
485	37.5	42.5	25.0
521	45.0	45.0	25.0
557	42.5	47.5	22.5
593	47.5	47.5	20.0
629	47.5	47.5	15.0
665	42.5	42.5	17.5
701	40.0	40.0	22.5
737	42.5	30.0	25.0
773	40.0	37.5	30.0
809	32.5	37.5	35.0
845	37.5	37.5	37.5
881	37.5	42.5	37.5
917	45.0	45.0	27.5
953	45.0	50.0	15.0
989	47.5	50.0	10.0
1025	47.5	52.5	12.5
1061	50.0	55.0	15.0
1097	47.5	45.0	20.0
1133	42.5	37.5	25.0
1169	35.0	27.5	32.5
1205	32.5	32.5	27.5
1241	42.5	32.5	17.5
1277	37.5	27.5	20.0
1313	42.5	32.5	12.5
1349	37.5	37.5	22.5
1385	42.5	45.0	27.5
1421	50.0	37.5	25.0
1457	40.0	37.5	25.0
1493	47.5	37.5	15.0
1529	45.0	32.5	17.5
1565	47.5	30.0	25.0
1601	42.5	32.5	22.5
1637	52.5	35.0	25.0
1673	45.0	40.0	22.5
1709	50.0	37.5	17.5
1745	47.5	35.0	22.5
1781	45.0	30.0	20.0
1817	42.5	27.5	25.0
1853	35.0	25.0	25.0
1889	32.5	25.0	32.5
1925	40.0	35.0	22.5
1961	42.5	32.5	17.5
1997	40.0	40.0	15.0
2033	50.0	35.0	17.5
2069	45.0	35.0	22.5
2105	50.0	32.5	25.0
2141	30.0	37.5	35.0
2177	37.5	30.0	35.0
2213	40.0	27.5	32.5
2249	40.0	20.0	32.5
2285	32.5	30.0	30.0
2321	25.0	27.5	35.0
2357	25.0	27.5	37.5
2393	32.5	30.0	27.5
2429	32.5	30.0	25.0
2465	30.0	35.0	40.0
2501	27.5	37.5	42.5
2537	30.0	35.0	45.0
2573	30.0	30.0	37.5
2609	37.5	17.5	32.5
2645	47.5	20.0	32.5
2681	47.5	22.5	30.0
2717	47.5	27.5	25.0
2753	50.0	32.5	20.0
2789	45.0	25.0	25.0
2825	50.0	25.0	25.0
2861	50.0	17.5	30.0
2897	55.0	17.5	27.5
2933	52.5	17.5	30.0
2969	47.5	17.5	30.0
3005	55.0	22.5	25.0
3041	57.5	25.0	22.5
3077	62.5	32.5	17.5
3113	55.0	27.5	15.0
3149	50.0	32.5	20.0
3185	50.0	30.0	25.0
3221	47.5	30.0	25.0
3257	50.0	25.0	22.5
3293	47.5	25.0	25.0
3329	47.5	32.5	22.5
3365	50.0	40.0	17.5
3401	55.0	40.0	10.0
3437	45.0	40.0	12.5
3473	45.0	30.0	20.0
3509	40.0	30.0	20.0
3545	45.0	30.0	27.5
3581	42.5	27.5	25.0
3617	37.5	37.5	27.5
3653	37.5	42.5	17.5
3689	30.0	40.0	17.5
3725	32.5	35.0	22.5
3761	32.5	27.5	22.5
3797	37.5	30.0	27.5
3833	42.5	32.5	27.5
3869	52.5	32.5	27.5
3905	55.0	32.5	25.0
3941	52.5	42.5	20.0
3977	52.5	40.0	17.5
4013	50.0	32.5	32.5
4049	52.5	27.5	27.5
4085	55.0	30.0	25.0
4121	52.5	45.0	12.5
4157	52.5	37.5	12.5
4193	52.5	32.5	12.5
4229	42.5	27.5	25.0
4265	40.0	35.0	25.0
4301	45.0	32.5	25.0
4337	47.5	32.5	17.5
4373	60.0	35.0	12.5
4409	40.0	42.5	22.5
4445	35.0	42.5	22.5
4481	37.5	37.5	35.0
4517	57.5	27.5	27.5
4553	70.0	17.5	30.0
4589	65.0	22.5	30.0
4625	52.5	25.0	22.5
4661	52.5	27.5	25.0
4697	55.0	27.5	17.5
4733	50.0	22.5	27.5
4769	42.5	17.5	27.5
4805	30.0	17.5	32.5
4841	22.5	27.5	30.0
4877	25.0	27.5	35.0
4913	25.0	37.5	50.0
4949	27.5	40.0	45.0
4985	22.5	47.5	47.5
5021	17.5	50.0	55.0
5057	20.0	47.5	52.5
5093	20.0	57.5	52.5
5129	20.0	55.0	42.5
5165	27.5	47.5	30.0
5201	25.0	45.0	22.5
5237	20.0	40.0	30.0
5273	15.0	45.0	40.0
5309	10.0	52.5	45.0
5345	17.5	52.5	40.0
5381	27.5	47.5	30.0
5417	20.0	40.0	32.5
5453	17.5	42.5	40.0
5489	22.5	45.0	35.0
5525	25.0	42.5	37.5
5561	30.0	45.0	30.0
5597	27.5	42.5	30.0
5633	22.5	45.0	35.0
5669	25.0	45.0	30.0
5705	27.5	40.0	30.0
5741	30.0	35.0	35.0
5777	30.0	40.0	40.0
5813	27.5	40.0	27.5
5849	22.5	42.5	27.5
5885	15.0	47.5	30.0
5921	15.0	40.0	37.5
5957	15.0	32.5	37.5
5993	22.5	22.5	35.0
6029	17.5	32.5	32.5
6065	12.5	32.5	35.0
6101	12.5	42.5	30.0
6137	12.5	45.0	37.5
6173	17.5	45.0	40.0
6209	15.0	45.0	35.0
6245	15.0	37.5	30.0
6281	10.0	32.5	25.0
6317	10.0	45.0	37.5
6353	10.0	55.0	40.0
6389	17.5	60.0	42.5
6425	17.5	50.0	42.5
6461	15.0	45.0	45.0
6497	12.5	42.5	40.0
6533	7.5	45.0	47.5
6569	10.0	42.5	55.0
6605	15.0	35.0	47.5
6641	27.5	35.0	50.0
6677	27.5	27.5	40.0
6713	25.0	40.0	37.5
6749	20.0	40.0	27.5
6785	17.5	42.5	30.0
6821	17.5	35.0	35.0
6857	20.0	40.0	37.5
6893	15.0	42.5	47.5
6929	10.0	50.0	45.0
6965	15.0	42.5	42.5
7001	10.0	35.0	45.0
7037	10.0	35.0	37.5
7073	5.0	32.5	40.0
7109	7.5	37.5	45.0
7145	7.5	40.0	47.5
7181	12.5	40.0	47.5
7217	10.0	40.0	50.0
7253	22.5	30.0	37.5
7289	22.5	32.5	50.0
7325	25.0	32.5	37.5
7361	15.0	35.0	42.5
7397	17.5	32.5	45.0
7433	22.5	32.5	37.5
7469	27.5	32.5	40.0
7505	30.0	25.0	27.5
7541	25.0	25.0	37.5
7577	22.5	35.0	40.0
7613	27.5	40.0	45.0
7649	27.5	47.5	47.5
7685	25.0	45.0	55.0
7721	15.0	50.0	55.0
7757	15.0	40.0	50.0
7793	12.5	40.0	42.5
7829	17.5	30.0	40.0
7865	15.0	27.5	35.0
7901	25.0	30.0	27.5
7937	37.5	30.0	25.0
7973	37.5	35.0	27.5
8009	45.0	32.5	30.0
8045	32.5	40.0	32.5
8081	35.0	42.5	27.5
8117	32.5	35.0	30.0
8153	42.5	32.5	25.0
8189	47.5	35.0	17.5
8225	45.0	45.0	17.5
8261	47.5	40.0	15.0
8297	45.0	35.0	20.0
8333	37.5	42.5	17.5
8369	30.0	42.5	15.0
8405	20.0	32.5	30.0
8441	25.0	22.5	32.5
8477	40.0	32.5	32.5
8513	40.0	35.0	20.0
8549	42.5	37.5	15.0
8585	47.5	35.0	15.0
8621	40.0	37.5	20.0
8657	32.5	35.0	17.5
8693	32.5	30.0	10.0
8729	32.5	32.5	2.5
8765	45.0	32.5	0.0
8801	42.5	35.0	5.0
8837	40.0	40.0	5.0
8873	35.0	35.0	10.0
8909	35.0	32.5	10.0
8945	35.0	32.5	12.5
8981	45.0	35.0	15.0
9017	50.0	37.5	12.5
9053	47.5	37.5	10.0
9089	47.5	40.0	5.0
9125	42.5	40.0	7.5
9161	42.5	45.0	2.5
9197	45.0	45.0	2.5
9233	40.0	45.0	5.0
9269	40.0	37.5	7.5
9305	42.5	50.0	12.5
9341	45.0	42.5	12.5
9377	40.0	40.0	17.5
9413	35.0	27.5	17.5
9449	32.5	32.5	17.5
9485	37.5	32.5	10.0
9521	37.5	40.0	5.0
9557	37.5	42.5	2.5
9593	32.5	42.5	10.0
9629	35.0	35.0	12.5
9665	37.5	35.0	12.5
9701	37.5	32.5	7.5
9737	40.0	37.5	12.5
9773	42.5	40.0	12.5
9809	40.0	40.0	10.0
9845	35.0	40.0	7.5
9881	32.5	45.0	5.0
9917	37.5	47.5	2.5
9953	32.5	45.0	2.5
9989	30.0	30.0	2.5
10025	27.5	32.5	2.5
10061	22.5	37.5	2.5
10097	30.0	47.5	2.5
10133	35.0	55.0	7.5
10169	37.5	47.5	7.5
10205	42.5	47.5	7.5
10241	40.0	37.5	7.5
10277	45.0	35.0	10.0
10313	47.5	35.0	7.5
10349	45.0	45.0	10.0
10385	40.0	50.0	7.5
10421	42.5	52.5	10.0
10457	42.5	50.0	10.0
10493	45.0	50.0	12.5
10529	40.0	42.5	10.0
10565	30.0	40.0	10.0
10601	27.5	32.5	10.0
10637	25.0	30.0	10.0
10673	37.5	37.5	7.5
10709	40.0	45.0	5.0
10745	30.0	47.5	5.0
10781	27.5	50.0	10.0
10817	27.5	45.0	10.0
10853	32.5	40.0	7.5
10889	40.0	32.5	7.5
10925	40.0	32.5	2.5
10961	35.0	37.5	7.5
10997	25.0	42.5	7.5
11033	32.5	40.0	7.5
11069	35.0	37.5	2.5
11105	40.0	50.0	2.5
11141	40.0	55.0	2.5
11177	32.5	52.5	7.5
11213	27.5	47.5	10.0
11249	35.0	45.0	10.0
11285	42.5	42.5	7.5
11321	37.5	37.5	2.5
11357	42.5	42.5	2.5
11393	35.0	37.5	0.0
11429	40.0	42.5	10.0
11465	42.5	42.5	15.0
11501	40.0	32.5	20.0
11537	37.5	35.0	15.0
11573	32.5	42.5	7.5
11609	32.5	45.0	7.5
11645	35.0	52.5	7.5
11681	40.0	50.0	7.5
11717	40.0	55.0	2.5
11753	50.0	45.0	2.5
11789	45.0	35.0	10.0
11825	45.0	20.0	10.0
11861	45.0	32.5	7.5
11897	52.5	45.0	10.0
11933	50.0	47.5	10.0
11969	42.5	45.0	12.5
12005	35.0	45.0	10.0
12041	45.0	42.5	17.5
12077	42.5	42.5	20.0
12113	42.5	42.5	30.0
12149	35.0	42.5	27.5
12185	25.0	32.5	20.0
12221	30.0	40.0	17.5
12257	42.5	55.0	7.5
12293	47.5	67.5	5.0
12329	47.5	67.5	5.0
12365	40.0	60.0	10.0
12401	40.0	57.5	12.5
12437	42.5	52.5	10.0
12473	37.5	47.5	10.0
12509	35.0	35.0	7.5
12545	32.5	30.0	7.5
12581	32.5	37.5	10.0
12617	37.5	45.0	7.5
12653	27.5	47.5	15.0
12689	22.5	45.0	17.5
12725	20.0	42.5	12.5
12761	20.0	35.0	12.5
12797	25.0	37.5	5.0
12833	32.5	35.0	5.0
12869	30.0	32.5	2.5
12905	32.5	25.0	2.5
12941	30.0	25.0	0.0
12977	30.0	22.5	2.5
13013	30.0	32.5	10.0
13049	27.5	35.0	12.5
13085	22.5	35.0	15.0
13121	40.0	35.0	10.0
13157	37.5	35.0	10.0
13193	45.0	40.0	10.0
13229	37.5	45.0	17.5
13265	40.0	42.5	12.5
13301	42.5	32.5	15.0
13337	45.0	25.0	7.5
13373	37.5	27.5	12.5
13409	32.5	30.0	10.0
13445	32.5	35.0	10.0
13481	30.0	30.0	12.5
13517	32.5	25.0	10.0
13553	32.5	20.0	12.5
13589	27.5	27.5	7.5
13625	30.0	37.5	10.0
13661	22.5	30.0	7.5
13697	25.0	42.5	7.5
13733	32.5	37.5	10.0
13769	32.5	45.0	20.0
13805	40.0	47.5	20.0
13841	30.0	42.5	27.5
13877	27.5	40.0	25.0
13913	20.0	22.5	35.0
13949	27.5	20.0	32.5
13985	30.0	25.0	30.0
14021	35.0	30.0	22.5
14057	30.0	30.0	25.0
14093	32.5	22.5	27.5
14129	30.0	17.5	32.5
14165	32.5	10.0	40.0
14201	37.5	15.0	37.5
14237	37.5	17.5	30.0
14273	42.5	25.0	22.5
14309	27.5	25.0	32.5
14345	27.5	25.0	35.0
14381	25.0	22.5	37.5
14417	32.5	27.5	32.5
14453	42.5	27.5	25.0
14489	40.0	20.0	20.0
14525	45.0	17.5	10.0
14561	40.0	25.0	15.0
14597	30.0	32.5	15.0
14633	37.5	37.5	20.0
14669	40.0	27.5	27.5
14705	50.0	15.0	32.5
14741	47.5	12.5	42.5
14777	45.0	20.0	40.0
14813	40.0	25.0	37.5
14849	50.0	27.5	30.0
14885	52.5	20.0	22.5
14921	45.0	22.5	22.5
14957	32.5	37.5	20.0
14993	20.0	52.5	32.5
15029	22.5	52.5	35.0
15065	17.5	45.0	42.5
15101	12.5	45.0	45.0
15137	20.0	40.0	50.0
15173	15.0	40.0	55.0
15209	17.5	35.0	52.5
15245	10.0	35.0	42.5
15281	15.0	37.5	35.0
15317	27.5	32.5	25.0
15353	37.5	30.0	22.5
15389	40.0	25.0	30.0
15425	47.5	32.5	27.5
15461	37.5	35.0	30.0
15497	37.5	42.5	25.0
15533	42.5	32.5	25.0
15569	55.0	37.5	20.0
15605	65.0	27.5	22.5
15641	52.5	30.0	25.0
15677	47.5	27.5	25.0
15713	40.0	25.0	27.5
15749	40.0	22.5	27.5
15785	40.0	25.0	22.5
15821	32.5	27.5	17.5
15857	32.5	25.0	17.5
15893	35.0	32.5	25.0
15929	30.0	47.5	25.0
15965	30.0	60.0	27.5
16001	20.0	65.0	30.0
16037	15.0	65.0	32.5
16073	17.5	57.5	30.0
16109	25.0	55.0	45.0
16145	35.0	37.5	52.5
16181	35.0	42.5	47.5
16217	30.0	47.5	40.0
16253	20.0	65.0	30.0
16289	17.5	67.5	30.0
16325	15.0	70.0	30.0
16361	17.5	57.5	30.0
16397	17.5	55.0	32.5
16433	20.0	47.5	30.0
16469	17.5	52.5	32.5
16505	20.0	47.5	35.0
16541	20.0	47.5	40.0
16577	20.0	52.5	35.0
16613	17.5	60.0	32.5
16649	25.0	57.5	25.0
16685	30.0	55.0	30.0
16721	40.0	42.5	27.5
16757	30.0	50.0	32.5
16793	27.5	42.5	37.5
16829	32.5	50.0	35.0
16865	30.0	40.0	32.5
16901	37.5	40.0	27.5
16937	30.0	35.0	42.5
16973	27.5	42.5	45.0
17009	27.5	42.5	35.0
17045	30.0	37.5	30.0
17081	35.0	32.5	20.0
17117	37.5	27.5	27.5
17153	45.0	37.5	27.5
17189	50.0	37.5	30.0
17225	47.5	37.5	25.0
17261	45.0	30.0	32.5
17297	45.0	37.5	22.5
17333	47.5	42.5	17.5
17369	55.0	52.5	10.0
17405	67.5	47.5	12.5
17441	62.5	40.0	15.0
17477	65.0	40.0	17.5
17513	57.5	35.0	20.0
17549	57.5	42.5	20.0
17585	55.0	42.5	22.5
17621	55.0	45.0	22.5
17657	47.5	47.5	20.0
17693	47.5	45.0	20.0
17729	42.5	47.5	22.5
17765	50.0	42.5	20.0
17801	52.5	35.0	30.0
17837	47.5	30.0	37.5
17873	37.5	32.5	42.5
17909	35.0	35.0	32.5
17945	40.0	42.5	25.0
17981	37.5	32.5	32.5
18017	42.5	32.5	32.5
18053	35.0	30.0	32.5
18089	40.0	35.0	27.5
18125	32.5	50.0	27.5
18161	32.5	50.0	32.5
18197	37.5	47.5	32.5
18233	47.5	45.0	30.0
18269	60.0	37.5	22.5
18305	65.0	35.0	20.0
18341	55.0	32.5	20.0
18377	47.5	35.0	27.5
18413	45.0	42.5	27.5
18449	42.5	45.0	32.5
18485	45.0	42.5	30.0
18521	47.5	42.5	30.0
18557	47.5	42.5	30.0
18593	47.5	42.5	27.5
18629	37.5	37.5	20.0
18665	30.0	40.0	22.5
18701	17.5	40.0	25.0
18737	15.0	62.5	27.5
18773	12.5	60.0	32.5
18809	15.0	55.0	37.5
18845	12.5	50.0	37.5
18881	20.0	50.0	35.0
18917	17.5	50.0	32.5
18953	15.0	50.0	32.5
18989	17.5	57.5	25.0
19025	15.0	50.0	17.5
19061	17.5	42.5	17.5
19097	15.0	42.5	20.0
19133	20.0	37.5	15.0
19169	20.0	50.0	20.0
19205	27.5	45.0	25.0
19241	20.0	50.0	35.0
19277	25.0	45.0	32.5
19313	20.0	45.0	37.5
19349	22.5	42.5	37.5
19385	25.0	40.0	30.0
19421	35.0	37.5	25.0
19457	42.5	35.0	25.0
19493	32.5	50.0	35.0
19529	27.5	45.0	42.5
19565	22.5	42.5	42.5
19601	32.5	32.5	40.0
19637	37.5	32.5	35.0
19673	40.0	27.5	32.5
19709	42.5	30.0	25.0
19745	40.0	30.0	20.0
19781	45.0	30.0	22.5
19817	42.5	32.5	25.0
19853	42.5	30.0	30.0
19889	50.0	40.0	27.5
19925	45.0	40.0	20.0
19961	50.0	35.0	20.0
19997	42.5	27.5	22.5
20033	45.0	27.5	22.5
20069	47.5	37.5	27.5
20105	52.5	42.5	20.0
20141	55.0	45.0	15.0
20177	52.5	45.0	5.0
20213	47.5	47.5	5.0
20249	42.5	45.0	7.5
20285	52.5	35.0	10.0
20321	50.0	42.5	7.5
20357	47.5	37.5	12.5
20393	37.5	40.0	25.0
20429	27.5	25.0	42.5
20465	22.5	17.5	55.0
20501	22.5	12.5	55.0
20537	22.5	15.0	50.0
20573	27.5	15.0	47.5
20609	35.0	15.0	47.5
20645	32.5	15.0	52.5
20681	37.5	17.5	42.5
20717	40.0	20.0	42.5
20753	32.5	22.5	40.0
20789	32.5	20.0	42.5
20825	27.5	22.5	35.0
20861	35.0	25.0	32.5
20897	27.5	30.0	32.5
20933	32.5	30.0	37.5
20969	35.0	22.5	45.0
21005	40.0	17.5	42.5
21041	35.0	17.5	37.5
21077	40.0	20.0	30.0
21113	32.5	25.0	25.0
21149	30.0	22.5	30.0
21185	17.5	25.0	37.5
21221	17.5	25.0	37.5
21257	12.5	32.5	32.5
21293	15.0	30.0	30.0
21329	12.5	35.0	40.0
21365	22.5	30.0	40.0
21401	22.5	27.5	42.5
21437	42.5	20.0	42.5
21473	47.5	20.0	40.0
21509	40.0	25.0	37.5
21545	35.0	25.0	32.5
21581	40.0	22.5	30.0
21617	42.5	15.0	27.5
21653	37.5	17.5	25.0
21689	35.0	17.5	30.0
21725	25.0	22.5	35.0
21761	42.5	25.0	47.5
21797	45.0	27.5	47.5
21833	42.5	22.5	52.5
21869	45.0	22.5	47.5
21905	40.0	20.0	50.0
21941	40.0	22.5	55.0
21977	40.0	25.0	55.0
22013	35.0	22.5	57.5
22049	42.5	22.5	55.0
22085	42.5	30.0	45.0
22121	45.0	27.5	40.0
22157	52.5	25.0	37.5
22193	50.0	17.5	42.5
22229	47.5	12.5	45.0
22265	42.5	17.5	55.0
22301	42.5	22.5	55.0
22337	37.5	27.5	57.5
22373	45.0	22.5	50.0
22409	42.5	22.5	47.5
22445	47.5	30.0	47.5
22481	37.5	30.0	52.5
22517	35.0	42.5	40.0
22553	37.5	35.0	50.0
22589	37.5	32.5	57.5
22625	47.5	27.5	57.5
22661	52.5	25.0	47.5
22697	45.0	27.5	35.0
22733	37.5	20.0	27.5
22769	30.0	25.0	25.0
22805	40.0	22.5	27.5
22841	47.5	20.0	27.5
22877	50.0	27.5	17.5
22913	45.0	30.0	20.0
22949	40.0	37.5	10.0
22985	47.5	40.0	12.5
23021	42.5	32.5	17.5
23057	50.0	32.5	20.0
23093	40.0	30.0	25.0
23129	52.5	40.0	22.5
23165	45.0	45.0	22.5
23201	42.5	45.0	22.5
23237	32.5	32.5	35.0
23273	27.5	22.5	37.5
23309	32.5	30.0	32.5
23345	27.5	32.5	37.5
23381	32.5	42.5	27.5
23417	25.0	37.5	32.5
23453	20.0	37.5	27.5
23489	17.5	40.0	25.0
23525	22.5	42.5	20.0
23561	20.0	47.5	20.0
23597	12.5	45.0	30.0
23633	10.0	37.5	35.0
23669	7.5	35.0	42.5
23705	15.0	40.0	35.0
23741	22.5	35.0	32.5
23777	27.5	42.5	25.0
23813	27.5	27.5	27.5
23849	32.5	17.5	35.0
23885	30.0	17.5	37.5
23921	35.0	22.5	30.0
23957	47.5	27.5	27.5
23993	47.5	20.0	30.0
24029	45.0	32.5	35.0
24065	27.5	42.5	42.5
24101	25.0	47.5	45.0
24137	22.5	50.0	40.0
24173	20.0	37.5	35.0
24209	17.5	32.5	30.0
24245	27.5	22.5	32.5
24281	32.5	27.5	27.5
24317	30.0	37.5	35.0
24353	22.5	50.0	32.5
24389	17.5	55.0	37.5
24425	17.5	57.5	32.5
24461	17.5	60.0	32.5
24497	15.0	50.0	32.5
24533	20.0	40.0	27.5
24569	30.0	35.0	20.0
24605	32.5	30.0	20.0
24641	35.0	30.0	22.5
24677	30.0	37.5	25.0
24713	32.5	30.0	25.0
24749	35.0	32.5	22.5
24785	42.5	35.0	17.5
24821	50.0	40.0	15.0
24857	47.5	35.0	12.5
24893	45.0	30.0	17.5
24929	37.5	27.5	22.5
24965	30.0	25.0	27.5
25001	30.0	22.5	30.0
25037	35.0	22.5	30.0
25073	27.5	20.0	27.5
25109	35.0	27.5	35.0
25145	25.0	35.0	27.5
25181	37.5	40.0	37.5
25217	32.5	47.5	27.5
25253	27.5	42.5	30.0
25289	22.5	45.0	32.5
25325	15.0	42.5	40.0
25361	17.5	50.0	37.5
25397	22.5	40.0	37.5
25433	20.0	47.5	27.5
25469	15.0	50.0	35.0
25505	12.5	50.0	30.0
25541	15.0	47.5	27.5
25577	20.0	47.5	25.0
25613	20.0	47.5	30.0
25649	17.5	55.0	37.5
25685	20.0	42.5	37.5
25721	12.5	35.0	35.0
25757	20.0	35.0	32.5
25793	25.0	35.0	40.0
25829	32.5	40.0	35.0
25865	35.0	37.5	30.0
25901	35.0	42.5	22.5
25937	45.0	35.0	12.5
25973	42.5	37.5	10.0
26009	42.5	32.5	12.5
26045	35.0	32.5	22.5
26081	42.5	25.0	27.5
26117	50.0	25.0	30.0
26153	52.5	22.5	30.0
26189	52.5	20.0	22.5
26225	42.5	20.0	22.5
26261	42.5	25.0	12.5
26297	42.5	32.5	7.5
26333	35.0	35.0	7.5
26369	35.0	35.0	15.0
26405	40.0	40.0	17.5
26441	42.5	40.0	22.5
26477	42.5	35.0	20.0
26513	40.0	37.5	17.5
26549	40.0	35.0	20.0
26585	47.5	45.0	22.5
26621	60.0	40.0	22.5
26657	50.0	37.5	20.0
26693	40.0	32.5	22.5
26729	32.5	25.0	27.5
26765	27.5	30.0	27.5
26801	40.0	27.5	27.5
26837	37.5	27.5	30.0
26873	47.5	25.0	22.5
26909	47.5	25.0	22.5
26945	52.5	32.5	15.0
26981	47.5	32.5	17.5
27017	52.5	32.5	12.5
27053	52.5	32.5	15.0
27089	52.5	35.0	15.0
27125	47.5	37.5	15.0
27161	45.0	42.5	12.5
27197	37.5	47.5	15.0
27233	42.5	45.0	15.0
27269	45.0	45.0	20.0
27305	50.0	45.0	17.5
27341	52.5	45.0	15.0
27377	52.5	50.0	15.0
27413	50.0	40.0	22.5
27449	55.0	32.5	27.5
27485	50.0	17.5	30.0
27521	50.0	22.5	22.5
27557	37.5	35.0	12.5
27593	37.5	45.0	12.5
27629	27.5	52.5	17.5
27665	37.5	55.0	20.0
27701	30.0	52.5	22.5
27737	37.5	52.5	20.0
27773	40.0	47.5	20.0
27809	50.0	55.0	15.0
27845	45.0	50.0	17.5
27881	50.0	52.5	15.0
27917	40.0	47.5	17.5
27953	45.0	52.5	10.0
27989	47.5	42.5	15.0
28025	37.5	40.0	15.0
28061	40.0	35.0	10.0
28097	35.0	47.5	2.5
28133	35.0	45.0	5.0
28169	32.5	40.0	2.5
28205	42.5	30.0	10.0
28241	37.5	27.5	12.5
28277	45.0	32.5	20.0
28313	32.5	42.5	20.0
28349	37.5	52.5	20.0
28385	37.5	47.5	15.0
28421	40.0	47.5	15.0
28457	50.0	40.0	12.5
28493	42.5	40.0	17.5
28529	50.0	35.0	10.0
28565	47.5	40.0	12.5
28601	37.5	45.0	10.0
28637	32.5	35.0	17.5
28673	32.5	37.5	20.0
28709	32.5	32.5	22.5
28745	30.0	32.5	20.0
28781	30.0	32.5	17.5
28817	25.0	32.5	22.5
28853	27.5	40.0	27.5
28889	22.5	45.0	27.5
28925	32.5	42.5	25.0
28961	40.0	32.5	25.0
28997	40.0	32.5	25.0
29033	42.5	25.0	27.5
29069	45.0	35.0	12.5
29105	42.5	37.5	10.0
29141	37.5	40.0	12.5
29177	32.5	35.0	25.0
29213	25.0	37.5	27.5
29249	20.0	30.0	35.0
29285	20.0	37.5	27.5
29321	22.5	30.0	30.0
29357	37.5	27.5	25.0
29393	42.5	25.0	20.0
29429	37.5	25.0	27.5
29465	42.5	27.5	30.0
29501	37.5	32.5	30.0
29537	40.0	30.0	20.0
29573	40.0	35.0	17.5
29609	45.0	30.0	12.5
29645	47.5	32.5	20.0
29681	52.5	42.5	12.5
29717	40.0	40.0	22.5
29753	32.5	45.0	25.0
29789	27.5	37.5	32.5
29825	27.5	35.0	27.5
29861	30.0	27.5	27.5
29897	37.5	27.5	32.5
29933	32.5	20.0	35.0
29969	32.5	27.5	32.5
30005	27.5	27.5	20.0
30041	40.0	45.0	12.5
30077	42.5	60.0	7.5
30113	55.0	62.5	7.5
30149	57.5	60.0	7.5
30185	60.0	52.5	12.5
30221	62.5	42.5	15.0
30257	60.0	37.5	17.5
30293	55.0	40.0	15.0
30329	45.0	40.0	15.0
30365	37.5	47.5	20.0
30401	32.5	42.5	22.5
30437	42.5	42.5	17.5
30473	37.5	42.5	12.5
30509	50.0	40.0	7.5
30545	47.5	40.0	10.0
30581	47.5	32.5	15.0
30617	37.5	30.0	22.5
30653	37.5	25.0	20.0
30689	45.0	37.5	20.0
30725	47.5	40.0	22.5
30761	45.0	50.0	20.0
30797	50.0	55.0	17.5
30833	52.5	57.5	7.5
30869	52.5	52.5	5.0
30905	52.5	45.0	10.0
30941	45.0	37.5	15.0
30977	50.0	45.0	12.5
31013	37.5	40.0	15.0
31049	47.5	50.0	12.5
31085	50.0	55.0	12.5
31121	52.5	50.0	10.0
31157	62.5	50.0	10.0
31193	75.0	50.0	10.0
31229	77.5	40.0	12.5
31265	62.5	35.0	12.5
31301	55.0	25.0	22.5
31337	42.5	22.5	30.0
31373	45.0	27.5	22.5
31409	45.0	35.0	15.0
31445	52.5	32.5	17.5
31481	60.0	42.5	12.5
31517	55.0	37.5	12.5
31553	47.5	42.5	10.0
31589	42.5	45.0	15.0
31625	42.5	47.5	17.5
31661	47.5	57.5	12.5
31697	50.0	60.0	12.5
31733	50.0	57.5	15.0
31769	45.0	52.5	17.5
31805	47.5	45.0	15.0
31841	42.5	50.0	12.5
31877	47.5	52.5	10.0
31913	52.5	52.5	10.0
31949	50.0	45.0	20.0
31985	52.5	37.5	22.5
32021	50.0	32.5	20.0
32057	57.5	37.5	12.5
32093	47.5	40.0	15.0
32129	50.0	50.0	12.5
32165	45.0	37.5	20.0
32201	42.5	40.0	12.5
32237	42.5	40.0	15.0
32273	42.5	35.0	20.0
32309	30.0	37.5	32.5
32345	27.5	42.5	37.5
32381	25.0	47.5	47.5
32417	27.5	47.5	47.5
32453	22.5	60.0	47.5
32489	20.0	55.0	37.5
32525	17.5	55.0	37.5
32561	17.5	45.0	42.5
32597	22.5	42.5	47.5
32633	17.5	40.0	47.5
32669	22.5	40.0	37.5
32705	15.0	45.0	35.0
32741	15.0	40.0	37.5
32777	20.0	30.0	42.5
32813	25.0	30.0	42.5
32849	32.5	45.0	37.5
32885	32.5	52.5	30.0
32921	25.0	55.0	27.5
32957	22.5	60.0	32.5
32993	17.5	55.0	45.0
33029	12.5	55.0	45.0
33065	15.0	47.5	47.5
33101	20.0	45.0	47.5
33137	15.0	50.0	47.5
33173	12.5	50.0	50.0
33209	7.5	52.5	45.0
33245	10.0	55.0	45.0
33281	7.5	60.0	52.5
33317	20.0	55.0	50.0
33353	22.5	52.5	55.0
33389	22.5	42.5	52.5
33425	12.5	42.5	52.5
33461	10.0	45.0	40.0
33497	15.0	45.0	40.0
33533	17.5	47.5	22.5
33569	22.5	50.0	25.0
33605	32.5	52.5	25.0
33641	22.5	55.0	40.0
33677	17.5	50.0	42.5
33713	17.5	40.0	45.0
33749	22.5	45.0	40.0
33785	35.0	37.5	42.5
33821	35.0	40.0	40.0
33857	32.5	37.5	35.0
33893	32.5	32.5	32.5
33929	32.5	27.5	45.0
33965	32.5	22.5	50.0
34001	27.5	17.5	62.5
34037	30.0	25.0	57.5
34073	35.0	20.0	52.5
34109	40.0	20.0	42.5
34145	40.0	15.0	47.5
34181	40.0	17.5	45.0
34217	40.0	12.5	52.5
34253	37.5	15.0	50.0
34289	37.5	20.0	45.0
34325	47.5	20.0	50.0
34361	42.5	17.5	57.5
34397	42.5	17.5	62.5
34433	32.5	22.5	57.5
34469	25.0	25.0	52.5
34505	27.5	25.0	50.0
34541	40.0	15.0	42.5
34577	35.0	12.5	42.5
34613	37.5	7.5	42.5
34649	40.0	12.5	47.5
34685	45.0	10.0	45.0
34721	50.0	10.0	45.0
34757	40.0	12.5	50.0
34793	32.5	15.0	60.0
34829	32.5	17.5	65.0
34865	32.5	20.0	65.0
34901	27.5	17.5	65.0
34937	22.5	17.5	60.0
34973	25.0	20.0	60.0
35009	22.5	20.0	50.0
35045	27.5	25.0	52.5
35081	30.0	25.0	50.0
35117	35.0	25.0	47.5
35153	40.0	17.5	55.0
35189	40.0	17.5	40.0
35225	47.5	12.5	50.0
35261	42.5	15.0	47.5
35297	37.5	17.5	55.0
35333	40.0	10.0	60.0
35369	32.5	20.0	57.5
35405	32.5	17.5	52.5
35441	40.0	20.0	52.5
35477	40.0	17.5	50.0
35513	52.5	20.0	52.5
35549	62.5	17.5	45.0
35585	50.0	17.5	40.0
35621	50.0	12.5	40.0
35657	40.0	10.0	50.0
35693	45.0	10.0	47.5
35729	40.0	17.5	62.5
35765	42.5	25.0	60.0
35801	37.5	27.5	50.0
35837	32.5	27.5	47.5
35873	30.0	27.5	40.0
35909	32.5	27.5	37.5
35945	32.5	22.5	47.5
35981	32.5	17.5	47.5
36017	27.5	20.0	50.0
36053	25.0	25.0	42.5
36089	22.5	30.0	40.0
36125	27.5	25.0	42.5
36161	40.0	22.5	47.5
36197	37.5	22.5	50.0
36233	45.0	25.0	42.5
36269	45.0	22.5	47.5
36305	37.5	27.5	42.5
36341	25.0	25.0	42.5
36377	17.5	30.0	45.0
36413	25.0	25.0	47.5
36449	32.5	22.5	47.5
36485	37.5	20.0	52.5
36521	35.0	20.0	52.5
36557	37.5	22.5	50.0
36593	35.0	22.5	45.0
36629	27.5	15.0	45.0
36665	30.0	17.5	52.5
36701	35.0	22.5	45.0
36737	37.5	17.5	47.5
36773	32.5	15.0	35.0
36809	32.5	20.0	32.5
36845	30.0	17.5	40.0
36881	27.5	17.5	37.5
36917	25.0	20.0	35.0
36953	22.5	20.0	35.0
36989	17.5	25.0	32.5
37025	27.5	30.0	40.0
37061	35.0	25.0	37.5
37097	37.5	20.0	42.5
37133	42.5	12.5	52.5
37169	40.0	20.0	55.0
37205	30.0	25.0	45.0
37241	27.5	22.5	52.5
37277	35.0	17.5	47.5
37313	42.5	10.0	57.5
37349	50.0	10.0	65.0
37385	50.0	7.5	67.5
37421	55.0	12.5	55.0
37457	45.0	12.5	52.5
37493	42.5	17.5	50.0
37529	37.5	17.5	42.5
37565	27.5	22.5	45.0
37601	30.0	17.5	52.5
37637	30.0	17.5	55.0
37673	32.5	10.0	65.0
37709	40.0	10.0	55.0
37745	32.5	10.0	52.5
37781	42.5	5.0	47.5
37817	42.5	10.0	45.0
37853	47.5	15.0	52.5
37889	40.0	22.5	40.0
37925	40.0	25.0	32.5
37961	37.5	22.5	42.5
37997	32.5	20.0	47.5
38033	35.0	20.0	60.0
38069	27.5	20.0	57.5
38105	40.0	12.5	55.0
38141	50.0	12.5	50.0
38177	47.5	12.5	50.0
38213	42.5	12.5	55.0
38249	45.0	17.5	52.5
38285	42.5	25.0	47.5
38321	40.0	32.5	45.0
38357	32.5	30.0	42.5
38393	30.0	25.0	45.0
38429	32.5	22.5	42.5
38465	37.5	27.5	45.0
38501	42.5	27.5	45.0
38537	45.0	20.0	45.0
38573	45.0	22.5	50.0
38609	42.5	25.0	45.0
38645	35.0	35.0	40.0
38681	37.5	35.0	40.0
38717	40.0	27.5	35.0
38753	45.0	20.0	40.0
38789	40.0	20.0	42.5
38825	32.5	22.5	37.5
38861	37.5	15.0	40.0
38897	37.5	15.0	37.5
38933	40.0	12.5	40.0
38969	32.5	17.5	40.0
39005	25.0	15.0	50.0
39041	35.0	15.0	50.0
39077	37.5	17.5	42.5
39113	42.5	10.0	35.0
39149	45.0	10.0	35.0
39185	47.5	7.5	45.0
39221	45.0	7.5	55.0
39257	40.0	7.5	67.5
39293	42.5	10.0	57.5
39329	37.5	10.0	57.5
39365	40.0	12.5	45.0
39401	32.5	12.5	45.0
39437	37.5	10.0	45.0
39473	40.0	10.0	55.0
39509	50.0	5.0	47.5
39545	47.5	15.0	55.0
39581	37.5	22.5	50.0
39617	27.5	17.5	52.5
39653	25.0	20.0	47.5
39689	27.5	15.0	45.0
39725	37.5	17.5	47.5
39761	40.0	15.0	60.0
39797	45.0	10.0	60.0
39833	35.0	22.5	52.5
39869	35.0	20.0	45.0
39905	25.0	30.0	32.5
39941	30.0	20.0	35.0
39977	30.0	15.0	40.0
40013	35.0	5.0	45.0
40049	35.0	7.5	45.0
40085	35.0	5.0	55.0
40121	30.0	7.5	57.5
40157	30.0	12.5	52.5
40193	25.0	15.0	57.5
40229	25.0	25.0	50.0
40265	30.0	22.5	47.5
40301	42.5	20.0	42.5
40337	45.0	17.5	42.5
40373	47.5	22.5	40.0
40409	35.0	27.5	42.5
40445	30.0	27.5	40.0
40481	27.5	30.0	45.0
40517	32.5	25.0	42.5
40553	45.0	30.0	40.0
40589	37.5	30.0	37.5
40625	45.0	35.0	37.5
40661	40.0	30.0	37.5
40697	45.0	15.0	37.5
40733	45.0	5.0	42.5
40769	50.0	5.0	45.0
40805	47.5	7.5	50.0
40841	57.5	15.0	40.0
40877	52.5	17.5	35.0
40913	57.5	25.0	32.5
40949	47.5	27.5	35.0
40985	37.5	27.5	37.5
41021	37.5	22.5	50.0
41057	42.5	22.5	50.0
41093	37.5	17.5	57.5
41129	42.5	15.0	52.5
41165	40.0	15.0	50.0
41201	47.5	15.0	40.0
41237	37.5	27.5	32.5
41273	40.0	25.0	27.5
41309	37.5	27.5	32.5
41345	45.0	25.0	32.5
41381	50.0	17.5	30.0
41417	52.5	15.0	27.5
41453	47.5	17.5	32.5
41489	50.0	22.5	32.5
41525	50.0	22.5	35.0
41561	40.0	27.5	35.0
41597	37.5	27.5	25.0
41633	35.0	27.5	20.0
41669	40.0	30.0	22.5
41705	40.0	30.0	32.5
41741	42.5	27.5	35.0
41777	40.0	25.0	42.5
41813	47.5	22.5	40.0
41849	50.0	22.5	35.0
41885	40.0	20.0	35.0
41921	37.5	27.5	25.0
41957	37.5	25.0	30.0
41993	42.5	27.5	40.0
42029	45.0	27.5	50.0
42065	52.5	22.5	52.5
42101	45.0	22.5	47.5
42137	40.0	15.0	47.5
42173	40.0	22.5	32.5
42209	37.5	30.0	22.5
42245	47.5	25.0	22.5
42281	45.0	20.0	32.5
42317	40.0	20.0	47.5
42353	32.5	25.0	45.0
42389	30.0	22.5	50.0
42425	30.0	25.0	37.5
42461	37.5	27.5	42.5
42497	42.5	30.0	40.0
42533	37.5	32.5	40.0
42569	37.5	27.5	27.5
42605	42.5	27.5	30.0
42641	42.5	32.5	30.0
42677	42.5	32.5	22.5
42713	47.5	25.0	32.5
42749	45.0	22.5	40.0
42785	50.0	17.5	42.5
42821	45.0	17.5	40.0
42857	47.5	25.0	32.5
42893	50.0	20.0	30.0
42929	40.0	20.0	32.5
42965	42.5	20.0	30.0
43001	42.5	17.5	37.5
43037	45.0	17.5	37.5
43073	50.0	20.0	42.5
43109	50.0	25.0	35.0
43145	47.5	22.5	30.0
43181	47.5	25.0	27.5
43217	45.0	20.0	32.5
43253	42.5	22.5	37.5
43289	47.5	20.0	40.0
43325	47.5	17.5	45.0
43361	45.0	20.0	37.5
43397	47.5	20.0	32.5
43433	47.5	20.0	32.5
43469	60.0	15.0	42.5
43505	52.5	12.5	40.0
43541	45.0	20.0	42.5
43577	40.0	27.5	32.5
43613	42.5	30.0	42.5
43649	47.5	30.0	40.0
43685	60.0	25.0	47.5
43721	57.5	25.0	45.0
43757	47.5	20.0	40.0
43793	37.5	30.0	32.5
43829	45.0	35.0	35.0
43865	52.5	22.5	40.0
43901	57.5	20.0	35.0
43937	60.0	12.5	40.0
43973	57.5	17.5	40.0
44009	57.5	12.5	40.0
44045	57.5	10.0	37.5
44081	42.5	15.0	40.0
44117	45.0	15.0	37.5
44153	40.0	20.0	40.0
44189	42.5	22.5	30.0
44225	40.0	30.0	25.0
44261	37.5	30.0	22.5
44297	32.5	30.0	27.5
44333	40.0	20.0	30.0
44369	42.5	27.5	30.0
44405	50.0	27.5	27.5
44441	45.0	30.0	30.0
44477	42.5	27.5	35.0
44513	40.0	25.0	40.0
44549	40.0	25.0	35.0
44585	42.5	25.0	35.0
44621	35.0	22.5	27.5
44657	32.5	32.5	22.5
44693	25.0	40.0	22.5
44729	25.0	42.5	25.0
44765	27.5	42.5	25.0
44801	30.0	40.0	27.5
44837	35.0	47.5	15.0
44873	37.5	55.0	12.5
44909	42.5	47.5	17.5
44945	40.0	47.5	20.0
44981	45.0	37.5	20.0
45017	32.5	42.5	15.0
45053	30.0	40.0	15.0
45089	27.5	47.5	10.0
45125	32.5	47.5	17.5
45161	37.5	50.0	17.5
45197	40.0	50.0	15.0
45233	35.0	47.5	12.5
45269	27.5	45.0	12.5
45305	20.0	45.0	17.5
45341	22.5	50.0	17.5
45377	30.0	47.5	22.5
45413	30.0	40.0	32.5
45449	35.0	40.0	37.5
45485	32.5	40.0	37.5
45521	30.0	47.5	30.0
45557	30.0	47.5	27.5
45593	27.5	42.5	30.0
45629	27.5	42.5	32.5
45665	30.0	42.5	30.0
45701	42.5	42.5	27.5
45737	45.0	45.0	27.5
45773	42.5	45.0	35.0
45809	35.0	40.0	35.0
45845	30.0	40.0	32.5
45881	32.5	32.5	32.5
45917	32.5	27.5	25.0
45953	35.0	30.0	22.5
45989	40.0	47.5	15.0
46025	47.5	57.5	10.0
46061	50.0	62.5	10.0
46097	50.0	55.0	7.5
46133	45.0	47.5	10.0
46169	30.0	37.5	15.0
46205	30.0	30.0	25.0
46241	35.0	37.5	22.5
46277	40.0	42.5	15.0
46313	40.0	40.0	12.5
46349	32.5	40.0	17.5
46385	22.5	42.5	22.5
46421	25.0	45.0	27.5
46457	25.0	50.0	17.5
46493	30.0	50.0	17.5
46529	32.5	55.0	15.0
46565	42.5	50.0	15.0
46601	42.5	50.0	20.0
46637	40.0	47.5	20.0
46673	20.0	47.5	27.5
46709	22.5	50.0	20.0
46745	25.0	52.5	22.5
46781	27.5	52.5	22.5
46817	25.0	47.5	22.5
46853	20.0	40.0	25.0
46889	22.5	35.0	22.5
46925	37.5	45.0	20.0
46961	35.0	45.0	25.0
46997	40.0	55.0	22.5
47033	32.5	55.0	22.5
47069	32.5	55.0	12.5
47105	32.5	45.0	17.5
47141	32.5	42.5	12.5
47177	30.0	40.0	25.0
47213	30.0	40.0	20.0
47249	35.0	52.5	22.5
47285	32.5	50.0	20.0
47321	32.5	52.5	20.0
47357	35.0	47.5	15.0
47393	40.0	50.0	17.5
47429	37.5	45.0	17.5
47465	37.5	45.0	17.5
47501	30.0	42.5	20.0
47537	32.5	40.0	22.5
47573	32.5	42.5	22.5
47609	37.5	47.5	15.0
47645	35.0	50.0	10.0
47681	30.0	42.5	15.0
47717	27.5	40.0	20.0
47753	25.0	32.5	25.0
47789	37.5	47.5	20.0
47825	40.0	42.5	27.5
47861	52.5	45.0	22.5
47897	42.5	40.0	27.5
47933	35.0	42.5	17.5
47969	30.0	42.5	17.5
48005	37.5	42.5	15.0
48041	40.0	42.5	17.5
48077	42.5	47.5	15.0
48113	40.0	52.5	17.5
48149	40.0	52.5	15.0
48185	40.0	45.0	20.0
48221	37.5	47.5	17.5
48257	30.0	45.0	25.0
48293	42.5	45.0	17.5
48329	40.0	35.0	25.0
48365	32.5	30.0	32.5
48401	32.5	30.0	27.5
48437	30.0	37.5	22.5
48473	37.5	37.5	25.0
48509	30.0	40.0	30.0
48545	35.0	40.0	25.0
48581	27.5	37.5	30.0
48617	30.0	45.0	25.0
48653	32.5	40.0	22.5
48689	35.0	37.5	15.0
48725	45.0	40.0	10.0
48761	47.5	47.5	15.0
48797	42.5	47.5	27.5
48833	37.5	57.5	30.0
48869	30.0	55.0	27.5
48905	32.5	50.0	25.0
48941	30.0	45.0	20.0
48977	32.5	40.0	15.0
49013	32.5	40.0	12.5
49049	37.5	40.0	17.5
49085	37.5	37.5	22.5
49121	37.5	42.5	22.5
49157	37.5	47.5	15.0
49193	37.5	52.5	7.5
49229	30.0	50.0	10.0
49265	35.0	52.5	10.0
49301	42.5	52.5	10.0
49337	42.5	47.5	17.5
49373	40.0	45.0	22.5
49409	35.0	37.5	30.0
49445	32.5	35.0	30.0
49481	25.0	35.0	30.0
49517	22.5	47.5	22.5
49553	25.0	47.5	17.5
49589	22.5	50.0	22.5
49625	25.0	42.5	25.0
49661	30.0	35.0	32.5
49697	25.0	35.0	40.0
49733	27.5	35.0	47.5
49769	22.5	40.0	45.0
49805	25.0	42.5	37.5
49841	30.0	45.0	27.5
49877	37.5	50.0	15.0
49913	27.5	45.0	20.0
49949	25.0	42.5	20.0
49985	22.5	37.5	30.0
50021	27.5	37.5	27.5
50057	27.5	40.0	27.5
50093	27.5	40.0	27.5
50129	25.0	45.0	32.5
50165	35.0	42.5	27.5
50201	35.0	42.5	25.0
50237	40.0	40.0	20.0
50273	37.5	42.5	20.0
50309	40.0	47.5	20.0
50345	35.0	47.5	27.5
50381	27.5	47.5	25.0
50417	32.5	52.5	22.5
50453	32.5	47.5	20.0
50489	40.0	50.0	22.5
50525	35.0	37.5	30.0
50561	30.0	40.0	30.0
50597	27.5	32.5	30.0
50633	37.5	32.5	25.0
50669	37.5	40.0	20.0
50705	42.5	35.0	20.0
50741	42.5	32.5	20.0
50777	40.0	35.0	17.5
50813	40.0	30.0	22.5
50849	32.5	35.0	25.0
50885	37.5	37.5	22.5
50921	40.0	40.0	22.5
50957	37.5	55.0	22.5
50993	37.5	55.0	25.0
51029	27.5	70.0	22.5
51065	25.0	65.0	25.0
51101	32.5	60.0	22.5
51137	35.0	50.0	25.0
51173	30.0	45.0	37.5
51209	25.0	45.0	35.0
51245	22.5	42.5	30.0
51281	30.0	45.0	27.5
51317	32.5	47.5	20.0
51353	32.5	45.0	20.0
51389	32.5	57.5	12.5
51425	35.0	55.0	10.0
51461	37.5	60.0	15.0
51497	40.0	47.5	30.0
51533	32.5	40.0	37.5
51569	37.5	40.0	32.5
51605	40.0	40.0	25.0
51641	45.0	47.5	15.0
51677	42.5	50.0	17.5
51713	45.0	47.5	20.0
51749	42.5	55.0	20.0
51785	37.5	40.0	25.0
51821	30.0	30.0	22.5
51857	27.5	12.5	27.5
51893	25.0	12.5	25.0
51929	30.0	15.0	27.5
51965	30.0	32.5	30.0
52001	32.5	35.0	35.0
52037	27.5	40.0	37.5
52073	30.0	35.0	42.5
52109	32.5	32.5	42.5
52145	32.5	27.5	45.0
52181	32.5	27.5	37.5
52217	32.5	30.0	35.0
52253	32.5	35.0	32.5
52289	50.0	27.5	30.0
52325	50.0	20.0	35.0
52361	57.5	20.0	37.5
52397	50.0	17.5	35.0
52433	50.0	22.5	35.0
52469	45.0	25.0	30.0
52505	47.5	22.5	35.0
52541	45.0	22.5	35.0
52577	50.0	17.5	32.5
52613	50.0	17.5	27.5
52649	45.0	22.5	17.5
52685	42.5	22.5	20.0
52721	40.0	20.0	25.0
52757	40.0	15.0	25.0
52793	37.5	17.5	30.0
52829	37.5	17.5	30.0
52865	35.0	27.5	25.0
52901	40.0	35.0	25.0
52937	35.0	55.0	17.5
52973	42.5	52.5	27.5
53009	45.0	55.0	25.0
53045	50.0	47.5	22.5
53081	47.5	42.5	17.5
53117	40.0	37.5	27.5
53153	40.0	35.0	32.5
53189	27.5	40.0	32.5
53225	32.5	42.5	22.5
53261	32.5	30.0	25.0
53297	35.0	37.5	30.0
53333	27.5	42.5	27.5
53369	32.5	45.0	35.0
53405	27.5	47.5	45.0
53441	27.5	35.0	42.5
53477	20.0	32.5	40.0
53513	25.0	32.5	27.5
53549	25.0	32.5	35.0
53585	25.0	27.5	35.0
53621	35.0	30.0	35.0
53657	37.5	35.0	37.5
53693	45.0	32.5	37.5
53729	45.0	40.0	30.0
53765	37.5	45.0	27.5
53801	35.0	50.0	22.5
53837	35.0	50.0	15.0
53873	37.5	52.5	22.5
53909	45.0	45.0	20.0
53945	47.5	32.5	32.5
53981	45.0	45.0	30.0
54017	37.5	40.0	37.5
54053	32.5	47.5	35.0
54089	37.5	50.0	22.5
54125	35.0	55.0	17.5
54161	37.5	42.5	12.5
54197	40.0	35.0	15.0
54233	40.0	17.5	12.5
54269	50.0	12.5	22.5
54305	40.0	20.0	30.0
54341	45.0	12.5	35.0
54377	45.0	15.0	32.5
54413	37.5	12.5	35.0
54449	30.0	25.0	42.5
54485	15.0	35.0	42.5
54521	15.0	35.0	52.5
54557	17.5	35.0	50.0
54593	17.5	40.0	42.5
54629	17.5	42.5	52.5
54665	15.0	37.5	45.0
54701	20.0	35.0	45.0
54737	22.5	32.5	47.5
54773	35.0	25.0	45.0
54809	47.5	20.0	40.0
54845	47.5	12.5	37.5
54881	45.0	10.0	40.0
54917	37.5	20.0	47.5
54953	27.5	22.5	47.5
54989	32.5	20.0	47.5
55025	27.5	25.0	57.5
55061	17.5	25.0	60.0
55097	10.0	35.0	55.0
55133	10.0	37.5	57.5
55169	20.0	32.5	47.5
55205	20.0	32.5	47.5
55241	25.0	27.5	40.0
55277	22.5	27.5	40.0
55313	30.0	22.5	35.0
55349	40.0	17.5	27.5
55385	45.0	20.0	22.5
55421	47.5	25.0	15.0
55457	45.0	25.0	5.0
55493	47.5	22.5	10.0
55529	40.0	22.5	15.0
55565	40.0	32.5	17.5
55601	37.5	37.5	22.5
55637	45.0	40.0	25.0
55673	52.5	37.5	37.5
55709	42.5	30.0	40.0
55745	45.0	35.0	37.5
55781	27.5	37.5	35.0
55817	27.5	40.0	17.5
55853	30.0	42.5	25.0
55889	32.5	40.0	25.0
55925	30.0	47.5	27.5
55961	32.5	47.5	35.0
55997	30.0	42.5	22.5
56033	25.0	47.5	20.0
56069	22.5	40.0	17.5
56105	22.5	45.0	17.5
56141	25.0	47.5	27.5
56177	27.5	37.5	30.0
56213	25.0	30.0	35.0
56249	27.5	25.0	40.0
56285	17.5	22.5	45.0
56321	25.0	20.0	37.5
56357	25.0	17.5	40.0
56393	25.0	17.5	37.5
56429	25.0	15.0	35.0
56465	25.0	20.0	30.0
56501	40.0	17.5	25.0
56537	52.5	22.5	27.5
56573	57.5	25.0	37.5
56609	57.5	22.5	35.0
56645	52.5	25.0	25.0
56681	35.0	27.5	30.0
56717	22.5	27.5	37.5
56753	15.0	35.0	50.0
56789	15.0	27.5	52.5
56825	17.5	25.0	47.5
56861	22.5	22.5	45.0
56897	20.0	35.0	45.0
56933	22.5	45.0	40.0
56969	20.0	47.5	40.0
57005	25.0	37.5	35.0
57041	27.5	35.0	32.5
57077	30.0	32.5	37.5
57113	30.0	32.5	32.5
57149	27.5	35.0	40.0
57185	17.5	35.0	50.0
57221	17.5	37.5	55.0
57257	12.5	47.5	52.5
57293	12.5	47.5	52.5
57329	22.5	40.0	52.5
57365	27.5	32.5	52.5
57401	27.5	30.0	52.5
57437	20.0	35.0	55.0
57473	25.0	37.5	42.5
57509	20.0	42.5	37.5
57545	12.5	47.5	45.0
57581	17.5	42.5	47.5
57617	12.5	40.0	50.0
57653	15.0	47.5	42.5
57689	17.5	47.5	42.5
57725	15.0	52.5	40.0
57761	12.5	35.0	42.5
57797	7.5	30.0	45.0
57833	7.5	35.0	55.0
57869	10.0	37.5	45.0
57905	12.5	42.5	40.0
57941	17.5	45.0	32.5
57977	15.0	37.5	35.0
58013	22.5	37.5	30.0
58049	17.5	35.0	37.5
58085	15.0	37.5	42.5
58121	7.5	32.5	57.5
58157	7.5	32.5	52.5
58193	10.0	32.5	42.5
58229	20.0	32.5	30.0
58265	25.0	35.0	35.0
58301	25.0	27.5	40.0
58337	25.0	37.5	42.5
58373	22.5	35.0	52.5
58409	25.0	35.0	55.0
58445	30.0	37.5	50.0
58481	22.5	37.5	45.0
58517	15.0	35.0	37.5
58553	10.0	25.0	42.5
58589	5.0	27.5	47.5
58625	17.5	17.5	45.0
58661	25.0	22.5	42.5
58697	22.5	20.0	42.5
58733	20.0	20.0	42.5
58769	20.0	17.5	42.5
58805	27.5	17.5	37.5
58841	32.5	15.0	45.0
58877	22.5	17.5	47.5
58913	22.5	27.5	55.0
58949	25.0	27.5	42.5
58985	25.0	27.5	40.0
59021	27.5	25.0	35.0
59057	27.5	30.0	40.0
59093	32.5	30.0	37.5
59129	40.0	22.5	40.0
59165	42.5	25.0	42.5
59201	45.0	12.5	45.0
59237	35.0	22.5	42.5
59273	35.0	15.0	37.5
59309	30.0	25.0	35.0
59345	27.5	25.0	32.5
59381	25.0	25.0	40.0
59417	22.5	32.5	47.5
59453	30.0	30.0	42.5
59489	22.5	27.5	40.0
59525	30.0	32.5	37.5
59561	17.5	42.5	32.5
59597	22.5	45.0	37.5
59633	35.0	37.5	30.0
59669	30.0	32.5	32.5
59705	35.0	40.0	35.0
59741	25.0	35.0	40.0
59777	22.5	30.0	40.0
59813	25.0	20.0	37.5
59849	17.5	30.0	35.0
59885	15.0	25.0	40.0
59921	30.0	35.0	37.5
59957	32.5	32.5	37.5
59993	37.5	37.5	30.0
60029	27.5	40.0	40.0
60065	20.0	42.5	40.0
60101	17.5	52.5	45.0
60137	15.0	47.5	45.0
60173	25.0	45.0	45.0
60209	25.0	40.0	47.5
60245	25.0	37.5	55.0
60281	20.0	40.0	52.5
60317	15.0	47.5	52.5
60353	17.5	40.0	42.5
60389	27.5	35.0	25.0
60425	42.5	32.5	17.5
60461	50.0	37.5	10.0
60497	52.5	40.0	12.5
60533	32.5	42.5	17.5
60569	25.0	37.5	20.0
60605	25.0	32.5	22.5
60641	32.5	30.0	17.5
60677	32.5	32.5	17.5
60713	40.0	37.5	15.0
60749	32.5	37.5	15.0
60785	32.5	37.5	25.0
60821	25.0	32.5	27.5
60857	25.0	35.0	27.5
60893	27.5	37.5	20.0
60929	35.0	35.0	27.5
60965	40.0	37.5	25.0
61001	37.5	42.5	32.5
61037	32.5	45.0	30.0
61073	37.5	40.0	30.0
61109	30.0	32.5	20.0
61145	35.0	30.0	20.0
61181	30.0	20.0	22.5
61217	42.5	17.5	25.0
61253	42.5	30.0	32.5
61289	42.5	30.0	32.5
61325	35.0	32.5	27.5
61361	40.0	37.5	27.5
61397	42.5	40.0	17.5
61433	45.0	45.0	15.0
61469	45.0	40.0	12.5
61505	32.5	30.0	17.5
61541	40.0	25.0	25.0
61577	30.0	32.5	30.0
61613	30.0	35.0	30.0
61649	32.5	32.5	30.0
61685	32.5	37.5	27.5
61721	35.0	47.5	25.0
61757	25.0	57.5	22.5
61793	20.0	62.5	20.0
61829	25.0	62.5	22.5
61865	37.5	57.5	22.5
61901	47.5	47.5	32.5
61937	37.5	47.5	32.5
61973	40.0	42.5	32.5
62009	30.0	50.0	30.0
62045	42.5	50.0	27.5
62081	40.0	47.5	35.0
62117	42.5	47.5	40.0
62153	45.0	35.0	37.5
62189	35.0	32.5	40.0
62225	30.0	37.5	32.5
62261	32.5	37.5	35.0
62297	37.5	40.0	30.0
62333	52.5	42.5	27.5
62369	55.0	37.5	22.5
62405	60.0	35.0	17.5
62441	47.5	42.5	22.5
62477	32.5	47.5	30.0
62513	37.5	47.5	30.0
62549	35.0	47.5	25.0
62585	27.5	45.0	25.0
62621	22.5	45.0	27.5
62657	30.0	57.5	25.0
62693	45.0	55.0	25.0
62729	47.5	50.0	30.0
62765	37.5	47.5	30.0
62801	25.0	47.5	32.5
62837	17.5	52.5	30.0
62873	22.5	57.5	27.5
62909	27.5	40.0	27.5
62945	40.0	47.5	22.5
62981	42.5	42.5	22.5
63017	45.0	50.0	30.0
63053	42.5	47.5	35.0
63089	42.5	45.0	32.5
63125	35.0	37.5	27.5
63161	25.0	35.0	22.5
63197	25.0	37.5	20.0
63233	25.0	50.0	22.5
63269	35.0	50.0	25.0
63305	25.0	50.0	32.5
63341	32.5	42.5	32.5
63377	32.5	42.5	30.0
63413	47.5	45.0	20.0
63449	60.0	50.0	15.0
63485	60.0	47.5	20.0
63521	55.0	47.5	30.0
63557	47.5	50.0	35.0
63593	50.0	45.0	35.0
63629	50.0	40.0	25.0
63665	40.0	42.5	30.0
63701	37.5	47.5	27.5
63737	25.0	35.0	35.0
63773	35.0	40.0	25.0
63809	37.5	37.5	22.5
63845	47.5	45.0	27.5
63881	42.5	50.0	27.5
63917	40.0	37.5	25.0
63953	37.5	25.0	30.0
63989	40.0	20.0	30.0
64025	35.0	22.5	27.5
64061	37.5	27.5	25.0
64097	32.5	27.5	32.5
64133	35.0	35.0	25.0
64169	37.5	25.0	25.0
64205	40.0	27.5	22.5
64241	50.0	20.0	27.5
64277	47.5	22.5	27.5
64313	50.0	20.0	25.0
64349	40.0	25.0	25.0
64385	40.0	27.5	22.5
64421	27.5	35.0	25.0
64457	35.0	32.5	22.5
64493	35.0	27.5	22.5
64529	30.0	20.0	27.5
64565	35.0	17.5	37.5
64601	37.5	15.0	37.5
64637	42.5	7.5	42.5
64673	45.0	7.5	37.5
64709	40.0	12.5	42.5
64745	45.0	12.5	42.5
64781	47.5	7.5	42.5
64817	47.5	10.0	40.0
64853	42.5	17.5	47.5
64889	40.0	25.0	42.5
64925	32.5	35.0	37.5
64961	27.5	55.0	30.0
64997	10.0	67.5	22.5
65033	12.5	67.5	20.0
65069	22.5	47.5	20.0
65105	27.5	45.0	22.5
65141	37.5	42.5	20.0
65177	35.0	50.0	22.5
65213	30.0	40.0	32.5
65249	30.0	32.5	35.0
65285	30.0	30.0	45.0
65321	35.0	20.0	37.5
65357	32.5	20.0	37.5
65393	27.5	15.0	40.0
65429	27.5	10.0	42.5
65465	25.0	15.0	40.0
65501	30.0	32.5	32.5
65537	27.5	40.0	35.0
65573	32.5	40.0	35.0
65609	32.5	30.0	37.5
65645	40.0	20.0	40.0
65681	45.0	27.5	35.0
65717	40.0	22.5	35.0
65753	42.5	32.5	22.5
65789	42.5	27.5	25.0
65825	42.5	32.5	17.5
65861	55.0	25.0	25.0
65897	55.0	25.0	22.5
65933	52.5	27.5	25.0
65969	42.5	30.0	25.0
66005	40.0	30.0	22.5
66041	45.0	22.5	25.0
66077	52.5	17.5	25.0
66113	42.5	25.0	27.5
66149	50.0	20.0	42.5
66185	40.0	22.5	35.0
66221	37.5	17.5	32.5
66257	30.0	25.0	22.5
66293	32.5	27.5	17.5
66329	40.0	37.5	12.5
66365	42.5	30.0	12.5
66401	37.5	42.5	12.5
66437	30.0	30.0	22.5
66473	37.5	32.5	25.0
66509	35.0	25.0	25.0
66545	37.5	35.0	30.0
66581	30.0	40.0	22.5
66617	30.0	42.5	30.0
66653	25.0	45.0	30.0
66689	30.0	57.5	32.5
66725	30.0	50.0	35.0
66761	30.0	45.0	22.5
66797	35.0	35.0	27.5
66833	32.5	32.5	15.0
66869	35.0	42.5	22.5
66905	40.0	35.0	27.5
66941	42.5	32.5	27.5
66977	37.5	20.0	37.5
67013	27.5	15.0	45.0
67049	27.5	5.0	50.0
67085	22.5	12.5	40.0
67121	27.5	15.0	40.0
67157	37.5	20.0	30.0
67193	42.5	15.0	30.0
67229	55.0	7.5	35.0
67265	57.5	7.5	32.5
67301	50.0	10.0	37.5
67337	40.0	15.0	47.5
67373	37.5	15.0	50.0
67409	37.5	15.0	47.5
67445	42.5	10.0	32.5
67481	45.0	7.5	30.0
67517	50.0	12.5	27.5
67553	45.0	17.5	27.5
67589	47.5	22.5	35.0
67625	40.0	27.5	40.0
67661	37.5	20.0	42.5
67697	40.0	20.0	37.5
67733	30.0	25.0	40.0
67769	25.0	30.0	45.0
67805	17.5	35.0	45.0
67841	20.0	32.5	42.5
67877	30.0	27.5	42.5
67913	27.5	32.5	40.0
67949	25.0	35.0	57.5
67985	27.5	32.5	52.5
68021	30.0	35.0	47.5
68057	35.0	37.5	37.5
68093	30.0	45.0	37.5
68129	32.5	37.5	30.0
68165	30.0	35.0	30.0
68201	35.0	27.5	25.0
68237	32.5	25.0	30.0
68273	25.0	25.0	35.0
68309	17.5	35.0	37.5
68345	25.0	40.0	30.0
68381	22.5	45.0	40.0
68417	25.0	40.0	35.0
68453	17.5	47.5	55.0
68489	12.5	32.5	60.0
68525	17.5	25.0	70.0
68561	20.0	25.0	60.0
68597	20.0	27.5	60.0
68633	20.0	30.0	60.0
68669	10.0	32.5	52.5
68705	12.5	30.0	47.5
68741	15.0	22.5	40.0
68777	15.0	20.0	30.0
68813	17.5	42.5	22.5
68849	22.5	55.0	17.5
68885	27.5	67.5	15.0
68921	30.0	67.5	20.0
68957	27.5	57.5	20.0
68993	30.0	55.0	15.0
69029	30.0	55.0	17.5
69065	30.0	60.0	15.0
69101	30.0	67.5	12.5
69137	32.5	70.0	15.0
69173	35.0	60.0	22.5
69209	47.5	50.0	25.0
69245	45.0	40.0	20.0
69281	52.5	37.5	15.0
69317	50.0	45.0	7.5
69353	45.0	55.0	12.5
69389	35.0	60.0	22.5
69425	22.5	57.5	27.5
69461	35.0	52.5	22.5
69497	40.0	42.5	22.5
69533	47.5	42.5	10.0
69569	42.5	40.0	15.0
69605	47.5	45.0	17.5
69641	45.0	42.5	22.5
69677	40.0	50.0	22.5
69713	35.0	55.0	20.0
69749	30.0	60.0	17.5
69785	27.5	60.0	25.0
69821	35.0	50.0	15.0
69857	37.5	42.5	17.5
69893	32.5	37.5	17.5
69929	37.5	30.0	22.5
69965	32.5	35.0	35.0
70001	25.0	32.5	30.0
70037	25.0	27.5	37.5
70073	15.0	25.0	37.5
70109	15.0	27.5	45.0
70145	17.5	35.0	42.5
70181	22.5	30.0	35.0
70217	22.5	32.5	37.5
70253	20.0	37.5	37.5
70289	20.0	27.5	35.0
70325	22.5	35.0	32.5
70361	25.0	25.0	20.0
70397	27.5	25.0	22.5
70433	22.5	25.0	30.0
70469	27.5	37.5	30.0
70505	15.0	45.0	52.5
70541	15.0	40.0	55.0
70577	15.0	35.0	52.5
70613	12.5	40.0	47.5
70649	7.5	45.0	45.0
70685	7.5	52.5	42.5
70721	10.0	47.5	35.0
70757	17.5	40.0	32.5
70793	12.5	37.5	37.5
70829	20.0	30.0	35.0
70865	20.0	32.5	40.0
70901	22.5	25.0	37.5
70937	30.0	27.5	35.0
70973	27.5	25.0	32.5
71009	37.5	17.5	45.0
71045	40.0	20.0	37.5
71081	37.5	20.0	37.5
71117	40.0	32.5	25.0
71153	35.0	35.0	30.0
71189	40.0	32.5	27.5
71225	42.5	27.5	35.0
71261	55.0	17.5	32.5
71297	65.0	17.5	25.0
71333	65.0	15.0	25.0
71369	65.0	10.0	30.0
71405	60.0	12.5	37.5
71441	57.5	15.0	45.0
71477	52.5	20.0	45.0
71513	52.5	15.0	47.5
71549	52.5	17.5	45.0
71585	55.0	12.5	50.0
71621	52.5	20.0	42.5
71657	47.5	22.5	45.0
71693	37.5	32.5	40.0
71729	37.5	32.5	47.5
71765	47.5	30.0	45.0
71801	50.0	20.0	52.5
71837	50.0	25.0	47.5
71873	40.0	27.5	47.5
71909	37.5	30.0	45.0
71945	30.0	30.0	32.5
71981	17.5	32.5	30.0
72017	22.5	17.5	37.5
72053	20.0	20.0	40.0
72089	25.0	25.0	40.0
72125	20.0	35.0	50.0
72161	20.0	32.5	40.0
72197	20.0	37.5	45.0
72233	10.0	40.0	50.0
72269	12.5	50.0	40.0
72305	20.0	45.0	42.5
72341	27.5	42.5	37.5
72377	42.5	40.0	30.0
72413	45.0	37.5	35.0
72449	37.5	35.0	37.5
72485	20.0	32.5	42.5
72521	12.5	32.5	35.0
72557	17.5	30.0	30.0
72593	22.5	35.0	37.5
72629	30.0	32.5	30.0
72665	32.5	40.0	35.0
72701	37.5	35.0	35.0
72737	40.0	37.5	42.5
72773	40.0	37.5	40.0
72809	37.5	45.0	37.5
72845	27.5	45.0	35.0
72881	25.0	35.0	30.0
72917	25.0	35.0	40.0
72953	22.5	32.5	30.0
72989	27.5	32.5	30.0
73025	17.5	50.0	37.5
73061	17.5	50.0	42.5
73097	17.5	55.0	52.5
73133	17.5	42.5	50.0
73169	20.0	35.0	47.5
73205	27.5	32.5	40.0
73241	30.0	32.5	40.0
73277	32.5	27.5	42.5
73313	35.0	25.0	45.0
73349	37.5	25.0	52.5
73385	35.0	25.0	50.0
73421	25.0	27.5	45.0
73457	30.0	27.5	40.0
73493	27.5	32.5	40.0
73529	25.0	35.0	50.0
73565	15.0	45.0	57.5
73601	22.5	42.5	55.0
73637	35.0	35.0	37.5
73673	40.0	35.0	35.0
73709	32.5	32.5	37.5
73745	25.0	37.5	55.0
73781	25.0	30.0	65.0
73817	30.0	30.0	60.0
73853	27.5	30.0	57.5
73889	25.0	35.0	52.5
73925	20.0	35.0	50.0
73961	27.5	30.0	40.0
73997	27.5	32.5	42.5
74033	30.0	32.5	55.0
74069	25.0	45.0	65.0
74105	17.5	50.0	70.0
74141	22.5	42.5	70.0
74177	20.0	40.0	65.0
74213	20.0	32.5	55.0
74249	20.0	30.0	55.0
74285	30.0	32.5	47.5
74321	17.5	42.5	45.0
74357	20.0	37.5	27.5
74393	22.5	32.5	25.0
74429	22.5	25.0	22.5
74465	20.0	30.0	22.5
74501	17.5	35.0	22.5
74537	20.0	45.0	22.5
74573	20.0	42.5	17.5
74609	25.0	42.5	22.5
74645	20.0	40.0	20.0
74681	25.0	37.5	17.5
74717	32.5	30.0	22.5
74753	45.0	22.5	27.5
74789	50.0	22.5	27.5
74825	52.5	25.0	27.5
74861	50.0	27.5	25.0
74897	42.5	27.5	35.0
74933	40.0	27.5	30.0
74969	40.0	32.5	32.5
75005	47.5	30.0	30.0
75041	50.0	37.5	42.5
75077	45.0	30.0	32.5
75113	40.0	32.5	30.0
75149	40.0	30.0	25.0
75185	42.5	27.5	30.0
75221	45.0	25.0	37.5
75257	45.0	22.5	32.5
75293	45.0	27.5	35.0
75329	45.0	27.5	37.5
75365	45.0	22.5	47.5
75401	35.0	22.5	45.0
75437	35.0	15.0	42.5
75473	37.5	15.0	32.5
75509	40.0	22.5	27.5
75545	42.5	32.5	22.5
75581	37.5	50.0	20.0
75617	37.5	52.5	17.5
75653	35.0	60.0	20.0
75689	30.0	47.5	22.5
75725	25.0	45.0	27.5
75761	25.0	32.5	22.5
75797	35.0	42.5	17.5
75833	40.0	40.0	17.5
75869	35.0	42.5	22.5
75905	27.5	37.5	30.0
75941	27.5	40.0	27.5
75977	25.0	37.5	17.5
76013	25.0	45.0	17.5
76049	32.5	52.5	12.5
76085	35.0	52.5	15.0
76121	37.5	45.0	20.0
76157	42.5	42.5	27.5
76193	35.0	40.0	37.5
76229	25.0	47.5	42.5
76265	25.0	47.5	37.5
76301	32.5	47.5	30.0
76337	37.5	40.0	27.5
76373	30.0	42.5	25.0
76409	27.5	42.5	22.5
76445	32.5	45.0	20.0
76481	35.0	40.0	20.0
76517	40.0	42.5	20.0
76553	42.5	50.0	22.5
76589	37.5	50.0	37.5
76625	37.5	50.0	40.0
76661	35.0	42.5	32.5
76697	37.5	40.0	20.0
76733	25.0	32.5	22.5
76769	17.5	32.5	37.5
76805	17.5	30.0	42.5
76841	15.0	35.0	45.0
76877	20.0	25.0	32.5
76913	20.0	27.5	35.0
76949	25.0	30.0	32.5
76985	25.0	40.0	37.5
77021	15.0	35.0	40.0
77057	12.5	37.5	40.0
77093	15.0	37.5	35.0
77129	25.0	45.0	30.0
77165	22.5	50.0	30.0
77201	30.0	35.0	37.5
77237	25.0	22.5	40.0
77273	30.0	20.0	47.5
77309	22.5	20.0	52.5
77345	27.5	35.0	35.0
77381	22.5	37.5	30.0
77417	22.5	42.5	17.5
77453	20.0	32.5	12.5
77489	22.5	20.0	15.0
77525	22.5	17.5	22.5
77561	25.0	10.0	30.0
77597	32.5	15.0	37.5
77633	40.0	12.5	40.0
77669	42.5	10.0	35.0
77705	42.5	15.0	27.5
77741	37.5	27.5	22.5
77777	37.5	47.5	20.0
77813	32.5	47.5	25.0
77849	32.5	40.0	25.0
77885	25.0	40.0	25.0
77921	20.0	30.0	32.5
77957	22.5	32.5	30.0
77993	25.0	35.0	37.5
78029	27.5	37.5	37.5
78065	30.0	47.5	35.0
78101	30.0	52.5	35.0
78137	25.0	47.5	30.0
78173	25.0	45.0	25.0
78209	27.5	52.5	17.5
78245	32.5	55.0	15.0
78281	37.5	45.0	15.0
78317	42.5	32.5	17.5
78353	47.5	27.5	15.0
78389	47.5	27.5	20.0
78425	40.0	32.5	22.5
78461	35.0	30.0	35.0
78497	42.5	30.0	32.5
78533	32.5	30.0	27.5
78569	35.0	32.5	20.0
78605	30.0	32.5	20.0
78641	30.0	40.0	25.0
78677	37.5	32.5	25.0
78713	40.0	25.0	30.0
78749	40.0	22.5	22.5
78785	27.5	27.5	30.0
78821	30.0	32.5	30.0
78857	27.5	35.0	32.5
78893	32.5	30.0	35.0
78929	30.0	27.5	37.5
78965	27.5	27.5	30.0
79001	35.0	20.0	32.5
79037	42.5	17.5	32.5
79073	47.5	20.0	30.0
79109	45.0	32.5	30.0
79145	35.0	32.5	30.0
79181	37.5	27.5	32.5
79217	32.5	30.0	25.0
79253	37.5	35.0	25.0
79289	32.5	32.5	22.5
79325	35.0	32.5	30.0
79361	35.0	32.5	27.5
79397	40.0	27.5	32.5
79433	37.5	25.0	32.5
79469	35.0	27.5	32.5
79505	27.5	25.0	32.5
79541	22.5	22.5	35.0
79577	22.5	17.5	37.5
79613	32.5	15.0	35.0
79649	40.0	17.5	32.5
79685	37.5	25.0	25.0
79721	32.5	27.5	35.0
79757	37.5	25.0	42.5
79793	30.0	22.5	50.0
79829	30.0	20.0	52.5
79865	27.5	22.5	52.5
79901	25.0	22.5	50.0
79937	22.5	25.0	37.5
79973	17.5	30.0	32.5
80009	20.0	35.0	27.5
80045	27.5	40.0	35.0
80081	32.5	42.5	37.5
80117	30.0	45.0	40.0
80153	32.5	52.5	32.5
80189	27.5	60.0	22.5
80225	25.0	65.0	15.0
80261	25.0	57.5	17.5
80297	37.5	55.0	15.0
80333	45.0	50.0	17.5
80369	40.0	47.5	27.5
80405	37.5	55.0	32.5
80441	32.5	45.0	40.0
80477	27.5	45.0	32.5
80513	30.0	40.0	27.5
80549	27.5	35.0	30.0
80585	20.0	37.5	35.0
80621	22.5	40.0	35.0
80657	25.0	45.0	32.5
80693	27.5	42.5	30.0
80729	22.5	45.0	32.5
80765	22.5	37.5	22.5
80801	22.5	32.5	22.5
80837	20.0	40.0	25.0
80873	22.5	55.0	22.5
80909	15.0	60.0	25.0
80945	25.0	55.0	30.0
80981	27.5	47.5	27.5
81017	37.5	42.5	35.0
81053	42.5	37.5	30.0
81089	42.5	37.5	27.5
81125	32.5	37.5	35.0
81161	30.0	40.0	30.0
81197	22.5	45.0	37.5
81233	27.5	45.0	32.5
81269	32.5	42.5	25.0
81305	30.0	35.0	27.5
81341	30.0	30.0	32.5
81377	27.5	27.5	32.5
81413	37.5	30.0	25.0
81449	35.0	40.0	17.5
81485	37.5	55.0	15.0
81521	32.5	67.5	17.5
81557	35.0	72.5	27.5
81593	35.0	67.5	30.0
81629	37.5	55.0	35.0
81665	42.5	47.5	27.5
81701	35.0	40.0	20.0
81737	40.0	45.0	15.0
81773	42.5	52.5	15.0
81809	40.0	62.5	17.5
81845	47.5	55.0	17.5
81881	42.5	55.0	25.0
81917	50.0	52.5	27.5
81953	40.0	45.0	42.5
81989	35.0	50.0	32.5
82025	40.0	45.0	30.0
82061	50.0	35.0	27.5
82097	50.0	35.0	27.5
82133	42.5	42.5	27.5
82169	40.0	45.0	32.5
82205	37.5	55.0	22.5
82241	37.5	52.5	27.5
82277	32.5	55.0	22.5
82313	25.0	45.0	35.0
82349	20.0	57.5	27.5
82385	27.5	42.5	37.5
82421	40.0	50.0	27.5
82457	42.5	47.5	27.5
82493	35.0	37.5	22.5
82529	30.0	32.5	17.5
82565	27.5	27.5	20.0
82601	37.5	25.0	30.0
82637	42.5	25.0	30.0
82673	50.0	20.0	32.5
82709	50.0	20.0	25.0
82745	50.0	25.0	25.0
82781	52.5	22.5	27.5
82817	50.0	27.5	35.0
82853	47.5	27.5	37.5
82889	40.0	32.5	40.0
82925	32.5	32.5	35.0
82961	40.0	27.5	32.5
82997	47.5	20.0	30.0
83033	55.0	20.0	27.5
83069	55.0	15.0	30.0
83105	47.5	25.0	35.0
83141	47.5	25.0	45.0
83177	42.5	27.5	50.0
83213	37.5	25.0	50.0
83249	35.0	27.5	42.5
83285	27.5	25.0	32.5
83321	30.0	25.0	35.0
83357	32.5	20.0	32.5
83393	30.0	22.5	25.0
83429	30.0	25.0	17.5
83465	27.5	30.0	15.0
83501	25.0	22.5	20.0
83537	22.5	25.0	32.5
83573	25.0	20.0	35.0
83609	25.0	22.5	35.0
83645	25.0	22.5	32.5
83681	25.0	22.5	37.5
83717	22.5	27.5	42.5
83753	22.5	30.0	47.5
83789	17.5	25.0	47.5
83825	20.0	27.5	45.0
83861	22.5	42.5	40.0
83897	17.5	47.5	45.0
83933	20.0	50.0	40.0
83969	20.0	42.5	47.5
84005	25.0	40.0	47.5
84041	27.5	42.5	37.5
84077	42.5	35.0	30.0
84113	42.5	40.0	27.5
84149	42.5	22.5	30.0
84185	35.0	17.5	35.0
84221	32.5	22.5	40.0
84257	35.0	30.0	42.5
84293	35.0	32.5	40.0
84329	37.5	32.5	35.0
84365	40.0	32.5	40.0
84401	52.5	27.5	32.5
84437	50.0	30.0	35.0
84473	40.0	25.0	30.0
84509	30.0	30.0	35.0
84545	25.0	25.0	27.5
84581	32.5	20.0	25.0
84617	40.0	25.0	30.0
84653	47.5	35.0	32.5
84689	47.5	32.5	50.0
84725	42.5	35.0	40.0
84761	40.0	25.0	50.0
84797	45.0	17.5	40.0
84833	40.0	15.0	40.0
84869	45.0	22.5	37.5
84905	50.0	22.5	40.0
84941	35.0	27.5	35.0
84977	27.5	35.0	27.5
85013	22.5	42.5	25.0
85049	32.5	52.5	27.5
85085	37.5	42.5	30.0
85121	40.0	30.0	22.5
85157	47.5	20.0	22.5
85193	47.5	20.0	30.0
85229	42.5	17.5	32.5
85265	27.5	15.0	40.0
85301	25.0	25.0	42.5
85337	25.0	35.0	40.0
85373	35.0	47.5	35.0
85409	32.5	47.5	27.5
85445	40.0	42.5	27.5
85481	35.0	42.5	22.5
85517	37.5	35.0	32.5
85553	32.5	35.0	30.0
85589	25.0	35.0	35.0
85625	22.5	42.5	32.5
85661	27.5	35.0	32.5
85697	30.0	50.0	32.5
85733	35.0	52.5	20.0
85769	27.5	57.5	25.0
85805	30.0	45.0	25.0
85841	32.5	42.5	27.5
85877	37.5	35.0	27.5
85913	42.5	40.0	25.0
85949	37.5	40.0	20.0
85985	35.0	50.0	15.0
86021	27.5	37.5	12.5
86057	27.5	32.5	17.5
86093	35.0	32.5	25.0
86129	42.5	30.0	22.5
86165	40.0	35.0	25.0
86201	45.0	25.0	32.5
86237	32.5	27.5	35.0
86273	40.0	27.5	42.5
86309	40.0	20.0	32.5
86345	37.5	22.5	25.0
86381	37.5	25.0	22.5
86417	30.0	25.0	25.0
86453	25.0	32.5	32.5
86489	30.0	32.5	40.0
86525	27.5	32.5	37.5
86561	30.0	27.5	42.5
86597	22.5	27.5	40.0
86633	25.0	27.5	35.0
86669	27.5	22.5	32.5
86705	32.5	27.5	30.0
86741	27.5	30.0	40.0
86777	30.0	32.5	35.0
86813	22.5	30.0	32.5
86849	27.5	37.5	30.0
86885	32.5	25.0	17.5
86921	45.0	22.5	22.5
86957	52.5	17.5	22.5
86993	57.5	15.0	30.0
87029	47.5	22.5	30.0
87065	37.5	20.0	35.0
87101	42.5	25.0	35.0
87137	35.0	20.0	32.5
87173	35.0	20.0	27.5
87209	42.5	15.0	17.5
87245	42.5	15.0	25.0
87281	40.0	22.5	27.5
87317	35.0	32.5	40.0
87353	37.5	30.0	37.5
87389	37.5	32.5	27.5
87425	35.0	30.0	22.5
87461	32.5	37.5	20.0
87497	27.5	45.0	20.0
87533	35.0	50.0	17.5
87569	37.5	45.0	20.0
87605	35.0	32.5	25.0
87641	30.0	27.5	42.5
87677	25.0	20.0	52.5
87713	22.5	25.0	47.5
87749	20.0	22.5	50.0
87785	27.5	25.0	45.0
87821	17.5	32.5	55.0
87857	27.5	32.5	57.5
87893	27.5	35.0	52.5
87929	37.5	32.5	45.0
87965	27.5	27.5	37.5
88001	17.5	32.5	35.0
88037	32.5	22.5	32.5
88073	37.5	22.5	32.5
88109	42.5	25.0	45.0
88145	37.5	32.5	40.0
88181	35.0	37.5	37.5
88217	40.0	35.0	37.5
88253	42.5	35.0	30.0
88289	32.5	35.0	27.5
88325	42.5	30.0	27.5
88361	50.0	27.5	27.5
88397	65.0	27.5	30.0
88433	62.5	22.5	37.5
88469	52.5	25.0	40.0
88505	42.5	25.0	37.5
88541	40.0	27.5	37.5
88577	40.0	35.0	35.0
88613	45.0	32.5	35.0
88649	45.0	27.5	32.5
88685	45.0	25.0	32.5
88721	35.0	20.0	30.0
88757	25.0	17.5	20.0
88793	20.0	17.5	20.0
88829	12.5	22.5	22.5
88865	17.5	27.5	40.0
88901	20.0	27.5	45.0
88937	20.0	30.0	45.0
88973	27.5	32.5	40.0
89009	22.5	35.0	35.0
89045	17.5	35.0	40.0
89081	17.5	32.5	42.5
89117	20.0	30.0	47.5
89153	30.0	32.5	42.5
89189	32.5	30.0	45.0
89225	30.0	32.5	47.5
89261	25.0	32.5	42.5
89297	15.0	35.0	47.5
89333	22.5	32.5	32.5
89369	32.5	25.0	30.0
89405	47.5	20.0	25.0
89441	52.5	17.5	30.0
89477	45.0	25.0	30.0
89513	42.5	20.0	32.5
89549	45.0	22.5	37.5
89585	40.0	20.0	42.5
89621	45.0	25.0	42.5
89657	52.5	22.5	40.0
89693	45.0	25.0	30.0
89729	35.0	27.5	22.5
89765	25.0	17.5	20.0
89801	20.0	20.0	30.0
89837	22.5	15.0	32.5
89873	20.0	27.5	30.0
89909	25.0	30.0	25.0
89945	22.5	32.5	20.0
89981	20.0	30.0	22.5
90017	20.0	32.5	22.5
90053	22.5	32.5	27.5
90089	30.0	30.0	22.5
90125	37.5	20.0	30.0
90161	35.0	17.5	35.0
90197	40.0	27.5	27.5
90233	32.5	32.5	35.0
90269	27.5	32.5	35.0
90305	25.0	30.0	35.0
90341	15.0	27.5	40.0
90377	15.0	27.5	32.5
90413	22.5	35.0	30.0
90449	37.5	35.0	35.0
90485	42.5	32.5	32.5
90521	35.0	32.5	35.0
90557	32.5	35.0	32.5
90593	40.0	37.5	27.5
90629	40.0	35.0	32.5
90665	47.5	32.5	27.5
90701	35.0	30.0	25.0
90737	45.0	32.5	22.5
90773	42.5	22.5	27.5
90809	40.0	25.0	27.5
90845	40.0	20.0	32.5
90881	40.0	22.5	30.0
90917	35.0	25.0	32.5
90953	30.0	22.5	32.5
90989	32.5	27.5	20.0
91025	30.0	25.0	27.5
91061	27.5	27.5	25.0
91097	25.0	32.5	32.5
91133	25.0	25.0	30.0
91169	25.0	25.0	30.0
91205	30.0	27.5	32.5
91241	35.0	27.5	32.5
91277	35.0	35.0	25.0
91313	32.5	27.5	32.5
91349	32.5	25.0	37.5
91385	37.5	17.5	40.0
91421	42.5	15.0	37.5
91457	35.0	17.5	42.5
91493	32.5	25.0	42.5
91529	17.5	32.5	52.5
91565	30.0	37.5	45.0
91601	27.5	45.0	45.0
91637	32.5	37.5	40.0
91673	27.5	45.0	40.0
91709	25.0	37.5	32.5
91745	25.0	37.5	20.0
91781	32.5	30.0	27.5
91817	30.0	22.5	35.0
91853	40.0	40.0	42.5
91889	30.0	45.0	37.5
91925	27.5	37.5	37.5
91961	25.0	37.5	32.5
91997	25.0	30.0	30.0
92033	27.5	22.5	35.0
92069	22.5	27.5	35.0
92105	25.0	22.5	25.0
92141	20.0	30.0	25.0
92177	25.0	27.5	15.0
92213	22.5	27.5	22.5
92249	20.0	25.0	27.5
92285	22.5	27.5	30.0
92321	27.5	35.0	32.5
92357	30.0	27.5	22.5
92393	22.5	22.5	27.5
92429	22.5	20.0	27.5
92465	22.5	17.5	40.0
92501	35.0	27.5	40.0
92537	40.0	32.5	40.0
92573	40.0	35.0	40.0
92609	42.5	47.5	35.0
92645	45.0	55.0	30.0
92681	52.5	47.5	25.0
92717	47.5	52.5	22.5
92753	42.5	50.0	22.5
92789	40.0	42.5	20.0
92825	37.5	37.5	22.5
92861	37.5	27.5	27.5
92897	30.0	30.0	32.5
92933	40.0	27.5	27.5
92969	45.0	22.5	27.5
93005	52.5	17.5	30.0
93041	50.0	12.5	32.5
93077	37.5	17.5	27.5
93113	22.5	25.0	30.0
93149	22.5	22.5	32.5
93185	30.0	27.5	27.5
93221	35.0	27.5	35.0
93257	42.5	30.0	30.0
93293	35.0	35.0	27.5
93329	27.5	35.0	17.5
93365	32.5	32.5	27.5
93401	32.5	32.5	32.5
93437	35.0	40.0	35.0
93473	30.0	40.0	30.0
93509	15.0	25.0	17.5
93545	10.0	22.5	25.0
93581	10.0	30.0	30.0
93617	22.5	32.5	35.0
93653	25.0	37.5	37.5
93689	35.0	30.0	22.5
93725	32.5	30.0	25.0
93761	35.0	40.0	22.5
93797	30.0	35.0	25.0
93833	25.0	27.5	27.5
93869	17.5	25.0	35.0
93905	17.5	30.0	42.5
93941	25.0	25.0	32.5
93977	27.5	30.0	30.0
94013	27.5	25.0	32.5
94049	27.5	20.0	40.0
94085	25.0	27.5	35.0
94121	25.0	35.0	25.0
94157	20.0	40.0	17.5
94193	15.0	47.5	20.0
94229	15.0	57.5	17.5
94265	20.0	52.5	20.0
94301	27.5	45.0	12.5
94337	27.5	40.0	20.0
94373	25.0	45.0	25.0
94409	17.5	47.5	30.0
94445	20.0	45.0	32.5
94481	20.0	32.5	35.0
94517	27.5	30.0	30.0
94553	25.0	35.0	30.0
94589	27.5	40.0	27.5
94625	30.0	32.5	25.0
94661	40.0	27.5	27.5
94697	37.5	35.0	27.5
94733	37.5	37.5	20.0
94769	30.0	42.5	22.5
94805	30.0	32.5	22.5
94841	37.5	40.0	22.5
94877	32.5	37.5	30.0
94913	35.0	30.0	22.5
94949	35.0	27.5	20.0
94985	37.5	32.5	15.0
95021	35.0	32.5	22.5
95057	27.5	40.0	35.0
95093	27.5	35.0	27.5
95129	35.0	42.5	35.0
95165	35.0	55.0	27.5
95201	30.0	57.5	35.0
95237	22.5	47.5	27.5
95273	12.5	30.0	22.5
95309	15.0	32.5	25.0
95345	22.5	32.5	30.0
95381	22.5	30.0	35.0
95417	25.0	27.5	40.0
95453	22.5	40.0	30.0
95489	22.5	50.0	30.0
95525	15.0	50.0	40.0
95561	10.0	52.5	45.0
95597	20.0	32.5	50.0
95633	25.0	32.5	45.0
95669	32.5	27.5	32.5
95705	35.0	22.5	32.5
95741	32.5	27.5	25.0
95777	35.0	25.0	25.0
95813	35.0	37.5	25.0
95849	37.5	42.5	30.0
95885	40.0	37.5	45.0
95921	45.0	32.5	47.5
95957	42.5	27.5	55.0
95993	32.5	32.5	47.5
96029	27.5	22.5	42.5
96065	30.0	17.5	47.5
96101	25.0	20.0	47.5
96137	20.0	22.5	47.5
96173	15.0	27.5	45.0
96209	27.5	22.5	35.0
96245	35.0	25.0	20.0
96281	42.5	35.0	17.5
96317	47.5	45.0	15.0
96353	37.5	57.5	22.5
96389	30.0	50.0	30.0
96425	27.5	47.5	30.0
96461	25.0	42.5	27.5
96497	25.0	42.5	35.0
96533	27.5	42.5	45.0
96569	40.0	40.0	45.0
96605	40.0	35.0	40.0
96641	40.0	35.0	30.0
96677	32.5	37.5	27.5
96713	30.0	42.5	22.5
96749	20.0	50.0	30.0
96785	27.5	42.5	25.0
96821	32.5	37.5	25.0
96857	32.5	35.0	25.0
96893	20.0	47.5	30.0
96929	20.0	45.0	40.0
96965	20.0	45.0	35.0
97001	22.5	37.5	40.0
97037	32.5	25.0	37.5
97073	25.0	22.5	35.0
97109	25.0	15.0	47.5
97145	22.5	17.5	42.5
97181	22.5	22.5	47.5
97217	25.0	27.5	37.5
97253	27.5	17.5	40.0
97289	25.0	12.5	35.0
97325	27.5	17.5	27.5
97361	32.5	37.5	27.5
97397	35.0	45.0	30.0
97433	32.5	55.0	30.0
97469	35.0	32.5	37.5
97505	30.0	30.0	37.5
97541	30.0	27.5	32.5
97577	20.0	27.5	42.5
97613	17.5	27.5	40.0
97649	15.0	32.5	47.5
97685	20.0	40.0	50.0
97721	25.0	40.0	50.0
97757	22.5	25.0	52.5
97793	22.5	20.0	50.0
97829	22.5	15.0	45.0
97865	22.5	30.0	30.0
97901	30.0	40.0	22.5
97937	50.0	37.5	15.0
97973	50.0	35.0	17.5
98009	60.0	30.0	20.0
98045	52.5	30.0	22.5
98081	47.5	22.5	20.0
98117	47.5	25.0	20.0
98153	52.5	12.5	20.0
98189	55.0	20.0	25.0
98225	52.5	20.0	22.5
98261	50.0	27.5	25.0
98297	40.0	27.5	20.0
98333	27.5	40.0	22.5
98369	22.5	42.5	27.5
98405	22.5	47.5	32.5
98441	17.5	40.0	35.0
98477	17.5	37.5	42.5
98513	12.5	40.0	40.0
98549	20.0	40.0	40.0
98585	22.5	37.5	35.0
98621	27.5	37.5	30.0
98657	30.0	35.0	30.0
98693	27.5	42.5	30.0
98729	30.0	42.5	35.0
98765	30.0	50.0	32.5
98801	35.0	45.0	30.0
98837	42.5	40.0	30.0
98873	35.0	32.5	35.0
98909	35.0	30.0	30.0
98945	32.5	27.5	30.0
98981	40.0	25.0	25.0
99017	32.5	27.5	25.0
99053	32.5	27.5	22.5
99089	35.0	25.0	22.5
99125	40.0	25.0	22.5
99161	45.0	35.0	22.5
99197	37.5	35.0	37.5
99233	32.5	30.0	40.0
99269	22.5	32.5	40.0
99305	25.0	25.0	30.0
99341	22.5	20.0	25.0
99377	30.0	20.0	32.5