# BASE VAL1 VAL2
# color 0:255:0 0:0:255 100:100:100
17	37.5	7.5	12.5
53	42.5	10.0	12.5
89	45.0	7.5	20.0
125	50.0	7.5	30.0
161	40.0	22.5	45.0
197	32.5	37.5	42.5
233	27.5	42.5	40.0
269	30.0	35.0	27.5
305	30.0	27.5	17.5
341	27.5	27.5	20.0
377	20.0	40.0	25.0
413	22.5	42.5	25.0
449	25.0	27.5	22.5
485	22.5	15.0	32.5
521	35.0	10.0	25.0
557	45.0	15.0	35.0
593	45.0	17.5	35.0
629	45.0	15.0	32.5
665	42.5	12.5	27.5
701	50.0	10.0	25.0
737	55.0	7.5	27.5
773	57.5	10.0	40.0
809	55.0	10.0	45.0
845	52.5	5.0	50.0
881	45.0	5.0	37.5
917	42.5	5.0	40.0
953	37.5	5.0	30.0
989	37.5	5.0	30.0
1025	30.0	7.5	37.5
1061	25.0	12.5	30.0
1097	22.5	22.5	17.5
1133	22.5	30.0	12.5
1169	22.5	40.0	7.5
1205	30.0	37.5	15.0
1241	17.5	35.0	15.0
1277	35.0	20.0	25.0
1313	42.5	15.0	22.5
1349	47.5	12.5	22.5
1385	45.0	12.5	25.0
1421	42.5	12.5	27.5
1457	57.5	2.5	37.5
1493	52.5	12.5	35.0
1529	42.5	12.5	35.0
1565	50.0	12.5	32.5
1601	55.0	10.0	35.0
1637	55.0	7.5	35.0
1673	45.0	10.0	35.0
1709	37.5	7.5	35.0
1745	42.5	5.0	32.5
1781	45.0	2.5	30.0
1817	42.5	2.5	32.5
1853	40.0	5.0	30.0
1889	45.0	7.5	27.5
1925	45.0	10.0	27.5
1961	45.0	12.5	30.0
1997	45.0	15.0	30.0
2033	40.0	15.0	25.0
2069	40.0	7.5	30.0
2105	40.0	12.5	35.0
2141	37.5	12.5	32.5
2177	42.5	12.5	35.0
2213	37.5	12.5	27.5
2249	30.0	17.5	17.5
2285	22.5	27.5	22.5
2321	10.0	32.5	42.5
2357	10.0	42.5	47.5
2393	10.0	37.5	57.5
2429	7.5	37.5	57.5
2465	7.5	27.5	50.0
2501	2.5	32.5	55.0
2537	5.0	32.5	45.0
2573	5.0	40.0	52.5
2609	5.0	42.5	57.5
2645	10.0	40.0	57.5
2681	17.5	42.5	60.0
2717	20.0	37.5	57.5
2753	20.0	42.5	62.5
2789	15.0	37.5	55.0
2825	10.0	40.0	47.5
2861	5.0	32.5	52.5
2897	7.5	32.5	47.5
2933	5.0	27.5	47.5
2969	15.0	22.5	40.0
3005	20.0	20.0	32.5
3041	25.0	17.5	35.0
3077	27.5	15.0	37.5
3113	27.5	15.0	47.5
3149	35.0	10.0	45.0
3185	40.0	12.5	42.5
3221	47.5	10.0	37.5
3257	45.0	7.5	37.5
3293	57.5	7.5	45.0
3329	50.0	5.0	32.5
3365	55.0	7.5	32.5
3401	55.0	10.0	25.0
3437	52.5	12.5	30.0
3473	37.5	17.5	35.0
3509	32.5	30.0	42.5
3545	12.5	37.5	52.5
3581	5.0	42.5	52.5
3617	5.0	47.5	50.0
3653	5.0	45.0	45.0
3689	10.0	52.5	45.0
3725	17.5	45.0	42.5
3761	22.5	37.5	45.0
3797	20.0	32.5	42.5
3833	15.0	30.0	37.5
3869	10.0	25.0	45.0
3905	15.0	37.5	45.0
3941	15.0	27.5	47.5
3977	12.5	32.5	50.0
4013	10.0	17.5	45.0
4049	0.0	20.0	50.0
4085	5.0	17.5	37.5
4121	15.0	25.0	30.0
4157	22.5	27.5	20.0
4193	25.0	30.0	15.0
4229	32.5	30.0	15.0
4265	32.5	20.0	17.5
4301	35.0	15.0	20.0
4337	30.0	12.5	22.5
4373	25.0	22.5	27.5
4409	35.0	20.0	30.0
4445	45.0	30.0	17.5
4481	50.0	22.5	25.0
4517	47.5	30.0	22.5
4553	52.5	30.0	25.0
4589	45.0	35.0	15.0
4625	32.5	35.0	17.5
4661	27.5	25.0	20.0
4697	30.0	20.0	25.0
4733	27.5	17.5	27.5
4769	25.0	27.5	27.5
4805	20.0	25.0	32.5
4841	15.0	22.5	35.0
4877	20.0	10.0	42.5
4913	20.0	7.5	37.5
4949	30.0	2.5	37.5
4985	37.5	0.0	35.0
5021	37.5	2.5	35.0
5057	30.0	2.5	42.5
5093	22.5	5.0	45.0
5129	25.0	5.0	55.0
5165	27.5	5.0	42.5
5201	32.5	7.5	40.0
5237	35.0	7.5	37.5
5273	32.5	10.0	42.5
5309	35.0	7.5	42.5
5345	47.5	5.0	42.5
5381	50.0	12.5	35.0
5417	42.5	20.0	17.5
5453	40.0	25.0	10.0
5489	37.5	27.5	12.5
5525	37.5	35.0	20.0
5561	27.5	45.0	27.5
5597	22.5	45.0	27.5
5633	17.5	32.5	27.5
5669	12.5	30.0	27.5
5705	12.5	35.0	37.5
5741	12.5	35.0	47.5
5777	15.0	40.0	47.5
5813	10.0	35.0	37.5
5849	10.0	30.0	37.5
5885	22.5	20.0	40.0
5921	32.5	17.5	42.5
5957	30.0	20.0	32.5
5993	15.0	25.0	25.0
6029	17.5	27.5	17.5
6065	15.0	25.0	27.5
6101	27.5	12.5	30.0
6137	27.5	15.0	42.5
6173	27.5	17.5	37.5
6209	17.5	22.5	27.5
6245	20.0	22.5	25.0
6281	20.0	17.5	37.5
6317	25.0	25.0	50.0
6353	25.0	22.5	60.0
6389	30.0	20.0	50.0
6425	37.5	15.0	52.5
6461	35.0	12.5	57.5
6497	40.0	12.5	55.0
6533	40.0	10.0	50.0
6569	40.0	12.5	55.0
6605	37.5	17.5	50.0
6641	32.5	22.5	52.5
6677	35.0	22.5	52.5
6713	47.5	25.0	55.0
6749	42.5	25.0	60.0
6785	40.0	30.0	55.0
6821	32.5	40.0	50.0
6857	35.0	35.0	47.5
6893	42.5	32.5	45.0
6929	37.5	27.5	40.0
6965	32.5	32.5	25.0
7001	27.5	37.5	10.0
7037	30.0	37.5	7.5
7073	35.0	25.0	15.0
7109	25.0	30.0	25.0
7145	35.0	30.0	20.0
7181	35.0	27.5	22.5
7217	35.0	22.5	15.0
7253	25.0	22.5	27.5
7289	17.5	20.0	32.5
7325	17.5	25.0	30.0
7361	17.5	27.5	22.5
7397	17.5	32.5	22.5
7433	32.5	35.0	22.5
7469	35.0	37.5	27.5
7505	32.5	37.5	32.5
7541	25.0	37.5	35.0
7577	10.0	40.0	37.5
7613	12.5	35.0	37.5
7649	17.5	30.0	37.5
7685	35.0	22.5	37.5
7721	62.5	12.5	37.5
7757	62.5	22.5	22.5
7793	60.0	30.0	12.5
7829	47.5	30.0	17.5
7865	45.0	27.5	20.0
7901	35.0	12.5	25.0
7937	42.5	22.5	20.0
7973	45.0	25.0	32.5
8009	55.0	20.0	47.5
8045	42.5	17.5	50.0
8081	35.0	22.5	47.5
8117	22.5	25.0	25.0
8153	27.5	32.5	20.0
8189	25.0	35.0	20.0
8225	22.5	27.5	32.5
8261	15.0	25.0	35.0
8297	12.5	27.5	27.5
8333	12.5	30.0	20.0
8369	7.5	32.5	17.5
8405	12.5	32.5	7.5
8441	17.5	27.5	2.5
8477	25.0	17.5	7.5
8513	17.5	27.5	10.0
8549	17.5	40.0	17.5
8585	12.5	45.0	27.5
8621	12.5	47.5	35.0
8657	20.0	35.0	30.0
8693	22.5	30.0	25.0
8729	30.0	27.5	22.5
8765	40.0	20.0	20.0
8801	37.5	25.0	15.0
8837	35.0	30.0	5.0
8873	42.5	42.5	2.5
8909	47.5	45.0	7.5
8945	50.0	35.0	10.0
8981	50.0	32.5	12.5
9017	40.0	30.0	12.5
9053	35.0	30.0	15.0
9089	42.5	32.5	10.0
9125	35.0	22.5	10.0
9161	32.5	20.0	17.5
9197	17.5	15.0	22.5
9233	25.0	17.5	27.5
9269	27.5	15.0	37.5
9305	35.0	12.5	35.0
9341	32.5	15.0	47.5
9377	40.0	10.0	40.0
9413	37.5	7.5	42.5
9449	32.5	0.0	35.0
9485	32.5	5.0	27.5
9521	20.0	17.5	25.0
9557	17.5	20.0	25.0
9593	10.0	32.5	30.0
9629	7.5	32.5	37.5
9665	7.5	37.5	30.0
9701	12.5	32.5	22.5
9737	30.0	30.0	15.0
9773	40.0	27.5	7.5
9809	45.0	30.0	5.0
9845	35.0	27.5	7.5
9881	25.0	30.0	7.5
9917	30.0	25.0	7.5
9953	32.5	22.5	7.5
9989	32.5	25.0	10.0
10025	25.0	15.0	17.5
10061	27.5	5.0	27.5
10097	27.5	12.5	27.5
10133	32.5	12.5	25.0
10169	30.0	12.5	25.0
10205	32.5	5.0	30.0
10241	30.0	5.0	35.0
10277	22.5	10.0	35.0
10313	22.5	15.0	30.0
10349	22.5	17.5	22.5
10385	22.5	15.0	22.5
10421	15.0	30.0	22.5
10457	10.0	35.0	20.0
10493	10.0	50.0	25.0
10529	10.0	50.0	22.5
10565	10.0	37.5	22.5
10601	27.5	27.5	10.0
10637	40.0	20.0	10.0
10673	50.0	17.5	7.5
10709	50.0	17.5	5.0
10745	47.5	15.0	7.5
10781	52.5	20.0	12.5
10817	50.0	22.5	12.5
10853	47.5	25.0	10.0
10889	32.5	27.5	5.0
10925	37.5	35.0	2.5
10961	40.0	37.5	0.0
10997	50.0	35.0	2.5
11033	47.5	30.0	2.5
11069	40.0	27.5	7.5
11105	35.0	30.0	7.5
11141	32.5	37.5	15.0
11177	25.0	32.5	25.0
11213	22.5	25.0	32.5
11249	22.5	17.5	32.5
11285	30.0	22.5	35.0
11321	32.5	32.5	37.5
11357	32.5	47.5	35.0
11393	30.0	40.0	22.5
11429	22.5	32.5	27.5
11465	10.0	20.0	22.5
11501	10.0	17.5	25.0
11537	5.0	17.5	30.0
11573	7.5	25.0	22.5
11609	7.5	25.0	17.5
11645	7.5	30.0	17.5
11681	7.5	30.0	20.0
11717	12.5	35.0	30.0
11753	12.5	45.0	27.5
11789	20.0	47.5	25.0
11825	20.0	37.5	32.5
11861	20.0	37.5	27.5
11897	27.5	22.5	35.0
11933	32.5	15.0	40.0
11969	42.5	17.5	42.5
12005	35.0	20.0	42.5
12041	35.0	27.5	25.0
12077	40.0	32.5	12.5
12113	42.5	37.5	10.0
12149	52.5	35.0	10.0
12185	57.5	35.0	7.5
12221	57.5	35.0	10.0
12257	52.5	37.5	7.5
12293	42.5	35.0	15.0
12329	30.0	47.5	22.5
12365	27.5	47.5	27.5
12401	20.0	37.5	32.5
12437	27.5	22.5	27.5
12473	27.5	5.0	25.0
12509	30.0	10.0	32.5
12545	30.0	15.0	32.5
12581	35.0	30.0	25.0
12617	35.0	40.0	20.0
12653	30.0	40.0	10.0
12689	32.5	40.0	7.5
12725	30.0	32.5	20.0
12761	30.0	25.0	22.5
12797	37.5	27.5	20.0
12833	37.5	32.5	12.5
12869	40.0	37.5	7.5
12905	42.5	45.0	12.5
12941	52.5	35.0	10.0
12977	40.0	27.5	10.0
13013	40.0	25.0	10.0
13049	32.5	25.0	5.0
13085	27.5	30.0	5.0
13121	25.0	37.5	5.0
13157	10.0	42.5	15.0
13193	5.0	50.0	22.5
13229	7.5	47.5	25.0
13265	15.0	35.0	32.5
13301	25.0	32.5	35.0
13337	25.0	35.0	45.0
13373	22.5	37.5	37.5
13409	10.0	35.0	35.0
13445	10.0	25.0	32.5
13481	10.0	30.0	30.0
13517	12.5	22.5	32.5
13553	27.5	32.5	17.5
13589	35.0	22.5	17.5
13625	45.0	27.5	15.0
13661	45.0	32.5	10.0
13697	30.0	37.5	10.0
13733	37.5	47.5	10.0
13769	40.0	45.0	5.0
13805	45.0	32.5	7.5
13841	42.5	27.5	7.5
13877	45.0	20.0	10.0
13913	42.5	22.5	12.5
13949	25.0	40.0	25.0
13985	15.0	52.5	27.5
14021	2.5	60.0	45.0
14057	2.5	52.5	42.5
14093	2.5	50.0	52.5
14129	2.5	55.0	47.5
14165	0.0	52.5	45.0
14201	2.5	57.5	40.0
14237	5.0	52.5	32.5
14273	10.0	55.0	20.0
14309	15.0	47.5	22.5
14345	12.5	47.5	30.0
14381	10.0	52.5	37.5
14417	10.0	47.5	47.5
14453	7.5	50.0	47.5
14489	2.5	47.5	45.0
14525	5.0	47.5	30.0
14561	5.0	42.5	30.0
14597	7.5	32.5	30.0
14633	10.0	42.5	32.5
14669	7.5	40.0	37.5
14705	10.0	37.5	37.5
14741	10.0	32.5	40.0
14777	7.5	35.0	40.0
14813	7.5	40.0	35.0
14849	7.5	42.5	32.5
14885	7.5	37.5	30.0
14921	5.0	32.5	35.0
14957	5.0	42.5	32.5
14993	2.5	42.5	30.0
15029	2.5	37.5	32.5
15065	5.0	30.0	32.5
15101	2.5	35.0	35.0
15137	10.0	32.5	30.0
15173	12.5	37.5	35.0
15209	15.0	37.5	30.0
15245	7.5	42.5	35.0
15281	5.0	47.5	35.0
15317	5.0	47.5	40.0
15353	17.5	30.0	32.5
15389	27.5	17.5	30.0
15425	35.0	10.0	32.5
15461	35.0	5.0	32.5
15497	27.5	5.0	35.0
15533	22.5	2.5	27.5
15569	25.0	5.0	32.5
15605	30.0	15.0	35.0
15641	35.0	27.5	37.5
15677	25.0	40.0	32.5
15713	20.0	42.5	30.0
15749	10.0	32.5	25.0
15785	5.0	25.0	17.5
15821	5.0	25.0	15.0
15857	10.0	25.0	17.5
15893	22.5	27.5	15.0
15929	30.0	27.5	20.0
15965	40.0	22.5	17.5
16001	50.0	30.0	15.0
16037	52.5	32.5	5.0
16073	50.0	30.0	2.5
16109	45.0	22.5	7.5
16145	35.0	25.0	15.0
16181	30.0	22.5	22.5
16217	25.0	22.5	22.5
16253	27.5	32.5	22.5
16289	37.5	32.5	15.0
16325	42.5	35.0	10.0
16361	45.0	30.0	12.5
16397	30.0	30.0	7.5
16433	40.0	22.5	15.0
16469	45.0	30.0	12.5
16505	40.0	30.0	20.0
16541	40.0	32.5	15.0
16577	37.5	25.0	20.0
16613	47.5	20.0	17.5
16649	47.5	20.0	12.5
16685	42.5	32.5	10.0
16721	30.0	32.5	12.5
16757	37.5	35.0	15.0
16793	37.5	35.0	7.5
16829	40.0	30.0	10.0
16865	45.0	20.0	10.0
16901	42.5	20.0	12.5
16937	45.0	25.0	15.0
16973	47.5	30.0	12.5
17009	40.0	32.5	15.0
17045	42.5	32.5	12.5
17081	35.0	32.5	15.0
17117	47.5	32.5	7.5
17153	50.0	30.0	5.0
17189	52.5	35.0	5.0
17225	52.5	40.0	10.0
17261	45.0	40.0	17.5
17297	37.5	30.0	17.5
17333	45.0	25.0	15.0
17369	47.5	27.5	7.5
17405	52.5	27.5	10.0
17441	57.5	27.5	12.5
17477	60.0	25.0	12.5
17513	50.0	32.5	10.0
17549	45.0	32.5	12.5
17585	40.0	40.0	10.0
17621	45.0	32.5	7.5
17657	35.0	32.5	12.5
17693	42.5	35.0	10.0
17729	42.5	30.0	12.5
17765	45.0	32.5	17.5
17801	40.0	35.0	12.5
17837	42.5	35.0	10.0
17873	32.5	45.0	7.5
17909	40.0	35.0	10.0
17945	32.5	35.0	12.5
17981	42.5	27.5	10.0
18017	32.5	30.0	10.0
18053	32.5	30.0	7.5
18089	40.0	32.5	7.5
18125	42.5	22.5	10.0
18161	45.0	15.0	12.5
18197	42.5	20.0	27.5
18233	35.0	12.5	40.0
18269	30.0	15.0	52.5
18305	32.5	15.0	40.0
18341	30.0	17.5	35.0
18377	32.5	17.5	35.0
18413	37.5	12.5	40.0
18449	35.0	10.0	35.0
18485	37.5	12.5	35.0
18521	30.0	12.5	22.5
18557	20.0	15.0	27.5
18593	27.5	12.5	30.0
18629	30.0	7.5	35.0
18665	37.5	12.5	42.5
18701	32.5	20.0	47.5
18737	30.0	20.0	47.5
18773	30.0	15.0	42.5
18809	32.5	5.0	40.0
18845	37.5	5.0	40.0
18881	40.0	12.5	45.0
18917	42.5	22.5	42.5
18953	35.0	22.5	42.5
18989	30.0	17.5	52.5
19025	22.5	12.5	55.0
19061	15.0	15.0	47.5
19097	17.5	15.0	42.5
19133	27.5	12.5	40.0
19169	32.5	7.5	40.0
19205	32.5	7.5	37.5
19241	32.5	7.5	50.0
19277	37.5	15.0	52.5
19313	30.0	20.0	55.0
19349	32.5	17.5	45.0
19385	32.5	10.0	42.5
19421	35.0	10.0	37.5
19457	32.5	15.0	45.0
19493	35.0	22.5	45.0
19529	25.0	17.5	35.0
19565	22.5	22.5	22.5
19601	20.0	25.0	10.0
19637	27.5	35.0	2.5
19673	30.0	30.0	5.0
19709	35.0	35.0	5.0
19745	32.5	37.5	7.5
19781	32.5	35.0	7.5
19817	27.5	30.0	5.0
19853	30.0	15.0	12.5
19889	32.5	20.0	10.0
19925	25.0	25.0	10.0
19961	22.5	22.5	5.0
19997	30.0	30.0	0.0
20033	27.5	35.0	0.0
20069	20.0	40.0	5.0
20105	22.5	37.5	7.5
20141	17.5	30.0	20.0
20177	22.5	37.5	32.5
20213	27.5	37.5	47.5
20249	25.0	40.0	50.0
20285	27.5	40.0	47.5
20321	35.0	27.5	37.5
20357	35.0	25.0	42.5
20393	32.5	15.0	35.0
20429	25.0	20.0	40.0
20465	22.5	22.5	40.0
20501	22.5	17.5	40.0
20537	22.5	12.5	40.0
20573	17.5	20.0	37.5
20609	17.5	22.5	42.5
20645	15.0	22.5	45.0
20681	20.0	15.0	50.0
20717	30.0	17.5	37.5
20753	35.0	22.5	47.5
20789	37.5	27.5	40.0
20825	35.0	17.5	45.0
20861	35.0	17.5	42.5
20897	32.5	20.0	45.0
20933	32.5	20.0	42.5
20969	37.5	15.0	42.5
21005	32.5	10.0	47.5
21041	30.0	15.0	45.0
21077	35.0	12.5	42.5
21113	27.5	15.0	50.0
21149	32.5	10.0	55.0
21185	37.5	10.0	60.0
21221	37.5	10.0	57.5
21257	30.0	15.0	47.5
21293	32.5	15.0	45.0
21329	37.5	12.5	42.5
21365	50.0	7.5	45.0
21401	45.0	12.5	42.5
21437	40.0	17.5	50.0
21473	30.0	12.5	42.5
21509	27.5	5.0	37.5
21545	20.0	2.5	27.5
21581	30.0	7.5	32.5
21617	32.5	15.0	32.5
21653	42.5	17.5	42.5
21689	42.5	25.0	45.0
21725	37.5	27.5	42.5
21761	32.5	25.0	60.0
21797	25.0	22.5	60.0
21833	37.5	12.5	65.0
21869	42.5	17.5	57.5
21905	45.0	20.0	60.0
21941	37.5	32.5	55.0
21977	37.5	25.0	65.0
22013	32.5	27.5	62.5
22049	30.0	20.0	67.5
22085	27.5	20.0	65.0
22121	32.5	20.0	52.5
22157	42.5	20.0	40.0
22193	42.5	27.5	40.0
22229	30.0	35.0	42.5
22265	30.0	35.0	40.0
22301	25.0	32.5	45.0
22337	30.0	25.0	52.5
22373	32.5	27.5	42.5
22409	32.5	25.0	32.5
22445	32.5	25.0	17.5
22481	22.5	30.0	22.5
22517	22.5	27.5	20.0
22553	30.0	35.0	15.0
22589	40.0	35.0	10.0
22625	45.0	37.5	10.0
22661	50.0	42.5	10.0
22697	45.0	45.0	15.0
22733	50.0	40.0	12.5
22769	47.5	40.0	10.0
22805	47.5	37.5	10.0
22841	47.5	35.0	10.0
22877	55.0	35.0	12.5
22913	52.5	35.0	17.5
22949	57.5	30.0	20.0
22985	57.5	17.5	20.0
23021	62.5	7.5	15.0
23057	67.5	17.5	12.5
23093	65.0	17.5	10.0
23129	55.0	30.0	15.0
23165	50.0	32.5	17.5
23201	47.5	45.0	20.0
23237	50.0	42.5	20.0
23273	47.5	37.5	20.0
23309	52.5	32.5	20.0
23345	47.5	27.5	20.0
23381	45.0	32.5	25.0
23417	52.5	42.5	20.0
23453	65.0	60.0	20.0
23489	75.0	67.5	10.0
23525	62.5	50.0	15.0
23561	55.0	45.0	12.5
23597	42.5	35.0	17.5
23633	37.5	35.0	12.5
23669	37.5	35.0	12.5
23705	40.0	32.5	10.0
23741	42.5	40.0	10.0
23777	45.0	37.5	10.0
23813	52.5	42.5	15.0
23849	50.0	32.5	12.5
23885	42.5	30.0	10.0
23921	35.0	25.0	5.0
23957	30.0	22.5	5.0
23993	40.0	20.0	10.0
24029	45.0	27.5	10.0
24065	47.5	30.0	17.5
24101	40.0	32.5	20.0
24137	40.0	35.0	15.0
24173	40.0	32.5	12.5
24209	50.0	30.0	2.5
24245	45.0	32.5	2.5
24281	45.0	30.0	7.5
24317	45.0	35.0	7.5
24353	42.5	37.5	7.5
24389	35.0	35.0	12.5
24425	37.5	30.0	22.5
24461	37.5	35.0	22.5
24497	45.0	27.5	15.0
24533	40.0	17.5	2.5
24569	42.5	25.0	10.0
24605	37.5	25.0	15.0
24641	40.0	32.5	15.0
24677	45.0	30.0	10.0
24713	45.0	22.5	7.5
24749	45.0	25.0	10.0
24785	32.5	30.0	15.0
24821	20.0	37.5	20.0
24857	12.5	47.5	25.0
24893	10.0	50.0	25.0
24929	10.0	47.5	27.5
24965	10.0	55.0	22.5
25001	10.0	55.0	22.5
25037	5.0	55.0	15.0
25073	2.5	52.5	22.5
25109	10.0	45.0	32.5
25145	12.5	40.0	35.0
25181	12.5	42.5	32.5
25217	15.0	30.0	25.0
25253	27.5	30.0	25.0
25289	42.5	27.5	17.5
25325	42.5	25.0	17.5
25361	40.0	25.0	15.0
25397	40.0	35.0	15.0
25433	40.0	32.5	7.5
25469	45.0	30.0	10.0
25505	45.0	22.5	15.0
25541	42.5	27.5	17.5
25577	32.5	35.0	15.0
25613	47.5	40.0	5.0
25649	42.5	40.0	0.0
25685	42.5	37.5	10.0
25721	40.0	30.0	25.0
25757	35.0	22.5	40.0
25793	42.5	15.0	47.5
25829	27.5	12.5	47.5
25865	32.5	10.0	52.5
25901	32.5	10.0	57.5
25937	27.5	10.0	50.0
25973	32.5	12.5	50.0
26009	30.0	17.5	47.5
26045	37.5	17.5	45.0
26081	40.0	17.5	45.0
26117	45.0	7.5	45.0
26153	42.5	2.5	47.5
26189	27.5	15.0	42.5
26225	25.0	12.5	47.5
26261	20.0	17.5	50.0
26297	22.5	12.5	55.0
26333	30.0	12.5	45.0
26369	27.5	10.0	40.0
26405	35.0	7.5	45.0
26441	32.5	7.5	40.0
26477	37.5	7.5	40.0
26513	35.0	12.5	37.5
26549	37.5	7.5	52.5
26585	42.5	7.5	50.0
26621	35.0	10.0	50.0
26657	37.5	5.0	42.5
26693	30.0	7.5	32.5
26729	27.5	5.0	42.5
26765	25.0	5.0	42.5
26801	25.0	10.0	45.0
26837	37.5	10.0	52.5
26873	27.5	12.5	42.5
26909	22.5	12.5	40.0
26945	20.0	10.0	35.0
26981	25.0	12.5	30.0
27017	27.5	10.0	40.0
27053	37.5	5.0	42.5
27089	37.5	2.5	40.0
27125	35.0	5.0	35.0
27161	30.0	10.0	32.5
27197	17.5	12.5	42.5
27233	15.0	12.5	42.5
27269	27.5	12.5	50.0
27305	32.5	17.5	50.0
27341	27.5	35.0	50.0
27377	22.5	37.5	55.0
27413	25.0	47.5	45.0
27449	27.5	40.0	35.0
27485	32.5	32.5	27.5
27521	30.0	27.5	32.5
27557	32.5	10.0	32.5
27593	25.0	15.0	25.0
27629	22.5	12.5	10.0
27665	17.5	17.5	15.0
27701	15.0	30.0	25.0
27737	10.0	32.5	35.0
27773	12.5	40.0	30.0
27809	7.5	32.5	27.5
27845	7.5	37.5	27.5
27881	10.0	30.0	25.0
27917	10.0	35.0	35.0
27953	15.0	35.0	37.5
27989	12.5	42.5	30.0
28025	7.5	47.5	22.5
28061	7.5	50.0	12.5
28097	5.0	45.0	15.0
28133	7.5	37.5	20.0
28169	10.0	32.5	25.0
28205	12.5	37.5	27.5
28241	12.5	27.5	30.0
28277	10.0	32.5	30.0
28313	7.5	35.0	30.0
28349	7.5	30.0	27.5
28385	7.5	35.0	30.0
28421	12.5	45.0	27.5
28457	5.0	45.0	25.0
28493	7.5	42.5	37.5
28529	10.0	42.5	35.0
28565	10.0	42.5	40.0
28601	7.5	47.5	37.5
28637	10.0	42.5	40.0
28673	7.5	40.0	42.5
28709	12.5	42.5	37.5
28745	10.0	35.0	30.0
28781	5.0	40.0	37.5
28817	0.0	40.0	42.5
28853	2.5	40.0	37.5
28889	15.0	40.0	25.0
28925	15.0	30.0	17.5
28961	15.0	40.0	22.5
28997	2.5	37.5	32.5
29033	7.5	37.5	37.5
29069	7.5	40.0	27.5
29105	12.5	37.5	20.0
29141	30.0	32.5	10.0
29177	42.5	30.0	7.5
29213	47.5	35.0	0.0
29249	40.0	40.0	0.0
29285	30.0	35.0	5.0
29321	27.5	37.5	17.5
29357	22.5	32.5	17.5
29393	25.0	45.0	20.0
29429	17.5	50.0	22.5
29465	15.0	52.5	27.5
29501	15.0	50.0	35.0
29537	15.0	40.0	25.0
29573	20.0	32.5	30.0
29609	22.5	27.5	35.0
29645	25.0	17.5	35.0
29681	30.0	17.5	32.5
29717	32.5	15.0	32.5
29753	32.5	15.0	35.0
29789	27.5	12.5	47.5
29825	25.0	7.5	45.0
29861	32.5	15.0	35.0
29897	40.0	32.5	20.0
29933	47.5	40.0	10.0
29969	45.0	35.0	10.0
30005	32.5	25.0	12.5
30041	30.0	17.5	10.0
30077	30.0	22.5	5.0
30113	42.5	25.0	10.0
30149	45.0	27.5	10.0
30185	42.5	30.0	7.5
30221	32.5	37.5	12.5
30257	35.0	30.0	5.0
30293	45.0	30.0	7.5
30329	50.0	27.5	7.5
30365	50.0	25.0	10.0
30401	60.0	27.5	7.5
30437	55.0	37.5	7.5
30473	52.5	35.0	7.5
30509	42.5	35.0	10.0
30545	42.5	37.5	7.5
30581	40.0	45.0	7.5
30617	42.5	40.0	5.0
30653	47.5	35.0	7.5
30689	42.5	35.0	7.5
30725	50.0	27.5	5.0
30761	45.0	27.5	5.0
30797	40.0	25.0	5.0
30833	35.0	25.0	5.0
30869	20.0	40.0	2.5
30905	20.0	42.5	5.0
30941	12.5	35.0	15.0
30977	25.0	22.5	15.0
31013	27.5	17.5	27.5
31049	37.5	10.0	32.5
31085	35.0	20.0	37.5
31121	32.5	15.0	47.5
31157	35.0	10.0	47.5
31193	42.5	5.0	45.0
31229	37.5	2.5	32.5
31265	35.0	10.0	30.0
31301	22.5	32.5	17.5
31337	15.0	50.0	22.5
31373	12.5	60.0	17.5
31409	15.0	60.0	22.5
31445	15.0	50.0	20.0
31481	22.5	40.0	25.0
31517	17.5	47.5	27.5
31553	15.0	40.0	35.0
31589	5.0	45.0	32.5
31625	0.0	42.5	35.0
31661	0.0	45.0	30.0
31697	0.0	52.5	25.0
31733	0.0	45.0	30.0
31769	7.5	55.0	32.5
31805	17.5	52.5	32.5
31841	22.5	50.0	35.0
31877	15.0	50.0	30.0
31913	12.5	47.5	30.0
31949	7.5	47.5	25.0
31985	7.5	47.5	27.5
32021	2.5	37.5	17.5
32057	2.5	30.0	25.0
32093	12.5	12.5	30.0
32129	20.0	7.5	37.5
32165	25.0	7.5	35.0
32201	30.0	12.5	32.5
32237	32.5	10.0	40.0
32273	35.0	7.5	42.5
32309	37.5	7.5	50.0
32345	42.5	12.5	47.5
32381	37.5	15.0	50.0
32417	45.0	12.5	47.5
32453	45.0	5.0	50.0
32489	37.5	7.5	50.0
32525	37.5	7.5	45.0
32561	35.0	15.0	47.5
32597	40.0	12.5	40.0
32633	37.5	10.0	45.0
32669	32.5	10.0	45.0
32705	35.0	10.0	45.0
32741	45.0	10.0	35.0
32777	37.5	7.5	35.0
32813	35.0	5.0	40.0
32849	22.5	5.0	45.0
32885	15.0	7.5	47.5
32921	7.5	20.0	45.0
32957	7.5	17.5	42.5
32993	17.5	17.5	40.0
33029	20.0	10.0	45.0
33065	30.0	5.0	45.0
33101	35.0	10.0	45.0
33137	37.5	7.5	45.0
33173	35.0	7.5	50.0
33209	35.0	7.5	50.0
33245	27.5	12.5	45.0
33281	25.0	12.5	35.0
33317	17.5	10.0	22.5
33353	15.0	5.0	27.5
33389	17.5	7.5	22.5
33425	17.5	10.0	22.5
33461	15.0	7.5	20.0
33497	22.5	10.0	17.5
33533	35.0	20.0	15.0
33569	47.5	30.0	15.0
33605	50.0	35.0	17.5
33641	55.0	32.5	15.0
33677	50.0	35.0	15.0
33713	47.5	40.0	10.0
33749	40.0	40.0	15.0
33785	37.5	45.0	15.0
33821	32.5	47.5	12.5
33857	30.0	45.0	10.0
33893	37.5	37.5	7.5
33929	40.0	37.5	10.0
33965	50.0	37.5	12.5
34001	52.5	40.0	15.0
34037	42.5	42.5	27.5
34073	25.0	47.5	27.5
34109	15.0	32.5	30.0
34145	15.0	42.5	22.5
34181	12.5	42.5	32.5
34217	17.5	40.0	30.0
34253	20.0	27.5	27.5
34289	20.0	25.0	32.5
34325	20.0	25.0	27.5
34361	7.5	35.0	27.5
34397	2.5	30.0	22.5
34433	7.5	25.0	22.5
34469	7.5	15.0	25.0
34505	20.0	25.0	20.0
34541	32.5	20.0	12.5
34577	42.5	25.0	2.5
34613	42.5	25.0	2.5
34649	35.0	30.0	2.5
34685	32.5	30.0	2.5
34721	32.5	30.0	2.5
34757	32.5	32.5	12.5
34793	32.5	30.0	10.0
34829	32.5	30.0	10.0
34865	42.5	35.0	17.5
34901	45.0	35.0	22.5
34937	50.0	47.5	27.5
34973	52.5	47.5	30.0
35009	50.0	45.0	30.0
35045	47.5	35.0	37.5
35081	45.0	22.5	37.5
35117	42.5	7.5	30.0
35153	32.5	7.5	12.5
35189	20.0	10.0	10.0
35225	20.0	10.0	17.5
35261	12.5	12.5	32.5
35297	22.5	15.0	40.0
35333	32.5	12.5	47.5
35369	47.5	15.0	47.5
35405	52.5	10.0	47.5
35441	45.0	7.5	47.5
35477	30.0	5.0	40.0
35513	30.0	5.0	32.5
35549	27.5	17.5	30.0
35585	22.5	25.0	32.5
35621	12.5	40.0	32.5
35657	10.0	35.0	27.5
35693	7.5	40.0	35.0
35729	12.5	35.0	37.5
35765	12.5	32.5	45.0
35801	10.0	32.5	45.0
35837	2.5	37.5	42.5
35873	2.5	42.5	32.5
35909	2.5	32.5	22.5
35945	5.0	32.5	17.5
35981	12.5	35.0	15.0
36017	17.5	35.0	10.0
36053	17.5	42.5	12.5
36089	30.0	37.5	15.0
36125	25.0	35.0	15.0
36161	27.5	42.5	20.0
36197	30.0	42.5	20.0
36233	30.0	47.5	15.0
36269	40.0	40.0	12.5
36305	40.0	50.0	7.5
36341	42.5	52.5	15.0
36377	40.0	52.5	20.0
36413	40.0	50.0	17.5
36449	37.5	52.5	15.0
36485	37.5	62.5	10.0
36521	35.0	65.0	7.5
36557	32.5	50.0	7.5
36593	25.0	47.5	10.0
36629	22.5	47.5	10.0
36665	27.5	47.5	12.5
36701	35.0	50.0	10.0
36737	32.5	50.0	10.0
36773	35.0	52.5	15.0
36809	42.5	55.0	20.0
36845	40.0	52.5	20.0
36881	30.0	50.0	12.5
36917	35.0	45.0	10.0
36953	30.0	50.0	5.0
36989	37.5	50.0	5.0
37025	30.0	52.5	7.5
37061	22.5	52.5	17.5
37097	25.0	45.0	20.0
37133	25.0	37.5	20.0
37169	30.0	37.5	15.0
37205	30.0	37.5	12.5
37241	30.0	37.5	15.0
37277	35.0	40.0	15.0
37313	32.5	37.5	17.5
37349	30.0	45.0	15.0
37385	35.0	50.0	17.5
37421	27.5	55.0	15.0
37457	27.5	47.5	12.5
37493	25.0	42.5	20.0
37529	22.5	37.5	15.0
37565	27.5	45.0	25.0
37601	32.5	55.0	20.0
37637	32.5	50.0	17.5
37673	40.0	52.5	15.0
37709	37.5	47.5	10.0
37745	30.0	52.5	7.5
37781	27.5	52.5	10.0
37817	30.0	42.5	12.5
37853	37.5	40.0	10.0
37889	37.5	45.0	12.5
37925	37.5	40.0	15.0
37961	35.0	45.0	15.0
37997	30.0	47.5	12.5
38033	27.5	50.0	12.5
38069	30.0	55.0	15.0
38105	35.0	55.0	15.0
38141	32.5	52.5	12.5
38177	32.5	42.5	15.0
38213	35.0	37.5	15.0
38249	32.5	40.0	15.0
38285	37.5	40.0	12.5
38321	30.0	47.5	7.5
38357	22.5	52.5	5.0
38393	22.5	37.5	7.5
38429	20.0	37.5	10.0
38465	27.5	25.0	12.5
38501	37.5	40.0	10.0
38537	32.5	42.5	17.5
38573	30.0	47.5	17.5
38609	22.5	50.0	25.0
38645	20.0	47.5	22.5
38681	22.5	42.5	25.0
38717	25.0	47.5	17.5
38753	25.0	52.5	12.5
38789	25.0	55.0	10.0
38825	25.0	42.5	15.0
38861	30.0	37.5	15.0
38897	35.0	30.0	20.0
38933	37.5	32.5	17.5
38969	42.5	35.0	12.5
39005	45.0	37.5	5.0
39041	37.5	45.0	10.0
39077	35.0	50.0	10.0
39113	35.0	52.5	12.5
39149	35.0	55.0	15.0
39185	32.5	57.5	12.5
39221	32.5	50.0	12.5
39257	30.0	47.5	12.5
39293	22.5	45.0	12.5
39329	17.5	42.5	15.0
39365	12.5	50.0	10.0
39401	15.0	50.0	7.5
39437	25.0	57.5	7.5
39473	25.0	57.5	5.0
39509	27.5	57.5	5.0
39545	12.5	52.5	7.5
39581	17.5	45.0	7.5
39617	22.5	47.5	7.5
39653	27.5	47.5	10.0
39689	35.0	60.0	5.0
39725	27.5	60.0	7.5
39761	27.5	62.5	5.0
39797	32.5	45.0	7.5
39833	30.0	40.0	7.5
39869	25.0	37.5	10.0
39905	25.0	42.5	12.5
39941	35.0	55.0	10.0
39977	42.5	60.0	2.5
40013	37.5	50.0	2.5
40049	30.0	40.0	7.5
40085	22.5	37.5	7.5
40121	20.0	35.0	7.5
40157	25.0	32.5	7.5
40193	27.5	37.5	10.0
40229	35.0	37.5	12.5
40265	32.5	50.0	7.5
40301	40.0	52.5	10.0
40337	35.0	55.0	10.0
40373	25.0	50.0	12.5
40409	25.0	47.5	10.0
40445	27.5	42.5	7.5
40481	27.5	42.5	5.0
40517	27.5	35.0	7.5
40553	15.0	35.0	10.0
40589	22.5	35.0	12.5
40625	22.5	40.0	7.5
40661	20.0	35.0	10.0
40697	30.0	45.0	5.0
40733	35.0	42.5	2.5
40769	37.5	52.5	5.0
40805	40.0	50.0	7.5
40841	37.5	52.5	15.0
40877	32.5	37.5	22.5
40913	27.5	40.0	17.5
40949	25.0	30.0	15.0
40985	30.0	30.0	7.5
41021	32.5	37.5	10.0
41057	32.5	42.5	12.5
41093	32.5	47.5	20.0
41129	32.5	50.0	17.5
41165	25.0	45.0	15.0
41201	37.5	45.0	5.0
41237	37.5	47.5	5.0
41273	35.0	45.0	5.0
41309	37.5	52.5	2.5
41345	37.5	50.0	2.5
41381	35.0	50.0	10.0
41417	37.5	40.0	22.5
41453	40.0	40.0	25.0
41489	45.0	40.0	27.5
41525	32.5	32.5	17.5
41561	37.5	30.0	15.0
41597	30.0	32.5	10.0
41633	32.5	40.0	10.0
41669	30.0	55.0	5.0
41705	30.0	50.0	10.0
41741	35.0	42.5	7.5
41777	32.5	45.0	7.5
41813	37.5	42.5	5.0
41849	25.0	50.0	5.0
41885	27.5	42.5	7.5
41921	27.5	42.5	7.5
41957	35.0	40.0	5.0
41993	35.0	50.0	5.0
42029	27.5	45.0	10.0
42065	30.0	47.5	10.0
42101	35.0	45.0	10.0
42137	25.0	37.5	5.0
42173	35.0	30.0	5.0
42209	32.5	27.5	10.0
42245	32.5	32.5	15.0
42281	30.0	40.0	15.0
42317	30.0	32.5	15.0
42353	30.0	30.0	10.0
42389	40.0	32.5	10.0
42425	32.5	40.0	10.0
42461	30.0	47.5	10.0
42497	27.5	55.0	10.0
42533	22.5	50.0	12.5
42569	27.5	52.5	10.0
42605	17.5	45.0	10.0
42641	25.0	52.5	5.0
42677	22.5	47.5	2.5
42713	22.5	50.0	7.5
42749	25.0	55.0	7.5
42785	35.0	47.5	7.5
42821	35.0	45.0	2.5
42857	40.0	45.0	0.0
42893	25.0	42.5	5.0
42929	27.5	47.5	5.0
42965	22.5	40.0	12.5
43001	27.5	45.0	15.0
43037	35.0	55.0	17.5
43073	37.5	50.0	17.5
43109	35.0	45.0	15.0
43145	40.0	40.0	12.5
43181	32.5	40.0	10.0
43217	30.0	45.0	20.0
43253	30.0	52.5	22.5
43289	40.0	45.0	42.5
43325	45.0	37.5	42.5
43361	40.0	45.0	42.5
43397	40.0	42.5	30.0
43433	37.5	50.0	17.5
43469	32.5	42.5	12.5
43505	32.5	42.5	17.5
43541	27.5	47.5	17.5
43577	30.0	50.0	17.5
43613	27.5	55.0	15.0
43649	32.5	57.5	10.0
43685	25.0	60.0	7.5
43721	25.0	55.0	5.0
43757	25.0	60.0	7.5
43793	27.5	60.0	12.5
43829	35.0	67.5	20.0
43865	32.5	62.5	20.0
43901	35.0	57.5	17.5
43937	22.5	52.5	15.0
43973	25.0	52.5	12.5
44009	32.5	50.0	12.5
44045	35.0	55.0	7.5
44081	37.5	55.0	7.5
44117	32.5	47.5	7.5
44153	35.0	40.0	7.5
44189	27.5	40.0	15.0
44225	27.5	47.5	17.5
44261	32.5	47.5	17.5
44297	37.5	52.5	10.0
44333	47.5	55.0	7.5
44369	45.0	47.5	7.5
44405	42.5	37.5	7.5
44441	37.5	37.5	7.5
44477	42.5	42.5	10.0
44513	37.5	40.0	17.5
44549	37.5	47.5	10.0
44585	32.5	50.0	12.5
44621	27.5	42.5	7.5
44657	22.5	40.0	12.5
44693	15.0	35.0	17.5
44729	15.0	42.5	22.5
44765	22.5	47.5	22.5
44801	22.5	50.0	22.5
44837	25.0	52.5	15.0
44873	35.0	40.0	20.0
44909	32.5	42.5	17.5
44945	32.5	37.5	27.5
44981	32.5	47.5	27.5
45017	25.0	50.0	20.0
45053	22.5	50.0	15.0
45089	17.5	47.5	10.0
45125	22.5	47.5	5.0
45161	27.5	52.5	2.5
45197	32.5	52.5	0.0
45233	40.0	42.5	5.0
45269	40.0	50.0	7.5
45305	40.0	47.5	10.0
45341	25.0	42.5	7.5
45377	27.5	35.0	7.5
45413	25.0	37.5	5.0
45449	30.0	47.5	5.0
45485	25.0	52.5	5.0
45521	27.5	45.0	7.5
45557	25.0	35.0	10.0
45593	27.5	32.5	10.0
45629	27.5	42.5	10.0
45665	27.5	47.5	7.5
45701	30.0	55.0	10.0
45737	22.5	52.5	10.0
45773	27.5	52.5	2.5
45809	37.5	57.5	10.0
45845	40.0	55.0	17.5
45881	35.0	52.5	20.0
45917	27.5	47.5	22.5
45953	15.0	40.0	12.5
45989	15.0	35.0	15.0
46025	22.5	35.0	15.0
46061	30.0	42.5	10.0
46097	37.5	50.0	0.0
46133	35.0	55.0	2.5
46169	30.0	55.0	5.0
46205	22.5	50.0	7.5
46241	30.0	47.5	7.5
46277	37.5	32.5	12.5
46313	40.0	35.0	7.5
46349	35.0	40.0	12.5
46385	35.0	37.5	12.5
46421	35.0	37.5	17.5
46457	30.0	32.5	17.5
46493	30.0	32.5	12.5
46529	32.5	37.5	12.5
46565	30.0	37.5	5.0
46601	27.5	35.0	7.5
46637	25.0	40.0	7.5
46673	27.5	40.0	7.5
46709	25.0	45.0	5.0
46745	27.5	42.5	5.0
46781	27.5	40.0	7.5
46817	35.0	47.5	7.5
46853	35.0	52.5	12.5
46889	30.0	47.5	10.0
46925	30.0	40.0	12.5
46961	27.5	32.5	10.0
46997	25.0	30.0	15.0
47033	30.0	30.0	12.5
47069	22.5	30.0	15.0
47105	22.5	32.5	10.0
47141	22.5	30.0	10.0
47177	30.0	45.0	5.0
47213	27.5	40.0	7.5
47249	30.0	47.5	12.5
47285	35.0	47.5	12.5
47321	37.5	47.5	15.0
47357	35.0	37.5	5.0
47393	30.0	37.5	7.5
47429	35.0	35.0	7.5
47465	37.5	45.0	10.0
47501	35.0	42.5	7.5
47537	35.0	42.5	10.0
47573	42.5	32.5	5.0
47609	40.0	40.0	7.5
47645	35.0	42.5	7.5
47681	37.5	47.5	10.0
47717	27.5	60.0	10.0
47753	27.5	65.0	15.0
47789	27.5	57.5	15.0
47825	25.0	45.0	12.5
47861	30.0	30.0	7.5
47897	20.0	40.0	10.0
47933	20.0	42.5	10.0
47969	20.0	47.5	7.5
48005	22.5	45.0	12.5
48041	27.5	50.0	7.5
48077	35.0	45.0	5.0
48113	32.5	35.0	2.5
48149	32.5	32.5	7.5
48185	22.5	32.5	20.0
48221	25.0	35.0	30.0
48257	35.0	27.5	32.5
48293	35.0	25.0	30.0
48329	35.0	17.5	25.0
48365	27.5	12.5	20.0
48401	30.0	10.0	27.5
48437	27.5	17.5	27.5
48473	32.5	22.5	35.0
48509	40.0	37.5	35.0
48545	50.0	45.0	35.0
48581	42.5	42.5	42.5
48617	42.5	30.0	37.5
48653	37.5	20.0	37.5
48689	45.0	10.0	25.0
48725	52.5	12.5	25.0
48761	42.5	7.5	27.5
48797	40.0	5.0	32.5
48833	35.0	10.0	32.5
48869	35.0	7.5	37.5
48905	35.0	20.0	42.5
48941	42.5	20.0	42.5
48977	45.0	20.0	37.5
49013	47.5	15.0	25.0
49049	37.5	10.0	15.0
49085	30.0	10.0	17.5
49121	42.5	5.0	15.0
49157	42.5	5.0	20.0
49193	52.5	5.0	30.0
49229	42.5	7.5	37.5
49265	32.5	15.0	45.0
49301	17.5	27.5	40.0
49337	5.0	45.0	45.0
49373	2.5	47.5	47.5
49409	10.0	50.0	50.0
49445	12.5	40.0	47.5
49481	15.0	30.0	37.5
49517	5.0	30.0	32.5
49553	2.5	35.0	32.5
49589	2.5	37.5	30.0
49625	10.0	37.5	30.0
49661	10.0	37.5	27.5
49697	7.5	37.5	32.5
49733	10.0	32.5	27.5
49769	7.5	40.0	30.0
49805	10.0	47.5	32.5
49841	10.0	55.0	35.0
49877	7.5	50.0	35.0
49913	5.0	42.5	37.5
49949	7.5	40.0	37.5
49985	12.5	40.0	40.0
50021	10.0	30.0	35.0
50057	10.0	32.5	40.0
50093	5.0	35.0	35.0
50129	2.5	37.5	42.5
50165	5.0	37.5	37.5
50201	2.5	40.0	32.5
50237	2.5	35.0	42.5
50273	2.5	27.5	40.0
50309	2.5	32.5	37.5
50345	7.5	25.0	32.5
50381	7.5	40.0	35.0
50417	15.0	40.0	27.5
50453	12.5	40.0	22.5
50489	15.0	35.0	30.0
50525	10.0	32.5	35.0
50561	15.0	35.0	40.0
50597	7.5	37.5	37.5
50633	12.5	32.5	35.0
50669	7.5	35.0	35.0
50705	7.5	37.5	30.0
50741	10.0	27.5	35.0
50777	10.0	27.5	32.5
50813	12.5	20.0	35.0
50849	15.0	25.0	35.0
50885	10.0	30.0	37.5
50921	7.5	37.5	45.0
50957	0.0	35.0	60.0
50993	10.0	32.5	45.0
51029	12.5	22.5	45.0
51065	12.5	30.0	40.0
51101	7.5	35.0	40.0
51137	2.5	45.0	40.0
51173	5.0	37.5	37.5
51209	10.0	27.5	42.5
51245	15.0	20.0	42.5
51281	15.0	22.5	37.5
51317	12.5	25.0	37.5
51353	5.0	25.0	40.0
51389	0.0	30.0	45.0
51425	0.0	37.5	52.5
51461	0.0	42.5	60.0
51497	2.5	42.5	55.0
51533	5.0	37.5	50.0
51569	10.0	40.0	47.5
51605	12.5	40.0	42.5
51641	12.5	35.0	30.0
51677	7.5	30.0	22.5
51713	5.0	27.5	37.5
51749	2.5	17.5	45.0
51785	2.5	30.0	57.5
51821	2.5	37.5	55.0
51857	7.5	45.0	60.0
51893	7.5	52.5	57.5
51929	10.0	40.0	55.0
51965	7.5	37.5	50.0
52001	5.0	30.0	52.5
52037	2.5	35.0	52.5
52073	5.0	30.0	55.0
52109	5.0	35.0	52.5
52145	7.5	30.0	50.0
52181	7.5	32.5	42.5
52217	10.0	25.0	47.5
52253	12.5	25.0	47.5
52289	15.0	22.5	42.5
52325	12.5	20.0	35.0
52361	7.5	25.0	37.5
52397	5.0	22.5	45.0
52433	5.0	25.0	50.0
52469	7.5	32.5	47.5
52505	10.0	30.0	47.5
52541	10.0	37.5	42.5
52577	7.5	35.0	45.0
52613	10.0	30.0	42.5
52649	10.0	25.0	55.0
52685	12.5	25.0	47.5
52721	10.0	22.5	55.0
52757	12.5	25.0	52.5
52793	5.0	30.0	57.5
52829	10.0	35.0	50.0
52865	5.0	25.0	57.5
52901	5.0	35.0	55.0
52937	5.0	30.0	55.0
52973	5.0	37.5	57.5
53009	5.0	37.5	52.5
53045	2.5	27.5	60.0
53081	7.5	30.0	60.0
53117	5.0	35.0	52.5
53153	12.5	42.5	47.5
53189	12.5	42.5	45.0
53225	12.5	35.0	45.0
53261	10.0	32.5	50.0
53297	7.5	32.5	55.0
53333	7.5	32.5	50.0
53369	2.5	35.0	60.0
53405	7.5	37.5	62.5
53441	15.0	52.5	55.0
53477	20.0	57.5	52.5
53513	25.0	67.5	45.0
53549	20.0	60.0	47.5
53585	10.0	42.5	50.0
53621	5.0	37.5	50.0
53657	2.5	42.5	55.0
53693	2.5	45.0	52.5
53729	7.5	40.0	55.0
53765	7.5	32.5	62.5
53801	12.5	35.0	57.5
53837	10.0	42.5	60.0
53873	12.5	42.5	50.0
53909	10.0	45.0	35.0
53945	5.0	42.5	40.0
53981	7.5	52.5	42.5
54017	7.5	60.0	37.5
54053	15.0	47.5	37.5
54089	17.5	40.0	45.0
54125	15.0	42.5	52.5
54161	12.5	45.0	57.5
54197	12.5	47.5	55.0
54233	10.0	45.0	55.0
54269	12.5	50.0	60.0
54305	5.0	42.5	60.0
54341	7.5	40.0	47.5
54377	7.5	42.5	52.5
54413	7.5	42.5	47.5
54449	10.0	40.0	40.0
54485	12.5	45.0	45.0
54521	10.0	47.5	47.5
54557	15.0	40.0	40.0
54593	27.5	25.0	40.0
54629	30.0	15.0	35.0
54665	47.5	10.0	32.5
54701	42.5	10.0	22.5
54737	60.0	5.0	30.0
54773	52.5	2.5	30.0
54809	62.5	2.5	30.0
54845	52.5	5.0	35.0
54881	47.5	5.0	30.0
54917	45.0	10.0	40.0
54953	52.5	10.0	45.0
54989	50.0	10.0	47.5
55025	52.5	10.0	45.0
55061	40.0	12.5	40.0
55097	42.5	10.0	45.0
55133	37.5	12.5	47.5
55169	45.0	15.0	37.5
55205	50.0	12.5	30.0
55241	52.5	10.0	35.0
55277	60.0	5.0	37.5
55313	57.5	12.5	37.5
55349	52.5	15.0	37.5
55385	52.5	15.0	32.5
55421	47.5	15.0	37.5
55457	42.5	7.5	35.0
55493	52.5	7.5	47.5
55529	47.5	0.0	45.0
55565	55.0	2.5	50.0
55601	50.0	2.5	37.5
55637	50.0	5.0	35.0
55673	45.0	7.5	45.0
55709	50.0	7.5	45.0
55745	50.0	10.0	50.0
55781	45.0	7.5	37.5
55817	42.5	5.0	37.5
55853	42.5	2.5	32.5
55889	40.0	17.5	25.0
55925	37.5	20.0	22.5
55961	35.0	25.0	22.5
55997	47.5	20.0	37.5
56033	47.5	12.5	40.0
56069	50.0	10.0	35.0
56105	42.5	5.0	35.0
56141	42.5	5.0	30.0
56177	45.0	0.0	37.5
56213	42.5	0.0	35.0
56249	52.5	0.0	32.5
56285	47.5	0.0	35.0
56321	52.5	2.5	42.5
56357	52.5	5.0	42.5
56393	55.0	5.0	45.0
56429	52.5	5.0	47.5
56465	42.5	12.5	45.0
56501	42.5	10.0	47.5
56537	40.0	15.0	40.0
56573	55.0	7.5	52.5
56609	57.5	12.5	50.0
56645	60.0	7.5	50.0
56681	62.5	7.5	45.0
56717	65.0	7.5	47.5
56753	67.5	7.5	45.0
56789	67.5	7.5	32.5
56825	60.0	5.0	40.0
56861	55.0	7.5	32.5
56897	55.0	7.5	37.5
56933	55.0	7.5	25.0
56969	62.5	7.5	27.5
57005	70.0	5.0	32.5
57041	67.5	5.0	50.0
57077	62.5	5.0	47.5
57113	55.0	10.0	37.5
57149	52.5	10.0	30.0
57185	57.5	10.0	30.0
57221	62.5	7.5	37.5
57257	60.0	7.5	37.5
57293	47.5	10.0	40.0
57329	55.0	22.5	25.0
57365	42.5	32.5	12.5
57401	37.5	40.0	7.5
57437	32.5	42.5	10.0
57473	32.5	40.0	12.5
57509	35.0	47.5	7.5
57545	27.5	45.0	10.0
57581	32.5	45.0	12.5
57617	30.0	47.5	10.0
57653	30.0	50.0	12.5
57689	27.5	55.0	10.0
57725	40.0	55.0	12.5
57761	50.0	60.0	7.5
57797	50.0	57.5	10.0
57833	42.5	52.5	2.5
57869	40.0	52.5	5.0
57905	52.5	52.5	5.0
57941	47.5	55.0	7.5
57977	50.0	42.5	5.0
58013	45.0	40.0	5.0
58049	37.5	35.0	5.0
58085	27.5	32.5	7.5
58121	15.0	35.0	10.0
58157	15.0	30.0	7.5
58193	22.5	40.0	7.5
58229	25.0	37.5	0.0
58265	30.0	35.0	0.0
58301	35.0	30.0	2.5
58337	27.5	27.5	7.5
58373	25.0	30.0	20.0
58409	25.0	42.5	25.0
58445	20.0	42.5	27.5
58481	27.5	37.5	20.0
58517	42.5	30.0	15.0
58553	45.0	27.5	10.0
58589	37.5	30.0	7.5
58625	27.5	37.5	7.5
58661	30.0	42.5	7.5
58697	32.5	42.5	15.0
58733	40.0	50.0	12.5
58769	37.5	52.5	20.0
58805	40.0	62.5	22.5
58841	42.5	57.5	22.5
58877	47.5	52.5	17.5
58913	50.0	50.0	15.0
58949	42.5	52.5	20.0
58985	47.5	47.5	32.5
59021	50.0	47.5	40.0
59057	47.5	42.5	50.0
59093	50.0	47.5	37.5
59129	42.5	50.0	22.5
59165	47.5	52.5	10.0
59201	42.5	50.0	10.0
59237	40.0	52.5	12.5
59273	45.0	50.0	15.0
59309	45.0	47.5	12.5
59345	45.0	45.0	12.5
59381	32.5	40.0	12.5
59417	40.0	42.5	10.0
59453	27.5	60.0	7.5
59489	42.5	62.5	10.0
59525	47.5	62.5	5.0
59561	45.0	45.0	7.5
59597	32.5	42.5	10.0
59633	20.0	35.0	15.0
59669	20.0	32.5	12.5
59705	27.5	27.5	17.5
59741	32.5	25.0	17.5
59777	37.5	35.0	15.0
59813	42.5	40.0	10.0
59849	40.0	35.0	0.0
59885	47.5	42.5	2.5
59921	40.0	32.5	2.5
59957	35.0	32.5	5.0
59993	35.0	25.0	7.5
60029	27.5	37.5	7.5
60065	30.0	42.5	7.5
60101	27.5	40.0	5.0
60137	27.5	30.0	7.5
60173	32.5	17.5	5.0
60209	35.0	22.5	7.5
60245	40.0	37.5	10.0
60281	37.5	37.5	12.5
60317	30.0	47.5	7.5
60353	22.5	32.5	15.0
60389	20.0	35.0	17.5
60425	32.5	40.0	17.5
60461	35.0	52.5	12.5
60497	30.0	60.0	7.5
60533	30.0	55.0	5.0
60569	22.5	50.0	2.5
60605	25.0	42.5	5.0
60641	27.5	40.0	7.5
60677	32.5	45.0	5.0
60713	32.5	45.0	5.0
60749	30.0	42.5	12.5
60785	22.5	37.5	10.0
60821	25.0	40.0	12.5
60857	37.5	42.5	12.5
60893	35.0	47.5	10.0
60929	27.5	47.5	7.5
60965	20.0	37.5	10.0
61001	27.5	37.5	10.0
61037	30.0	32.5	10.0
61073	40.0	37.5	7.5
61109	35.0	37.5	5.0
61145	40.0	42.5	2.5
61181	45.0	37.5	5.0
61217	40.0	27.5	10.0
61253	35.0	22.5	12.5
61289	35.0	25.0	15.0
61325	30.0	30.0	17.5
61361	40.0	35.0	10.0
61397	30.0	47.5	7.5
61433	40.0	45.0	5.0
61469	37.5	45.0	5.0
61505	37.5	35.0	7.5
61541	37.5	27.5	7.5
61577	32.5	27.5	5.0
61613	35.0	35.0	2.5
61649	42.5	45.0	0.0
61685	40.0	47.5	5.0
61721	40.0	45.0	10.0
61757	35.0	27.5	12.5
61793	35.0	27.5	12.5
61829	32.5	22.5	15.0
61865	32.5	30.0	17.5
61901	27.5	40.0	20.0
61937	32.5	40.0	20.0
61973	25.0	45.0	12.5
62009	25.0	40.0	10.0
62045	27.5	32.5	10.0
62081	35.0	35.0	7.5
62117	42.5	35.0	7.5
62153	42.5	42.5	2.5
62189	37.5	42.5	2.5
62225	40.0	45.0	2.5
62261	37.5	47.5	5.0
62297	32.5	42.5	10.0
62333	35.0	32.5	17.5
62369	27.5	32.5	17.5
62405	42.5	30.0	17.5
62441	35.0	32.5	12.5
62477	37.5	47.5	7.5
62513	37.5	50.0	5.0
62549	42.5	45.0	5.0
62585	40.0	42.5	2.5
62621	37.5	40.0	2.5
62657	32.5	40.0	5.0
62693	30.0	47.5	7.5
62729	45.0	47.5	10.0
62765	42.5	52.5	12.5
62801	42.5	45.0	7.5
62837	37.5	50.0	10.0
62873	27.5	47.5	10.0
62909	27.5	50.0	10.0
62945	20.0	40.0	15.0
62981	20.0	35.0	17.5
63017	22.5	32.5	12.5
63053	27.5	35.0	15.0
63089	32.5	42.5	5.0
63125	30.0	37.5	10.0
63161	22.5	35.0	15.0
63197	20.0	35.0	12.5
63233	25.0	30.0	10.0
63269	35.0	37.5	7.5
63305	42.5	27.5	7.5
63341	47.5	30.0	10.0
63377	40.0	15.0	12.5
63413	35.0	30.0	10.0
63449	27.5	27.5	12.5
63485	30.0	35.0	17.5
63521	25.0	32.5	17.5
63557	32.5	35.0	15.0
63593	32.5	40.0	12.5
63629	42.5	52.5	10.0
63665	35.0	50.0	10.0
63701	35.0	42.5	12.5
63737	22.5	35.0	10.0
63773	27.5	42.5	12.5
63809	32.5	47.5	10.0
63845	30.0	55.0	10.0
63881	27.5	60.0	10.0
63917	20.0	55.0	22.5
63953	10.0	42.5	37.5
63989	5.0	35.0	42.5
64025	2.5	32.5	57.5
64061	15.0	37.5	45.0
64097	17.5	35.0	45.0
64133	15.0	35.0	35.0
64169	7.5	32.5	35.0
64205	2.5	27.5	42.5
64241	7.5	30.0	47.5
64277	7.5	30.0	50.0
64313	12.5	37.5	52.5
64349	7.5	37.5	50.0
64385	10.0	42.5	42.5
64421	5.0	42.5	45.0
64457	10.0	45.0	45.0
64493	15.0	40.0	50.0
64529	25.0	40.0	42.5
64565	25.0	30.0	45.0
64601	25.0	30.0	47.5
64637	25.0	30.0	47.5
64673	30.0	15.0	40.0
64709	35.0	12.5	37.5
64745	40.0	7.5	30.0
64781	45.0	12.5	30.0
64817	40.0	12.5	32.5
64853	35.0	15.0	40.0
64889	35.0	20.0	35.0
64925	45.0	15.0	30.0
64961	47.5	15.0	25.0
64997	47.5	20.0	25.0
65033	40.0	22.5	27.5
65069	30.0	25.0	22.5
65105	35.0	15.0	25.0
65141	42.5	5.0	25.0
65177	45.0	5.0	25.0
65213	32.5	10.0	30.0
65249	32.5	12.5	30.0
65285	30.0	12.5	30.0
65321	37.5	12.5	30.0
65357	40.0	15.0	22.5
65393	42.5	15.0	27.5
65429	37.5	15.0	30.0
65465	40.0	17.5	25.0
65501	42.5	17.5	20.0
65537	47.5	30.0	15.0
65573	47.5	25.0	20.0
65609	35.0	22.5	27.5
65645	22.5	22.5	37.5
65681	27.5	20.0	37.5
65717	27.5	22.5	50.0
65753	32.5	17.5	42.5
65789	22.5	22.5	50.0
65825	10.0	32.5	47.5
65861	5.0	30.0	40.0
65897	10.0	30.0	45.0
65933	12.5	30.0	42.5
65969	15.0	35.0	45.0
66005	7.5	37.5	47.5
66041	7.5	42.5	50.0
66077	10.0	40.0	57.5
66113	12.5	35.0	60.0
66149	20.0	32.5	50.0
66185	20.0	35.0	47.5
66221	22.5	35.0	45.0
66257	17.5	40.0	50.0
66293	12.5	35.0	37.5
66329	12.5	27.5	32.5
66365	15.0	25.0	17.5
66401	22.5	27.5	20.0
66437	25.0	32.5	27.5
66473	22.5	47.5	25.0
66509	22.5	52.5	32.5
66545	30.0	50.0	35.0
66581	25.0	55.0	35.0
66617	35.0	55.0	35.0
66653	25.0	45.0	25.0
66689	25.0	37.5	20.0
66725	20.0	22.5	15.0
66761	22.5	12.5	17.5
66797	35.0	10.0	30.0
66833	40.0	5.0	32.5
66869	42.5	7.5	30.0
66905	40.0	5.0	25.0
66941	35.0	10.0	22.5
66977	37.5	10.0	17.5
67013	32.5	15.0	20.0
67049	25.0	17.5	17.5
67085	20.0	20.0	30.0
67121	25.0	22.5	35.0
67157	27.5	15.0	40.0
67193	37.5	17.5	45.0
67229	45.0	5.0	42.5
67265	42.5	12.5	57.5
67301	40.0	12.5	57.5
67337	32.5	15.0	65.0
67373	32.5	15.0	52.5
67409	32.5	10.0	40.0
67445	30.0	7.5	35.0
67481	27.5	5.0	22.5
67517	30.0	5.0	25.0
67553	35.0	5.0	32.5
67589	30.0	7.5	32.5
67625	35.0	5.0	45.0
67661	25.0	7.5	42.5
67697	30.0	5.0	37.5
67733	32.5	5.0	35.0
67769	37.5	10.0	25.0
67805	32.5	7.5	30.0
67841	22.5	10.0	35.0
67877	20.0	12.5	37.5
67913	22.5	12.5	42.5
67949	35.0	10.0	42.5
67985	35.0	7.5	47.5
68021	37.5	5.0	40.0
68057	32.5	2.5	40.0
68093	25.0	10.0	42.5
68129	27.5	12.5	42.5
68165	22.5	10.0	40.0
68201	32.5	5.0	30.0
68237	40.0	0.0	30.0
68273	37.5	2.5	30.0
68309	35.0	2.5	40.0
68345	27.5	7.5	37.5
68381	25.0	5.0	45.0
68417	32.5	5.0	40.0
68453	35.0	5.0	50.0
68489	42.5	5.0	42.5
68525	35.0	5.0	45.0
68561	25.0	7.5	47.5
68597	27.5	12.5	47.5
68633	32.5	17.5	52.5
68669	32.5	20.0	45.0
68705	30.0	10.0	37.5
68741	35.0	12.5	42.5
68777	40.0	15.0	37.5
68813	55.0	15.0	37.5
68849	52.5	12.5	40.0
68885	40.0	5.0	35.0
68921	22.5	2.5	30.0
68957	12.5	2.5	30.0
68993	27.5	5.0	35.0
69029	35.0	5.0	32.5
69065	37.5	5.0	40.0
69101	37.5	2.5	32.5
69137	27.5	0.0	30.0
69173	32.5	5.0	40.0
69209	30.0	12.5	32.5
69245	42.5	15.0	47.5
69281	40.0	10.0	42.5
69317	40.0	5.0	47.5
69353	35.0	0.0	50.0
69389	32.5	2.5	37.5
69425	37.5	5.0	35.0
69461	42.5	5.0	42.5
69497	45.0	5.0	40.0
69533	47.5	5.0	42.5
69569	37.5	5.0	40.0
69605	40.0	7.5	35.0
69641	35.0	2.5	35.0
69677	42.5	10.0	27.5
69713	37.5	7.5	30.0
69749	37.5	7.5	37.5
69785	30.0	0.0	42.5
69821	35.0	2.5	50.0
69857	37.5	2.5	47.5
69893	42.5	7.5	50.0
69929	45.0	7.5	45.0
69965	35.0	7.5	32.5
70001	35.0	10.0	40.0
70037	32.5	10.0	42.5
70073	42.5	12.5	37.5
70109	45.0	12.5	32.5
70145	37.5	7.5	32.5
70181	22.5	2.5	30.0
70217	27.5	0.0	40.0
70253	32.5	5.0	35.0
70289	35.0	5.0	40.0
70325	37.5	5.0	32.5
70361	45.0	10.0	32.5
70397	47.5	5.0	35.0
70433	40.0	10.0	30.0
70469	22.5	12.5	25.0
70505	25.0	17.5	30.0
70541	32.5	17.5	35.0
70577	35.0	17.5	32.5
70613	35.0	12.5	30.0
70649	35.0	12.5	27.5
70685	32.5	12.5	27.5
70721	35.0	10.0	25.0
70757	32.5	12.5	25.0
70793	37.5	22.5	22.5
70829	42.5	22.5	25.0
70865	50.0	20.0	20.0
70901	45.0	12.5	25.0
70937	50.0	12.5	20.0
70973	40.0	10.0	27.5
71009	37.5	10.0	40.0
71045	40.0	5.0	37.5
71081	50.0	5.0	40.0
71117	37.5	15.0	27.5
71153	42.5	17.5	22.5
71189	30.0	22.5	15.0
71225	30.0	25.0	12.5
71261	25.0	20.0	12.5
71297	30.0	22.5	10.0
71333	25.0	20.0	10.0
71369	30.0	22.5	5.0
71405	30.0	22.5	2.5
71441	40.0	35.0	5.0
71477	37.5	45.0	7.5
71513	37.5	47.5	7.5
71549	35.0	47.5	7.5
71585	40.0	40.0	2.5
71621	45.0	25.0	2.5
71657	50.0	37.5	2.5
71693	45.0	42.5	5.0
71729	42.5	50.0	10.0
71765	42.5	57.5	15.0
71801	42.5	55.0	12.5
71837	37.5	50.0	12.5
71873	42.5	52.5	5.0
71909	40.0	47.5	5.0
71945	42.5	45.0	7.5
71981	37.5	52.5	5.0
72017	32.5	42.5	5.0
72053	32.5	42.5	5.0
72089	35.0	37.5	5.0
72125	50.0	30.0	12.5
72161	50.0	40.0	7.5
72197	50.0	27.5	10.0
72233	42.5	30.0	7.5
72269	32.5	35.0	7.5
72305	37.5	37.5	10.0
72341	42.5	37.5	7.5
72377	45.0	40.0	5.0
72413	60.0	30.0	5.0
72449	60.0	27.5	10.0
72485	60.0	27.5	12.5
72521	55.0	30.0	12.5
72557	40.0	40.0	7.5
72593	42.5	32.5	10.0
72629	47.5	35.0	15.0
72665	50.0	32.5	15.0
72701	50.0	42.5	15.0
72737	37.5	47.5	15.0
72773	35.0	37.5	12.5
72809	35.0	32.5	10.0
72845	37.5	30.0	7.5
72881	30.0	25.0	2.5
72917	32.5	25.0	7.5
72953	30.0	32.5	7.5
72989	40.0	40.0	12.5
73025	47.5	40.0	10.0
73061	50.0	40.0	10.0
73097	50.0	47.5	5.0
73133	47.5	47.5	2.5
73169	42.5	37.5	2.5
73205	32.5	30.0	5.0
73241	40.0	27.5	7.5
73277	35.0	30.0	7.5
73313	42.5	42.5	5.0
73349	42.5	40.0	5.0
73385	47.5	45.0	2.5
73421	47.5	35.0	10.0
73457	40.0	40.0	10.0
73493	32.5	42.5	7.5
73529	25.0	45.0	7.5
73565	40.0	37.5	7.5
73601	37.5	35.0	7.5
73637	40.0	42.5	5.0
73673	30.0	40.0	10.0
73709	22.5	45.0	10.0
73745	17.5	37.5	10.0
73781	17.5	25.0	15.0
73817	22.5	15.0	30.0
73853	32.5	2.5	40.0
73889	37.5	10.0	47.5
73925	47.5	10.0	47.5
73961	47.5	7.5	47.5
73997	42.5	2.5	52.5
74033	35.0	0.0	52.5
74069	30.0	0.0	45.0
74105	30.0	0.0	45.0
74141	30.0	2.5	42.5
74177	37.5	7.5	50.0
74213	42.5	7.5	45.0
74249	42.5	5.0	40.0
74285	45.0	5.0	37.5
74321	47.5	7.5	42.5
74357	50.0	12.5	45.0
74393	45.0	12.5	60.0
74429	42.5	10.0	57.5
74465	32.5	7.5	52.5
74501	32.5	7.5	50.0
74537	35.0	15.0	47.5
74573	32.5	15.0	47.5
74609	32.5	15.0	47.5
74645	32.5	12.5	45.0
74681	20.0	12.5	47.5
74717	22.5	5.0	42.5
74753	27.5	2.5	40.0
74789	35.0	2.5	40.0
74825	40.0	5.0	42.5
74861	32.5	7.5	40.0
74897	27.5	7.5	32.5
74933	22.5	10.0	27.5
74969	30.0	10.0	32.5
75005	37.5	7.5	47.5
75041	40.0	2.5	47.5
75077	35.0	5.0	45.0
75113	35.0	5.0	45.0
75149	37.5	7.5	50.0
75185	42.5	10.0	47.5
75221	35.0	10.0	42.5
75257	30.0	10.0	30.0
75293	27.5	12.5	37.5
75329	30.0	12.5	42.5
75365	40.0	10.0	45.0
75401	45.0	7.5	45.0
75437	50.0	5.0	40.0
75473	42.5	7.5	45.0
75509	42.5	10.0	42.5
75545	45.0	10.0	42.5
75581	40.0	15.0	45.0
75617	40.0	15.0	45.0
75653	35.0	22.5	47.5
75689	47.5	12.5	50.0
75725	37.5	15.0	42.5
75761	40.0	10.0	45.0
75797	32.5	5.0	37.5
75833	32.5	5.0	37.5
75869	30.0	12.5	35.0
75905	25.0	15.0	37.5
75941	27.5	15.0	47.5
75977	32.5	5.0	47.5
76013	37.5	2.5	47.5
76049	40.0	2.5	42.5
76085	42.5	0.0	40.0
76121	40.0	5.0	35.0
76157	47.5	5.0	32.5
76193	42.5	7.5	27.5
76229	45.0	10.0	30.0
76265	40.0	10.0	35.0
76301	35.0	15.0	42.5
76337	32.5	10.0	42.5
76373	32.5	10.0	42.5
76409	32.5	5.0	32.5
76445	37.5	5.0	35.0
76481	37.5	15.0	32.5
76517	45.0	12.5	40.0
76553	47.5	10.0	35.0
76589	40.0	7.5	45.0
76625	40.0	2.5	40.0
76661	45.0	7.5	45.0
76697	50.0	5.0	42.5
76733	47.5	5.0	45.0
76769	47.5	10.0	42.5
76805	45.0	7.5	37.5
76841	45.0	12.5	47.5
76877	40.0	10.0	35.0
76913	40.0	17.5	32.5
76949	32.5	15.0	30.0
76985	35.0	15.0	32.5
77021	40.0	10.0	35.0
77057	35.0	12.5	35.0
77093	37.5	7.5	30.0
77129	35.0	2.5	27.5
77165	32.5	5.0	32.5
77201	32.5	7.5	30.0
77237	37.5	7.5	27.5
77273	37.5	7.5	30.0
77309	40.0	5.0	37.5
77345	37.5	5.0	45.0
77381	42.5	5.0	45.0
77417	42.5	7.5	32.5
77453	52.5	7.5	27.5
77489	52.5	5.0	25.0
77525	50.0	7.5	30.0
77561	50.0	2.5	32.5
77597	55.0	12.5	35.0
77633	57.5	12.5	40.0
77669	50.0	20.0	32.5
77705	42.5	15.0	27.5
77741	37.5	20.0	25.0
77777	50.0	15.0	30.0
77813	50.0	12.5	37.5
77849	50.0	12.5	40.0
77885	42.5	12.5	30.0
77921	52.5	10.0	30.0
77957	57.5	10.0	32.5
77993	62.5	10.0	37.5
78029	57.5	10.0	35.0
78065	55.0	12.5	27.5
78101	47.5	15.0	30.0
78137	45.0	15.0	32.5
78173	45.0	12.5	35.0
78209	42.5	10.0	42.5
78245	40.0	12.5	37.5
78281	40.0	22.5	40.0
78317	37.5	17.5	32.5
78353	47.5	15.0	37.5
78389	52.5	10.0	37.5
78425	60.0	12.5	37.5
78461	57.5	12.5	32.5
78497	47.5	10.0	30.0
78533	47.5	7.5	25.0
78569	50.0	5.0	30.0
78605	47.5	7.5	27.5
78641	57.5	7.5	37.5
78677	52.5	12.5	35.0
78713	50.0	17.5	37.5
78749	45.0	20.0	22.5
78785	47.5	10.0	20.0
78821	47.5	10.0	15.0
78857	42.5	7.5	12.5
78893	37.5	10.0	20.0
78929	40.0	12.5	22.5
78965	45.0	27.5	32.5
79001	45.0	35.0	45.0
79037	50.0	30.0	55.0
79073	42.5	25.0	50.0
79109	30.0	20.0	40.0
79145	12.5	22.5	32.5
79181	7.5	27.5	30.0
79217	10.0	27.5	37.5
79253	10.0	27.5	37.5
79289	12.5	22.5	37.5
79325	12.5	27.5	37.5
79361	12.5	20.0	37.5
79397	5.0	25.0	30.0
79433	2.5	25.0	30.0
79469	7.5	25.0	40.0
79505	10.0	27.5	47.5
79541	20.0	22.5	45.0
79577	17.5	22.5	35.0
79613	15.0	25.0	27.5
79649	15.0	22.5	25.0
79685	20.0	27.5	22.5
79721	30.0	25.0	22.5
79757	37.5	30.0	25.0
79793	42.5	30.0	40.0
79829	57.5	25.0	47.5
79865	57.5	22.5	45.0
79901	45.0	22.5	47.5
79937	30.0	25.0	45.0
79973	32.5	22.5	45.0
80009	37.5	15.0	42.5
80045	52.5	12.5	47.5
80081	62.5	12.5	45.0
80117	57.5	7.5	52.5
80153	47.5	10.0	52.5
80189	52.5	10.0	45.0
80225	50.0	7.5	52.5
80261	52.5	15.0	42.5
80297	42.5	20.0	42.5
80333	40.0	25.0	42.5
80369	40.0	20.0	47.5
80405	42.5	15.0	55.0
80441	47.5	15.0	55.0
80477	50.0	12.5	50.0
80513	60.0	10.0	50.0
80549	60.0	10.0	52.5
80585	62.5	10.0	67.5
80621	47.5	15.0	55.0
80657	37.5	22.5	40.0
80693	32.5	32.5	17.5
80729	25.0	50.0	5.0
80765	35.0	52.5	12.5
80801	30.0	50.0	17.5
80837	25.0	52.5	20.0
80873	27.5	37.5	20.0
80909	27.5	45.0	15.0
80945	37.5	37.5	10.0
80981	32.5	35.0	10.0
81017	32.5	40.0	7.5
81053	35.0	40.0	7.5
81089	25.0	50.0	7.5
81125	30.0	52.5	10.0
81161	35.0	47.5	17.5
81197	35.0	50.0	25.0
81233	35.0	52.5	27.5
81269	27.5	50.0	40.0
81305	20.0	47.5	37.5
81341	17.5	32.5	47.5
81377	15.0	35.0	40.0
81413	25.0	37.5	35.0
81449	27.5	45.0	22.5
81485	32.5	55.0	12.5
81521	25.0	47.5	10.0
81557	22.5	50.0	17.5
81593	20.0	50.0	12.5
81629	27.5	50.0	12.5
81665	25.0	55.0	17.5
81701	35.0	50.0	17.5
81737	22.5	57.5	22.5
81773	20.0	57.5	20.0
81809	25.0	62.5	15.0
81845	25.0	57.5	12.5
81881	37.5	55.0	7.5
81917	37.5	55.0	5.0
81953	40.0	57.5	7.5
81989	27.5	55.0	7.5
82025	22.5	47.5	12.5
82061	22.5	45.0	10.0
82097	32.5	37.5	15.0
82133	45.0	42.5	15.0
82169	40.0	37.5	17.5
82205	45.0	37.5	10.0
82241	42.5	42.5	7.5
82277	45.0	45.0	2.5
82313	32.5	42.5	5.0
82349	30.0	42.5	7.5
82385	47.5	40.0	7.5
82421	52.5	45.0	7.5
82457	52.5	37.5	7.5
82493	37.5	40.0	10.0
82529	32.5	35.0	17.5
82565	40.0	25.0	25.0
82601	47.5	25.0	40.0
82637	47.5	17.5	42.5
82673	57.5	17.5	47.5
82709	52.5	17.5	32.5
82745	52.5	20.0	37.5
82781	52.5	12.5	45.0
82817	55.0	12.5	42.5
82853	52.5	22.5	32.5
82889	52.5	25.0	27.5
82925	47.5	22.5	35.0
82961	57.5	20.0	35.0
82997	55.0	22.5	35.0
83033	60.0	20.0	35.0
83069	52.5	15.0	32.5
83105	45.0	17.5	30.0
83141	47.5	20.0	35.0
83177	50.0	17.5	42.5
83213	42.5	20.0	37.5
83249	42.5	25.0	30.0
83285	37.5	27.5	37.5
83321	42.5	22.5	30.0
83357	45.0	17.5	35.0
83393	47.5	15.0	35.0
83429	40.0	15.0	47.5
83465	37.5	25.0	47.5
83501	37.5	17.5	45.0
83537	52.5	12.5	45.0
83573	60.0	10.0	42.5
83609	62.5	15.0	42.5
83645	62.5	12.5	42.5
83681	52.5	12.5	45.0
83717	50.0	15.0	40.0
83753	47.5	20.0	45.0
83789	52.5	20.0	40.0
83825	55.0	17.5	45.0
83861	57.5	17.5	37.5
83897	47.5	22.5	37.5
83933	45.0	22.5	32.5
83969	35.0	22.5	30.0
84005	22.5	15.0	32.5
84041	7.5	22.5	25.0
84077	10.0	27.5	37.5
84113	12.5	32.5	37.5
84149	7.5	42.5	50.0
84185	2.5	32.5	50.0
84221	10.0	32.5	52.5
84257	17.5	25.0	50.0
84293	27.5	27.5	47.5
84329	20.0	37.5	50.0
84365	17.5	37.5	47.5
84401	5.0	45.0	65.0
84437	7.5	47.5	70.0
84473	10.0	40.0	62.5
84509	7.5	42.5	62.5
84545	5.0	32.5	52.5
84581	10.0	35.0	50.0
84617	17.5	25.0	47.5
84653	20.0	22.5	50.0
84689	15.0	22.5	52.5
84725	10.0	32.5	47.5
84761	7.5	32.5	50.0
84797	7.5	35.0	47.5
84833	2.5	32.5	55.0
84869	5.0	27.5	47.5
84905	10.0	20.0	52.5
84941	12.5	20.0	57.5
84977	12.5	22.5	60.0
85013	10.0	27.5	62.5
85049	17.5	32.5	67.5
85085	22.5	37.5	65.0
85121	22.5	40.0	60.0
85157	20.0	32.5	57.5
85193	12.5	35.0	60.0
85229	12.5	37.5	55.0
85265	10.0	27.5	47.5
85301	12.5	20.0	37.5
85337	22.5	10.0	30.0
85373	32.5	17.5	22.5
85409	32.5	15.0	27.5
85445	32.5	20.0	30.0
85481	40.0	20.0	30.0
85517	42.5	20.0	27.5
85553	47.5	37.5	27.5
85589	37.5	40.0	32.5
85625	30.0	45.0	27.5
85661	17.5	37.5	40.0
85697	7.5	35.0	40.0
85733	7.5	42.5	42.5
85769	7.5	45.0	45.0
85805	15.0	37.5	45.0
85841	12.5	30.0	47.5
85877	12.5	30.0	50.0
85913	7.5	25.0	55.0
85949	2.5	25.0	55.0
85985	12.5	15.0	57.5
86021	17.5	17.5	55.0
86057	20.0	20.0	47.5
86093	15.0	32.5	50.0
86129	17.5	40.0	52.5
86165	20.0	32.5	52.5
86201	17.5	27.5	47.5
86237	12.5	25.0	42.5
86273	12.5	35.0	37.5
86309	10.0	40.0	42.5
86345	12.5	37.5	35.0
86381	15.0	40.0	37.5
86417	12.5	42.5	45.0
86453	12.5	50.0	55.0
86489	10.0	37.5	57.5
86525	15.0	30.0	47.5
86561	10.0	27.5	40.0
86597	12.5	30.0	42.5
86633	7.5	37.5	50.0
86669	20.0	30.0	45.0
86705	20.0	25.0	37.5
86741	20.0	22.5	37.5
86777	17.5	27.5	47.5
86813	17.5	32.5	60.0
86849	22.5	40.0	52.5
86885	17.5	37.5	50.0
86921	15.0	32.5	40.0
86957	7.5	22.5	42.5
86993	5.0	27.5	50.0
87029	7.5	35.0	52.5
87065	7.5	40.0	47.5
87101	10.0	37.5	50.0
87137	10.0	27.5	42.5
87173	12.5	30.0	35.0
87209	17.5	27.5	32.5
87245	20.0	20.0	37.5
87281	20.0	27.5	42.5
87317	15.0	20.0	60.0
87353	10.0	30.0	55.0
87389	7.5	32.5	50.0
87425	10.0	40.0	47.5
87461	10.0	30.0	47.5
87497	15.0	30.0	55.0
87533	12.5	17.5	57.5
87569	15.0	20.0	62.5
87605	5.0	22.5	65.0
87641	5.0	25.0	75.0
87677	0.0	25.0	67.5
87713	2.5	25.0	65.0
87749	2.5	25.0	60.0
87785	7.5	25.0	60.0
87821	10.0	27.5	55.0
87857	12.5	30.0	45.0
87893	15.0	30.0	42.5
87929	10.0	32.5	47.5
87965	7.5	32.5	55.0
88001	12.5	40.0	52.5
88037	15.0	45.0	45.0
88073	15.0	35.0	40.0
88109	12.5	30.0	35.0
88145	15.0	25.0	35.0
88181	12.5	27.5	40.0
88217	12.5	30.0	55.0
88253	15.0	30.0	57.5
88289	15.0	32.5	55.0
88325	17.5	32.5	52.5
88361	17.5	27.5	55.0
88397	12.5	32.5	52.5
88433	15.0	32.5	52.5
88469	10.0	30.0	55.0
88505	15.0	30.0	45.0
88541	15.0	35.0	47.5
88577	12.5	35.0	40.0
88613	10.0	42.5	52.5
88649	7.5	37.5	45.0
88685	10.0	37.5	45.0
88721	5.0	30.0	35.0
88757	7.5	32.5	40.0
88793	5.0	32.5	45.0
88829	10.0	42.5	42.5
88865	10.0	45.0	57.5
88901	7.5	30.0	45.0
88937	5.0	37.5	55.0
88973	2.5	27.5	47.5
89009	5.0	30.0	47.5
89045	10.0	30.0	55.0
89081	15.0	37.5	50.0
89117	17.5	45.0	47.5
89153	15.0	37.5	30.0
89189	10.0	37.5	37.5
89225	7.5	32.5	40.0
89261	15.0	32.5	62.5
89297	15.0	40.0	57.5
89333	15.0	40.0	55.0
89369	15.0	45.0	47.5
89405	10.0	45.0	47.5
89441	10.0	50.0	50.0
89477	15.0	52.5	50.0
89513	22.5	47.5	50.0
89549	22.5	42.5	52.5
89585	20.0	37.5	42.5
89621	7.5	47.5	42.5
89657	7.5	50.0	52.5
89693	12.5	47.5	47.5
89729	20.0	35.0	45.0
89765	17.5	30.0	45.0
89801	17.5	30.0	47.5
89837	17.5	32.5	50.0
89873	10.0	35.0	50.0
89909	15.0	32.5	42.5
89945	17.5	35.0	42.5
89981	20.0	25.0	45.0
90017	20.0	35.0	47.5
90053	10.0	35.0	50.0
90089	5.0	37.5	47.5
90125	7.5	40.0	40.0
90161	7.5	45.0	45.0
90197	12.5	40.0	45.0
90233	10.0	37.5	47.5
90269	10.0	32.5	45.0
90305	5.0	32.5	47.5
90341	10.0	32.5	45.0
90377	7.5	30.0	47.5
90413	10.0	22.5	42.5
90449	22.5	15.0	37.5