# BASE VAL1 VAL2
# color 0:255:0 0:0:255 100:100:100
17	33.75	25.0	25.0
53	31.25	26.875	26.875
89	31.875	26.25	26.25
125	30.625	25.625	30.0
161	30.0	26.875	29.375
197	31.875	28.125	30.625
233	30.625	28.125	30.625
269	31.875	26.875	28.125
305	34.375	22.5	25.625
341	36.25	20.0	27.5
377	36.875	20.0	29.375
413	40.625	19.375	30.625
449	43.125	16.25	33.125
485	43.125	12.5	34.375
521	46.875	10.0	33.125
557	46.875	10.0	35.625
593	46.25	10.625	34.375
629	46.875	8.75	34.375
665	43.75	8.75	35.625
701	42.5	8.75	33.125
737	41.25	10.0	30.625
773	40.0	13.125	31.25
809	36.25	15.625	29.375
845	36.25	15.625	29.375
881	30.625	17.5	26.25
917	32.5	18.125	26.25
953	33.125	17.5	23.75
989	32.5	19.375	22.5
1025	32.5	20.0	23.125
1061	34.375	20.0	23.75
1097	36.25	19.375	24.375
1133	36.875	20.625	23.125
1169	37.5	20.625	23.75
1205	41.875	18.75	26.25
1241	44.375	16.25	28.75
1277	45.625	12.5	30.0
1313	45.625	12.5	31.25
1349	46.875	9.375	31.875
1385	48.125	8.75	32.5
1421	45.625	9.375	32.5
1457	47.5	6.875	33.125
1493	46.875	7.5	33.125
1529	46.875	7.5	33.125
1565	46.25	8.75	31.875
1601	44.375	8.75	31.25
1637	46.25	8.125	30.625
1673	43.75	8.75	30.0
1709	41.875	8.125	30.625
1745	41.875	8.75	30.0
1781	42.5	8.75	30.0
1817	42.5	9.375	31.25
1853	40.0	10.625	29.375
1889	38.125	12.5	26.875
1925	35.625	15.625	28.125
1961	33.125	17.5	32.5
1997	30.625	21.25	33.75
2033	27.5	21.875	34.375
2069	25.0	23.125	38.75
2105	21.875	24.375	38.75
2141	18.75	26.875	40.625
2177	17.5	28.125	41.875
2213	15.0	30.625	43.75
2249	11.875	33.75	46.25
2285	10.625	34.375	47.5
2321	10.0	36.25	51.25
2357	10.0	38.125	54.375
2393	10.625	38.75	57.5
2429	10.0	37.5	55.0
2465	10.0	36.875	55.0
2501	9.375	36.25	55.0
2537	10.0	36.875	53.125
2573	9.375	36.25	53.75
2609	12.5	35.0	51.25
2645	14.375	33.125	50.0
2681	15.0	32.5	49.375
2717	16.875	28.75	47.5
2753	18.75	27.5	47.5
2789	20.625	24.375	45.625
2825	21.875	23.125	43.75
2861	24.375	20.0	42.5
2897	27.5	17.5	41.25
2933	32.5	15.0	42.5
2969	35.0	13.125	38.75
3005	38.125	12.5	38.125
3041	42.5	10.625	36.875
3077	45.0	11.25	36.875
3113	41.875	11.875	38.75
3149	41.875	13.75	39.375
3185	40.0	16.875	40.625
3221	37.5	18.75	40.625
3257	34.375	22.5	39.375
3293	32.5	25.0	40.625
3329	28.75	28.125	41.25
3365	28.75	30.0	40.625
3401	25.625	31.875	39.375
3437	21.875	33.125	41.25
3473	18.75	35.0	43.125
3509	16.875	36.25	44.375
3545	13.75	38.75	44.375
3581	12.5	38.125	45.625
3617	11.875	36.875	46.875
3653	11.25	34.375	44.375
3689	11.25	33.75	44.375
3725	11.875	31.25	42.5
3761	14.375	30.0	42.5
3797	14.375	28.75	39.375
3833	14.375	28.125	35.0
3869	15.625	26.875	35.0
3905	17.5	26.25	34.375
3941	19.375	23.75	31.875
3977	20.0	24.375	30.625
4013	21.875	23.125	29.375
4049	23.75	21.875	28.75
4085	26.875	22.5	24.375
4121	30.625	23.125	23.75
4157	34.375	24.375	23.125
4193	36.875	25.0	21.875
4229	38.125	25.625	20.0
4265	36.875	25.625	22.5
4301	36.875	23.75	23.125
4337	37.5	22.5	22.5
4373	35.0	25.0	24.375
4409	35.0	26.875	25.625
4445	35.625	26.875	24.375
4481	33.75	25.0	26.25
4517	31.25	24.375	26.875
4553	31.25	21.875	28.75
4589	30.0	21.25	28.125
4625	28.125	18.125	28.75
4661	26.875	15.625	31.25
4697	26.875	13.75	35.0
4733	25.625	10.625	36.25
4769	25.625	10.625	37.5
4805	26.25	10.0	39.375
4841	26.875	8.75	39.375
4877	26.875	5.625	40.625
4913	28.125	6.25	41.25
4949	31.25	5.0	42.5
4985	35.0	4.375	40.625
5021	35.625	6.875	38.75
5057	33.75	9.375	36.875
5093	33.75	10.625	33.75
5129	35.625	12.5	35.0
5165	35.0	17.5	31.875
5201	35.0	21.25	30.625
5237	36.25	21.875	28.125
5273	33.125	23.125	28.125
5309	30.625	26.25	28.125
5345	30.625	28.125	28.75
5381	30.0	30.0	29.375
5417	26.25	33.125	29.375
5453	23.75	35.625	27.5
5489	20.625	35.0	30.0
5525	22.5	31.875	33.125
5561	21.25	33.125	35.625
5597	19.375	33.75	35.0
5633	16.875	30.625	34.375
5669	18.125	27.5	32.5
5705	17.5	27.5	35.0
5741	19.375	25.625	36.25
5777	21.25	24.375	36.25
5813	20.625	22.5	35.0
5849	20.0	21.875	31.25
5885	21.875	20.625	31.25
5921	23.75	18.75	35.0
5957	23.75	20.625	35.0
5993	23.125	21.25	35.625
6029	22.5	21.25	36.25
6065	25.0	20.625	39.375
6101	26.25	18.125	43.125
6137	28.75	18.125	45.0
6173	30.625	17.5	45.625
6209	30.0	18.75	47.5
6245	29.375	19.375	47.5
6281	30.625	18.75	48.125
6317	33.75	19.375	53.125
6353	35.625	19.375	55.0
6389	36.875	19.375	53.75
6425	36.875	20.625	54.375
6461	37.5	23.75	52.5
6497	38.125	23.125	52.5
6533	38.75	23.75	51.875
6569	38.125	25.625	49.375
6605	37.5	28.125	44.375
6641	36.25	29.375	42.5
6677	36.25	30.625	38.75
6713	36.875	30.625	37.5
6749	35.0	31.875	36.25
6785	36.25	31.875	31.875
6821	35.0	30.625	29.375
6857	33.125	31.25	26.875
6893	31.875	30.625	25.625
6929	30.625	27.5	25.0
6965	30.0	28.125	23.125
7001	26.25	29.375	20.625
7037	25.625	30.0	20.0
7073	30.0	27.5	21.875
7109	28.125	30.0	25.0
7145	26.875	30.625	25.625
7181	25.625	30.625	28.125
7217	25.0	30.625	26.25
7253	22.5	31.25	29.375
7289	20.625	31.25	32.5
7325	25.0	30.625	31.875
7361	31.25	29.375	30.0
7397	31.875	31.25	29.375
7433	34.375	33.125	28.125
7469	36.25	30.0	28.75
7505	38.125	28.75	29.375
7541	36.25	28.125	28.125
7577	36.875	28.125	28.75
7613	40.625	25.625	30.0
7649	43.75	23.75	31.25
7685	44.375	21.875	31.875
7721	45.625	22.5	32.5
7757	45.0	23.125	28.125
7793	44.375	23.75	27.5
7829	38.75	26.875	28.75
7865	36.25	25.0	30.625
7901	33.75	22.5	32.5
7937	31.25	25.0	30.625
7973	28.75	26.875	30.625
8009	28.125	26.25	30.0
8045	24.375	27.5	28.125
8081	22.5	26.875	25.0
8117	20.625	25.625	21.25
8153	17.5	30.0	18.125
8189	17.5	31.25	17.5
8225	16.875	31.25	21.875
8261	14.375	31.25	22.5
8297	15.625	31.25	20.625
8333	16.875	31.25	19.375
8369	17.5	31.875	19.375
8405	20.625	30.0	18.125
8441	22.5	31.25	16.875
8477	24.375	30.625	16.25
8513	26.875	33.125	16.875
8549	29.375	35.625	18.125
8585	31.25	35.0	16.875
8621	33.125	35.0	18.125
8657	34.375	33.75	16.875
8693	35.625	31.875	14.375
8729	39.375	31.875	13.125
8765	38.75	30.0	12.5
8801	38.125	29.375	13.75
8837	36.25	28.125	13.125
8873	36.25	28.75	13.75
8909	36.875	26.25	18.125
8945	36.25	24.375	20.625
8981	35.0	22.5	23.75
9017	35.0	18.125	25.0
9053	33.75	16.875	28.75
9089	32.5	15.0	28.125
9125	32.5	13.125	27.5
9161	30.625	13.75	29.375
9197	26.875	13.125	31.25
9233	26.875	15.625	32.5
9269	24.375	17.5	35.0
9305	24.375	18.125	32.5
9341	24.375	20.0	32.5
9377	26.25	21.25	28.125
9413	26.25	21.25	25.625
9449	25.625	22.5	22.5
9485	25.625	25.0	21.25
9521	23.125	26.25	18.125
9557	25.0	28.125	16.25
9593	25.0	30.0	16.25
9629	25.625	28.75	15.0
9665	26.875	27.5	14.375
9701	28.125	23.75	15.0
9737	29.375	23.75	14.375
9773	31.875	22.5	13.125
9809	33.75	20.0	15.0
9845	31.25	16.875	17.5
9881	28.125	17.5	20.625
9917	27.5	15.625	21.25
9953	27.5	13.75	22.5
9989	28.125	13.75	23.125
10025	25.0	12.5	25.625
10061	23.75	15.0	26.875
10097	23.125	16.25	26.25
10133	21.875	20.625	28.125
10169	20.0	23.75	25.625
10205	18.75	23.125	25.0
10241	22.5	23.75	23.125
10277	23.125	25.625	23.125
10313	24.375	25.625	20.0
10349	25.625	27.5	16.875
10385	28.75	26.875	16.25
10421	31.25	27.5	15.625
10457	31.875	27.5	14.375
10493	35.0	29.375	12.5
10529	34.375	28.75	11.875
10565	38.125	27.5	10.625
10601	41.25	26.25	7.5
10637	44.375	24.375	6.875
10673	46.25	24.375	6.25
10709	45.0	25.625	6.875
10745	43.75	26.875	5.625
10781	41.875	29.375	8.125
10817	40.0	30.625	11.25
10853	36.875	29.375	12.5
10889	34.375	28.75	13.125
10925	35.0	31.25	15.625
10961	34.375	31.875	17.5
10997	34.375	33.75	19.375
11033	33.125	33.125	20.625
11069	30.0	30.625	23.125
11105	25.625	29.375	24.375
11141	24.375	30.0	25.625
11177	21.25	28.125	28.125
11213	20.0	28.75	27.5
11249	18.75	27.5	26.25
11285	17.5	27.5	26.875
11321	16.25	30.0	26.25
11357	15.625	32.5	26.875
11393	14.375	33.75	24.375
11429	13.75	33.75	23.75
11465	11.875	30.625	26.25
11501	12.5	30.625	25.625
11537	14.375	30.0	26.25
11573	16.875	28.75	29.375
11609	20.0	30.625	30.625
11645	20.625	30.625	28.75
11681	23.125	29.375	29.375
11717	26.875	31.875	28.75
11753	29.375	32.5	26.875
11789	33.75	31.25	26.25
11825	36.875	30.625	23.75
11861	38.75	31.25	22.5
11897	40.0	29.375	22.5
11933	41.25	30.0	20.625
11969	41.25	31.875	21.25
12005	40.625	34.375	21.875
12041	38.125	34.375	18.125
12077	38.75	31.875	16.875
12113	38.125	31.25	17.5
12149	37.5	30.625	20.0
12185	36.875	29.375	20.625
12221	36.875	30.625	21.25
12257	34.375	32.5	21.25
12293	31.875	30.625	21.25
12329	30.0	31.875	20.625
12365	29.375	31.25	23.75
12401	29.375	29.375	24.375
12437	31.875	28.125	21.25
12473	31.25	26.875	19.375
12509	34.375	29.375	18.75
12545	35.0	31.875	18.75
12581	36.875	32.5	16.25
12617	36.875	32.5	14.375
12653	36.25	33.75	12.5
12689	36.875	32.5	11.25
12725	35.0	30.625	11.25
12761	33.75	31.875	11.25
12797	31.875	33.75	13.125
12833	30.0	35.0	12.5
12869	28.75	35.625	12.5
12905	28.125	36.875	15.625
12941	28.75	35.625	18.125
12977	25.0	35.625	21.25
13013	23.125	35.0	21.875
13049	18.75	35.0	23.125
13085	17.5	35.625	25.625
13121	16.875	36.25	26.25
13157	13.75	34.375	28.75
13193	16.25	35.625	28.75
13229	19.375	33.75	28.75
13265	22.5	30.625	27.5
13301	24.375	31.25	25.625
13337	25.625	31.875	25.0
13373	28.125	34.375	22.5
13409	27.5	34.375	19.375
13445	29.375	30.625	16.875
13481	31.25	31.25	15.625
13517	35.0	28.75	14.375
13553	36.875	31.25	12.5
13589	34.375	33.125	14.375
13625	33.75	36.25	15.0
13661	31.875	38.125	18.75
13697	26.875	38.75	19.375
13733	24.375	40.625	23.125
13769	22.5	43.125	25.625
13805	20.625	41.875	28.125
13841	17.5	43.125	28.75
13877	15.0	45.0	31.25
13913	13.75	46.25	30.625
13949	10.625	48.125	33.125
13985	8.125	50.625	35.625
14021	6.25	52.5	37.5
14057	6.25	51.25	40.625
14093	6.25	51.25	41.25
14129	6.25	49.375	38.75
14165	6.875	49.375	36.25
14201	6.875	49.375	36.25
14237	7.5	45.625	35.0
14273	8.125	46.875	33.75
14309	8.75	45.0	35.0
14345	9.375	42.5	36.875
14381	8.125	42.5	38.125
14417	7.5	41.875	38.125
14453	7.5	41.25	38.125
14489	6.875	40.625	36.25
14525	6.875	40.625	33.75
14561	6.875	38.75	35.0
14597	6.875	38.125	33.125
14633	7.5	38.75	33.125
14669	6.25	38.125	35.0
14705	6.25	38.125	33.75
14741	5.625	37.5	33.75
14777	6.875	36.875	33.125
14813	7.5	37.5	33.75
14849	7.5	38.75	31.875
14885	6.875	38.125	32.5
14921	6.875	38.75	33.125
14957	7.5	40.0	34.375
14993	9.375	37.5	33.125
15029	12.5	34.375	31.25
15065	15.0	31.25	33.75
15101	16.25	28.75	34.375
15137	17.5	26.25	32.5
15173	18.75	25.0	31.25
15209	21.875	22.5	34.375
15245	22.5	23.125	33.75
15281	23.125	23.125	33.125
15317	24.375	23.75	33.75
15353	25.0	22.5	32.5
15389	24.375	20.0	31.25
15425	24.375	18.75	28.125
15461	23.125	20.0	27.5
15497	21.25	21.25	28.125
15533	21.875	22.5	25.625
15569	21.875	24.375	25.0
15605	23.75	25.625	24.375
15641	28.75	28.75	22.5
15677	27.5	31.25	18.75
15713	28.125	30.0	16.875
15749	29.375	27.5	16.25
15785	29.375	26.25	15.0
15821	29.375	26.25	15.625
15857	31.875	25.625	15.625
15893	34.375	28.125	15.0
15929	37.5	28.75	14.375
15965	40.0	28.125	13.125
16001	40.0	27.5	13.75
16037	38.75	28.125	11.875
16073	40.0	28.125	12.5
16109	39.375	28.125	12.5
16145	36.25	28.75	15.0
16181	36.875	28.125	15.625
16217	37.5	26.875	16.25
16253	40.0	27.5	15.625
16289	40.0	27.5	14.375
16325	40.625	29.375	13.75
16361	40.0	29.375	14.375
16397	39.375	29.375	13.125
16433	40.625	28.125	13.125
16469	40.0	28.75	13.125
16505	41.25	27.5	13.75
16541	41.875	27.5	12.5
16577	40.625	29.375	13.125
16613	41.25	28.125	13.125
16649	43.125	27.5	11.875
16685	42.5	29.375	11.25
16721	40.0	30.625	11.875
16757	42.5	30.0	11.875
16793	43.125	30.0	10.0
16829	45.0	30.625	11.25
16865	46.25	31.25	11.25
16901	45.0	31.25	12.5
16937	45.0	30.0	13.125
16973	47.5	31.25	11.25
17009	45.625	33.125	11.25
17045	47.5	32.5	11.25
17081	48.75	30.625	11.875
17117	50.625	31.875	10.625
17153	50.0	32.5	10.625
17189	49.375	31.875	11.25
17225	48.75	32.5	11.25
17261	48.125	32.5	11.25
17297	44.375	31.875	12.5
17333	45.625	31.25	12.5
17369	46.875	30.0	10.625
17405	46.875	31.25	11.875
17441	43.75	33.125	11.875
17477	45.0	31.875	11.25
17513	41.875	34.375	11.25
17549	41.875	34.375	10.625
17585	38.75	34.375	11.25
17621	40.0	32.5	11.25
17657	38.125	33.125	10.625
17693	38.125	33.125	10.625
17729	38.75	32.5	11.25
17765	40.0	30.625	11.25
17801	39.375	29.375	10.625
17837	38.75	29.375	15.0
17873	36.875	27.5	16.875
17909	36.875	24.375	20.0
17945	36.25	24.375	21.25
17981	37.5	22.5	21.875
18017	35.625	20.0	25.625
18053	36.25	18.75	26.875
18089	36.25	18.125	28.125
18125	35.625	16.875	30.0
18161	35.625	14.375	30.625
18197	33.125	14.375	33.125
18233	32.5	13.125	35.0
18269	31.875	13.125	37.5
18305	32.5	13.75	36.875
18341	31.25	14.375	38.125
18377	31.25	14.375	36.875
18413	31.875	12.5	37.5
18449	31.875	11.25	37.5
18485	33.125	11.25	40.0
18521	33.125	12.5	38.75
18557	31.875	15.0	38.125
18593	32.5	14.375	40.625
18629	33.125	13.125	45.0
18665	32.5	13.75	45.625
18701	30.625	15.0	44.375
18737	30.625	15.625	45.625
18773	31.25	14.375	45.0
18809	30.0	12.5	43.75
18845	31.875	11.875	42.5
18881	31.25	12.5	46.25
18917	33.125	14.375	47.5
18953	30.0	15.625	46.875
18989	28.75	14.375	46.25
19025	30.0	11.875	46.875
19061	28.75	13.125	45.625
19097	30.0	13.125	45.0
19133	31.25	15.0	43.75
19169	32.5	13.125	42.5
19205	30.625	15.0	39.375
19241	30.625	18.125	36.875
19277	30.0	20.625	33.75
19313	30.0	20.625	31.25
19349	30.625	23.125	26.875
19385	28.75	25.625	23.75
19421	30.625	24.375	20.0
19457	28.75	25.625	18.125
19493	29.375	26.25	17.5
19529	28.125	27.5	13.75
19565	26.25	28.125	10.0
19601	26.25	25.625	6.875
19637	29.375	29.375	5.0
19673	28.125	31.25	5.0
19709	27.5	31.25	5.625
19745	27.5	29.375	6.25
19781	26.25	30.0	9.375
19817	25.0	32.5	11.875
19853	25.625	30.0	16.875
19889	26.25	30.0	18.75
19925	25.625	33.75	21.25
19961	26.875	33.125	22.5
19997	27.5	31.875	25.625
20033	27.5	30.625	26.875
20069	26.875	32.5	30.625
20105	26.875	30.625	34.375
20141	25.0	26.875	36.875
20177	26.25	25.0	38.75
20213	26.25	25.625	40.625
20249	24.375	26.25	43.125
20285	25.0	21.875	42.5
20321	24.375	20.0	41.25
20357	25.625	21.25	40.625
20393	26.875	18.75	41.875
20429	25.625	18.125	42.5
20465	25.625	18.75	42.5
20501	26.875	20.0	41.875
20537	28.125	18.75	43.125
20573	28.125	18.125	43.125
20609	30.0	18.75	41.875
20645	30.0	18.75	44.375
20681	31.25	16.875	45.0
20717	33.125	16.25	41.875
20753	33.125	16.875	45.0
20789	34.375	17.5	45.0
20825	35.0	15.0	46.875
20861	34.375	13.75	48.125
20897	32.5	15.0	46.875
20933	34.375	15.0	46.875
20969	35.625	13.125	47.5
21005	36.875	12.5	48.75
21041	36.875	13.75	48.125
21077	37.5	13.125	48.75
21113	35.0	13.125	48.125
21149	35.0	11.25	46.25
21185	33.75	11.25	44.375
21221	35.625	11.25	44.375
21257	35.0	12.5	42.5
21293	35.625	12.5	40.625
21329	36.875	14.375	41.875
21365	36.25	15.0	40.625
21401	35.0	15.0	43.125
21437	34.375	16.25	46.25
21473	33.75	16.25	45.625
21509	34.375	16.25	46.25
21545	35.0	16.875	48.125
21581	35.0	20.625	48.75
21617	36.25	21.25	51.25
21653	37.5	22.5	55.625
21689	35.0	23.125	56.875
21725	34.375	23.125	58.125
21761	35.625	22.5	58.125
21797	35.0	21.25	56.25
21833	36.25	22.5	57.5
21869	35.625	24.375	54.375
21905	36.25	24.375	52.5
21941	34.375	26.25	51.25
21977	33.75	25.0	53.75
22013	32.5	26.875	48.75
22049	33.75	25.0	46.25
22085	33.125	24.375	43.125
22121	30.625	27.5	40.0
22157	30.625	28.75	34.375
22193	32.5	28.125	31.25
22229	33.125	30.625	30.0
22265	32.5	33.125	26.875
22301	33.75	33.125	25.625
22337	35.0	32.5	23.75
22373	37.5	33.75	21.25
22409	37.5	34.375	18.125
22445	39.375	35.625	13.75
22481	39.375	35.0	13.75
22517	43.75	36.25	13.125
22553	44.375	38.125	13.125
22589	45.625	35.625	13.75
22625	50.0	33.125	13.75
22661	53.125	31.875	12.5
22697	53.125	32.5	14.375
22733	54.375	29.375	13.75
22769	54.375	29.375	13.75
22805	55.0	28.75	13.125
22841	54.375	30.625	15.625
22877	55.0	29.375	16.25
22913	55.0	28.75	16.875
22949	56.875	28.75	17.5
22985	54.375	26.875	18.125
23021	53.125	27.5	19.375
23057	55.625	32.5	17.5
23093	56.875	36.875	17.5
23129	56.25	41.25	17.5
23165	53.75	40.625	19.375
23201	53.125	43.125	18.125
23237	51.25	42.5	18.75
23273	51.25	41.25	17.5
23309	50.625	41.25	16.25
23345	49.375	40.625	15.625
23381	49.375	41.875	15.0
23417	49.375	41.875	14.375
23453	50.0	43.75	15.0
23489	50.625	42.5	12.5
23525	46.25	38.75	11.875
23561	43.125	35.625	10.625
23597	41.25	31.875	11.25
23633	40.625	31.25	11.25
23669	41.875	31.25	10.625
23705	41.875	31.25	11.25
23741	41.25	31.25	11.875
23777	41.25	30.0	11.25
23813	43.125	30.625	10.625
23849	43.75	29.375	10.0
23885	43.125	28.75	10.0
23921	41.875	28.125	9.375
23957	41.25	30.625	8.75
23993	41.875	30.0	9.375
24029	41.875	31.25	11.25
24065	43.75	31.25	13.75
24101	42.5	32.5	13.125
24137	42.5	31.875	11.25
24173	41.875	30.0	11.25
24209	43.75	30.625	10.625
24245	41.25	30.0	11.25
24281	42.5	30.0	11.25
24317	43.125	28.75	11.875
24353	42.5	28.75	12.5
24389	41.25	28.125	11.875
24425	39.375	28.125	13.125
24461	36.25	29.375	16.25
24497	36.25	31.25	15.625
24533	32.5	32.5	13.75
24569	30.0	33.125	16.25
24605	27.5	36.875	17.5
24641	25.0	40.0	18.125
24677	21.875	41.25	17.5
24713	19.375	42.5	19.375
24749	18.125	43.75	22.5
24785	15.0	43.125	23.75
24821	11.875	46.25	24.375
24857	11.25	45.625	25.625
24893	14.375	43.125	25.625
24929	17.5	41.875	24.375
24965	18.75	41.25	23.75
25001	20.625	39.375	24.375
25037	23.125	40.0	21.875
25073	25.625	35.625	20.0
25109	29.375	32.5	20.625
25145	31.25	31.25	22.5
25181	34.375	31.25	20.0
25217	34.375	30.0	16.875
25253	38.125	31.875	15.0
25289	40.625	31.25	12.5
25325	41.25	31.25	13.125
25361	41.25	31.25	15.0
25397	39.375	29.375	18.125
25433	40.0	29.375	19.375
25469	38.75	28.125	22.5
25505	38.125	25.0	26.25
25541	37.5	23.125	30.625
25577	34.375	23.75	31.875
25613	36.25	22.5	33.75
25649	34.375	21.875	36.25
25685	35.625	20.0	38.75
25721	35.625	16.25	41.875
25757	35.625	14.375	45.625
25793	35.625	11.875	48.75
25829	31.875	13.125	46.25
25865	32.5	11.875	47.5
25901	31.875	13.125	49.375
25937	31.25	12.5	48.75
25973	31.875	12.5	46.875
26009	30.625	13.125	45.625
26045	33.125	12.5	46.25
26081	31.875	12.5	45.0
26117	33.125	10.0	45.625
26153	33.125	10.625	44.375
26189	31.25	10.625	47.5
26225	33.125	10.0	46.875
26261	31.25	11.25	45.0
26297	32.5	8.75	46.25
26333	33.125	8.75	43.125
26369	33.125	8.125	43.75
26405	32.5	6.875	44.375
26441	32.5	8.125	43.75
26477	34.375	8.75	45.0
26513	31.25	8.75	43.125
26549	30.0	8.75	43.75
26585	30.0	8.75	43.75
26621	28.75	9.375	42.5
26657	28.75	8.125	41.875
26693	29.375	8.125	41.25
26729	30.0	7.5	40.0
26765	28.75	8.125	39.375
26801	27.5	8.75	40.0
26837	28.125	8.75	41.25
26873	26.875	9.375	40.0
26909	27.5	9.375	40.625
26945	27.5	11.25	39.375
26981	26.25	15.625	40.625
27017	26.875	16.875	43.75
27053	28.75	19.375	41.875
27089	27.5	21.25	41.875
27125	28.125	21.875	40.0
27161	28.125	23.125	41.25
27197	25.625	23.75	40.0
27233	25.0	25.0	37.5
27269	26.875	24.375	36.25
27305	25.0	25.0	35.625
27341	25.625	28.75	34.375
27377	22.5	28.75	33.125
27413	21.25	31.25	31.875
27449	20.0	28.125	28.125
27485	19.375	28.75	27.5
27521	17.5	28.125	26.25
27557	16.875	26.25	28.75
27593	15.625	28.125	29.375
27629	13.125	31.25	25.625
27665	11.875	35.0	24.375
27701	10.0	36.875	25.625
27737	9.375	38.125	27.5
27773	9.375	39.375	25.625
27809	9.375	37.5	26.25
27845	10.0	38.125	25.625
27881	10.0	36.25	26.25
27917	9.375	37.5	26.875
27953	9.375	37.5	26.25
27989	10.0	36.875	26.25
28025	8.75	37.5	26.875
28061	9.375	39.375	24.375
28097	8.125	38.75	24.375
28133	8.75	36.25	29.375
28169	9.375	37.5	30.625
28205	9.375	38.75	31.25
28241	8.75	38.125	31.875
28277	9.375	38.75	33.75
28313	8.75	39.375	35.625
28349	8.75	39.375	33.75
28385	8.75	40.0	32.5
28421	8.75	40.625	36.25
28457	6.875	41.875	36.875
28493	7.5	41.875	35.0
28529	10.0	39.375	33.125
28565	9.375	39.375	33.75
28601	8.75	40.625	33.125
28637	8.125	39.375	33.125
28673	8.75	39.375	33.125
28709	8.75	40.0	30.625
28745	9.375	37.5	29.375
28781	13.125	38.125	25.625
28817	16.25	36.25	24.375
28853	17.5	37.5	22.5
28889	20.0	38.125	18.75
28925	21.875	34.375	16.25
28961	23.75	36.875	17.5
28997	21.875	36.25	16.875
29033	23.75	36.875	16.875
29069	24.375	39.375	18.125
29105	25.0	39.375	16.25
29141	25.625	39.375	16.25
29177	26.25	39.375	16.25
29213	28.125	36.875	17.5
29249	25.625	38.125	21.875
29285	23.125	35.625	23.125
29321	24.375	33.75	25.625
29357	23.75	31.875	29.375
29393	24.375	31.875	31.25
29429	23.125	28.125	32.5
29465	23.75	26.25	35.0
29501	26.25	25.625	35.0
29537	28.75	25.0	31.875
29573	30.625	24.375	30.625
29609	32.5	21.875	29.375
29645	32.5	21.875	28.75
29681	31.875	20.625	25.625
29717	34.375	20.625	22.5
29753	36.25	22.5	22.5
29789	36.25	23.75	21.25
29825	36.25	24.375	17.5
29861	37.5	26.875	15.625
29897	38.125	28.125	11.875
29933	41.25	30.0	9.375
29969	41.875	30.0	8.125
30005	41.25	26.875	9.375
30041	44.375	27.5	8.75
30077	43.75	29.375	7.5
30113	45.625	30.0	7.5
30149	46.875	30.625	8.75
30185	46.875	31.875	8.125
30221	44.375	35.0	8.75
30257	45.625	33.75	7.5
30293	48.125	32.5	8.125
30329	47.5	33.125	7.5
30365	48.125	32.5	7.5
30401	48.125	31.875	7.5
30437	45.625	33.75	6.875
30473	44.375	33.125	6.875
30509	38.75	35.625	6.25
30545	36.875	35.625	6.25
30581	33.75	33.75	8.125
30617	35.0	30.625	7.5
30653	34.375	30.625	10.625
30689	33.125	27.5	14.375
30725	33.75	26.25	15.0
30761	31.25	25.0	18.75
30797	30.625	21.875	23.125
30833	31.875	19.375	24.375
30869	30.0	19.375	24.375
30905	30.0	19.375	26.875
30941	27.5	21.875	27.5
30977	28.125	23.75	28.75
31013	28.125	23.75	30.0
31049	28.75	25.625	29.375
31085	26.875	28.75	29.375
31121	26.875	29.375	30.625
31157	25.0	33.125	28.125
31193	21.875	34.375	29.375
31229	18.75	35.625	28.125
31265	16.875	40.625	26.25
31301	13.75	43.75	25.0
31337	10.0	47.5	26.25
31373	8.125	49.375	26.25
31409	10.0	51.25	27.5
31445	10.625	48.75	28.75
31481	11.25	46.25	30.0
31517	10.0	48.125	30.0
31553	10.625	46.875	31.25
31589	8.75	48.75	29.375
31625	7.5	46.875	30.625
31661	7.5	46.25	27.5
31697	8.125	44.375	28.125
31733	10.625	40.0	29.375
31769	12.5	36.875	31.25
31805	14.375	33.75	31.25
31841	16.25	33.125	30.625
31877	17.5	28.125	32.5
31913	18.75	24.375	32.5
31949	19.375	22.5	33.75
31985	23.75	20.625	35.625
32021	24.375	16.875	36.875
32057	27.5	15.0	37.5
32093	31.25	10.625	40.625
32129	32.5	10.0	43.125
32165	34.375	10.0	42.5
32201	36.875	11.25	44.375
32237	38.125	10.625	45.0
32273	36.875	10.0	46.25
32309	38.125	10.0	48.125
32345	38.125	10.625	46.875
32381	39.375	10.625	45.0
32417	39.375	9.375	45.625
32453	38.125	8.125	45.625
32489	35.0	8.125	45.625
32525	33.125	8.125	45.625
32561	30.0	11.25	45.0
32597	28.125	11.25	43.125
32633	29.375	11.25	43.75
32669	26.25	10.625	43.75
32705	26.25	9.375	45.0
32741	28.125	10.625	43.75
32777	26.875	10.625	41.875
32813	26.25	9.375	45.0
32849	25.625	10.0	46.25
32885	24.375	11.25	43.75
32921	23.125	11.875	42.5
32957	23.125	10.625	40.0
32993	24.375	10.625	39.375
33029	25.0	8.75	37.5
33065	25.625	8.75	35.625
33101	24.375	8.75	33.125
33137	25.625	8.75	32.5
33173	26.875	12.5	29.375
33209	28.125	13.75	26.875
33245	28.125	15.625	26.25
33281	31.875	17.5	21.875
33317	31.875	20.625	18.125
33353	32.5	21.25	16.875
33389	35.0	24.375	16.875
33425	36.25	28.125	15.625
33461	36.875	31.25	15.0
33497	38.125	32.5	13.125
33533	40.625	34.375	12.5
33569	43.125	36.875	12.5
33605	45.625	39.375	12.5
33641	45.0	40.0	12.5
33677	41.875	40.0	16.25
33713	38.75	41.875	15.625
33749	35.625	40.625	16.25
33785	33.75	41.875	17.5
33821	30.625	41.875	20.625
33857	30.625	41.25	20.625
33893	29.375	37.5	20.0
33929	28.125	36.875	23.75
33965	26.25	36.875	25.0
34001	23.125	36.875	25.0
34037	20.0	35.0	25.625
34073	16.25	35.0	27.5
34109	12.5	30.0	28.125
34145	15.0	31.25	25.0
34181	17.5	28.75	23.125
34217	18.75	28.75	21.875
34253	21.875	26.25	20.0
34289	22.5	26.25	17.5
34325	24.375	26.25	15.0
34361	23.75	27.5	14.375
34397	25.625	27.5	13.75
34433	28.125	27.5	10.625
34469	30.0	26.25	10.0
34505	34.375	28.75	10.625
34541	36.875	30.0	11.875
34577	40.625	33.125	10.625
34613	41.875	35.0	11.875
34649	40.625	36.25	15.0
34685	41.25	33.75	19.375
34721	42.5	32.5	20.0
34757	41.25	31.25	20.625
34793	40.625	28.75	20.625
34829	38.75	27.5	21.875
34865	38.75	26.25	23.125
34901	36.875	24.375	25.625
34937	36.25	25.0	28.75
34973	37.5	21.25	31.875
35009	38.75	19.375	31.875
35045	36.875	16.875	32.5
35081	35.0	13.125	35.625
35117	34.375	10.0	35.625
35153	32.5	9.375	31.875
35189	30.0	12.5	32.5
35225	28.75	13.75	35.0
35261	26.875	17.5	37.5
35297	27.5	18.75	37.5
35333	25.625	20.625	39.375
35369	26.875	21.875	38.125
35405	26.25	23.125	39.375
35441	21.875	25.0	38.75
35477	16.25	26.875	36.25
35513	13.75	29.375	34.375
35549	12.5	30.625	33.125
35585	11.25	33.125	31.875
35621	10.0	36.25	29.375
35657	10.625	35.0	28.125
35693	10.0	36.875	27.5
35729	13.75	36.25	26.875
35765	13.75	35.625	25.625
35801	14.375	37.5	24.375
35837	16.875	38.125	23.125
35873	18.75	40.0	19.375
35909	21.875	38.75	16.25
35945	24.375	41.875	14.375
35981	27.5	42.5	15.625
36017	30.0	43.125	15.0
36053	32.5	45.625	14.375
36089	32.5	46.875	15.0
36125	34.375	48.125	14.375
36161	36.25	50.625	13.75
36197	33.125	49.375	13.75
36233	33.125	50.625	13.125
36269	34.375	51.25	11.875
36305	33.75	51.25	12.5
36341	35.0	51.25	11.875
36377	33.75	52.5	11.875
36413	33.125	52.5	13.75
36449	35.0	51.875	13.75
36485	33.75	52.5	12.5
36521	31.875	51.875	11.875
36557	33.75	50.625	11.875
36593	32.5	50.0	11.875
36629	31.875	48.75	11.25
36665	32.5	50.0	11.25
36701	32.5	50.625	13.75
36737	31.875	48.75	13.75
36773	31.875	47.5	13.75
36809	31.875	47.5	14.375
36845	31.875	46.875	13.75
36881	30.0	45.625	13.125
36917	31.25	43.125	12.5
36953	29.375	43.75	13.125
36989	30.625	44.375	13.125
37025	31.25	45.0	13.75
37061	28.75	45.625	14.375
37097	28.75	43.75	15.0
37133	28.75	41.875	16.25
37169	30.0	41.875	14.375
37205	29.375	43.125	16.25
37241	30.625	45.0	16.25
37277	31.25	45.625	16.25
37313	33.125	46.25	15.625
37349	31.25	46.875	15.625
37385	30.0	47.5	15.625
37421	30.0	49.375	15.0
37457	30.625	46.875	14.375
37493	31.25	45.625	14.375
37529	31.875	46.25	14.375
37565	33.125	45.625	15.625
37601	33.75	46.875	13.75
37637	32.5	46.875	13.75
37673	32.5	46.875	13.75
37709	34.375	48.125	12.5
37745	33.75	48.75	11.875
37781	31.875	46.875	13.125
37817	32.5	45.0	14.375
37853	34.375	45.625	13.75
37889	33.75	45.625	13.75
37925	33.75	45.0	13.75
37961	32.5	47.5	13.75
37997	30.0	48.125	11.875
38033	29.375	45.0	11.875
38069	28.75	44.375	12.5
38105	30.0	43.75	12.5
38141	30.625	44.375	11.25
38177	30.0	43.125	12.5
38213	28.75	42.5	12.5
38249	27.5	42.5	14.375
38285	27.5	42.5	15.0
38321	26.25	43.75	14.375
38357	26.25	45.625	13.75
38393	25.0	45.625	14.375
38429	24.375	45.625	15.0
38465	25.625	41.25	16.875
38501	28.125	44.375	16.25
38537	28.125	43.125	18.125
38573	28.75	43.125	18.125
38609	28.75	43.75	16.875
38645	30.625	43.125	15.0
38681	30.0	42.5	16.25
38717	31.875	43.125	14.375
38753	33.125	45.0	13.125
38789	33.75	46.25	13.125
38825	34.375	46.25	13.125
38861	35.0	43.75	12.5
38897	34.375	44.375	13.75
38933	33.75	45.0	13.125
38969	31.875	45.625	13.125
39005	29.375	48.75	10.625
39041	28.75	49.375	11.25
39077	28.125	51.875	11.25
39113	26.25	51.875	10.625
39149	25.625	52.5	10.625
39185	23.125	51.875	10.625
39221	22.5	51.25	10.0
39257	23.75	50.0	8.125
39293	22.5	51.25	8.75
39329	23.125	52.5	8.125
39365	23.125	53.125	7.5
39401	23.75	53.75	6.875
39437	25.625	51.875	6.875
39473	26.875	50.625	6.875
39509	26.25	50.0	7.5
39545	25.625	50.0	7.5
39581	28.75	49.375	7.5
39617	30.0	50.625	7.5
39653	31.25	47.5	7.5
39689	32.5	48.125	7.5
39725	30.625	48.125	7.5
39761	28.75	45.625	6.875
39797	31.25	42.5	8.125
39833	30.625	42.5	8.125
39869	31.875	40.625	8.125
39905	30.625	43.125	8.125
39941	33.75	46.25	8.75
39977	33.125	46.25	7.5
40013	31.25	45.625	8.125
40049	30.625	43.75	8.75
40085	29.375	42.5	8.75
40121	29.375	43.75	8.125
40157	28.125	41.875	8.75
40193	28.125	42.5	9.375
40229	29.375	43.125	10.0
40265	27.5	43.125	9.375
40301	26.25	41.875	9.375
40337	28.125	43.75	8.75
40373	27.5	41.875	8.125
40409	26.875	42.5	8.125
40445	28.75	41.25	8.125
40481	30.0	41.875	9.375
40517	30.0	40.0	10.0
40553	27.5	41.25	10.625
40589	30.0	40.0	11.25
40625	31.25	40.0	9.375
40661	31.875	40.625	10.625
40697	33.125	42.5	11.25
40733	33.125	41.875	12.5
40769	33.75	43.75	11.875
40805	31.875	43.125	13.125
40841	33.125	43.75	13.125
40877	33.75	42.5	13.125
40913	31.875	41.875	11.875
40949	30.625	41.875	10.625
40985	33.125	44.375	8.75
41021	33.125	45.0	10.625
41057	33.75	44.375	12.5
41093	34.375	46.25	13.125
41129	36.25	45.625	14.375
41165	34.375	43.125	13.125
41201	35.625	41.25	11.25
41237	34.375	42.5	11.875
41273	35.0	42.5	11.875
41309	36.25	44.375	11.25
41345	33.75	43.125	12.5
41381	35.0	42.5	12.5
41417	35.0	43.125	12.5
41453	35.0	41.875	12.5
41489	33.125	43.125	12.5
41525	31.25	41.875	10.0
41561	32.5	43.125	8.75
41597	31.25	41.875	7.5
41633	31.875	45.0	6.875
41669	30.0	47.5	7.5
41705	30.0	45.625	8.125
41741	31.25	45.0	6.875
41777	28.75	42.5	6.875
41813	31.25	40.625	7.5
41849	30.0	41.25	7.5
41885	30.0	40.625	8.75
41921	28.75	39.375	10.0
41957	31.875	37.5	9.375
41993	31.25	37.5	10.0
42029	30.625	36.875	10.625
42065	31.25	38.125	10.625
42101	31.875	38.125	11.25
42137	30.625	38.75	10.625
42173	30.0	38.75	11.25
42209	29.375	40.625	11.25
42245	28.75	40.625	11.875
42281	28.75	44.375	10.625
42317	26.875	44.375	10.0
42353	26.875	45.625	9.375
42389	28.125	46.875	8.75
42425	28.75	46.875	8.125
42461	27.5	48.125	7.5
42497	28.125	50.0	6.875
42533	26.875	48.125	6.875
42569	27.5	46.875	6.25
42605	25.625	46.25	7.5
42641	28.125	47.5	7.5
42677	28.125	47.5	8.125
42713	30.0	47.5	9.375
42749	31.25	46.25	9.375
42785	32.5	45.625	10.0
42821	31.25	46.25	9.375
42857	32.5	45.625	11.875
42893	31.875	45.625	13.75
42929	33.75	46.25	18.75
42965	34.375	43.125	21.25
43001	35.625	46.25	23.125
43037	37.5	46.25	23.125
43073	37.5	45.0	22.5
43109	36.875	45.0	22.5
43145	37.5	45.0	23.75
43181	36.25	44.375	23.125
43217	35.0	45.625	23.125
43253	33.75	48.75	23.125
43289	35.0	49.375	23.75
43325	33.75	49.375	21.25
43361	31.25	48.75	18.75
43397	30.625	51.875	16.875
43433	30.625	55.0	14.375
43469	29.375	55.0	13.75
43505	29.375	55.0	13.125
43541	28.125	55.625	13.75
43577	27.5	56.25	15.0
43613	28.125	57.5	13.125
43649	30.0	56.875	11.875
43685	29.375	57.5	11.875
43721	31.25	56.875	11.875
43757	31.25	55.0	10.625
43793	30.625	52.5	11.875
43829	31.25	52.5	14.375
43865	31.875	52.5	14.375
43901	33.125	51.25	12.5
43937	32.5	50.0	11.25
43973	33.75	50.0	11.25
44009	35.0	48.125	10.625
44045	35.625	46.875	9.375
44081	36.25	46.875	10.0
44117	37.5	45.625	10.625
44153	36.875	44.375	11.25
44189	36.25	46.25	10.625
44225	35.625	46.25	11.875
44261	35.625	43.75	11.875
44297	34.375	45.0	10.625
44333	33.75	43.125	11.875
44369	32.5	43.75	13.125
44405	31.25	43.125	14.375
44441	28.75	42.5	14.375
44477	27.5	45.0	15.0
44513	28.125	43.125	17.5
44549	28.75	43.125	16.25
44585	26.25	43.75	18.75
44621	26.25	45.0	19.375
44657	25.625	44.375	18.75
44693	23.75	44.375	18.75
44729	23.125	45.0	18.75
44765	25.625	46.875	16.875
44801	26.875	48.125	15.625
44837	27.5	48.125	13.125
44873	31.25	45.625	13.125
44909	29.375	47.5	12.5
44945	30.625	46.25	12.5
44981	29.375	46.25	10.625
45017	28.125	45.625	10.0
45053	28.125	46.875	7.5
45089	28.75	47.5	6.25
45125	28.75	45.0	6.25
45161	29.375	45.625	6.25
45197	30.625	43.125	6.25
45233	30.625	41.875	6.25
45269	31.25	44.375	7.5
45305	29.375	43.125	8.125
45341	27.5	45.0	8.125
45377	26.25	45.0	6.875
45413	27.5	45.0	6.25
45449	29.375	46.875	8.125
45485	29.375	50.0	9.375
45521	29.375	49.375	10.0
45557	27.5	48.125	11.25
45593	26.25	46.875	11.875
45629	25.625	46.875	12.5
45665	28.125	48.75	11.25
45701	28.125	50.0	11.25
45737	28.75	48.75	11.25
45773	29.375	49.375	10.0
45809	28.75	50.625	10.625
45845	28.75	48.125	10.625
45881	29.375	46.25	11.25
45917	30.625	45.625	11.875
45953	29.375	43.125	8.75
45989	28.125	43.125	8.75
46025	30.625	41.875	10.0
46061	33.125	41.875	10.625
46097	31.875	41.875	9.375
46133	32.5	42.5	9.375
46169	33.125	40.625	10.625
46205	30.625	40.0	10.625
46241	31.25	39.375	10.625
46277	31.25	36.25	11.875
46313	31.25	36.875	10.625
46349	30.625	37.5	10.625
46385	30.0	38.75	10.0
46421	29.375	38.125	10.625
46457	30.625	40.0	9.375
46493	29.375	41.25	9.375
46529	30.0	41.25	9.375
46565	30.0	41.25	8.125
46601	28.75	40.0	8.75
46637	28.75	39.375	9.375
46673	30.0	40.0	10.0
46709	28.75	40.0	10.625
46745	28.75	38.75	10.0
46781	28.125	38.75	10.0
46817	30.0	40.0	10.0
46853	28.75	38.75	11.25
46889	28.125	39.375	11.25
46925	30.0	39.375	11.25
46961	30.0	38.125	10.625
46997	28.125	37.5	10.625
47033	30.625	36.875	10.0
47069	31.25	38.75	9.375
47105	31.25	40.625	9.375
47141	30.625	40.0	9.375
47177	34.375	41.875	8.75
47213	36.25	40.625	8.125
47249	35.625	43.125	8.125
47285	35.0	42.5	8.75
47321	36.875	43.75	10.0
47357	36.25	45.0	7.5
47393	31.875	46.25	9.375
47429	33.125	45.0	10.0
47465	32.5	45.625	10.0
47501	33.125	44.375	9.375
47537	29.375	46.25	10.0
47573	28.75	44.375	9.375
47609	28.125	46.25	10.0
47645	27.5	46.25	10.625
47681	26.25	47.5	10.0
47717	25.625	47.5	9.375
47753	26.875	46.25	9.375
47789	26.25	44.375	10.0
47825	25.625	40.625	11.875
47861	26.875	38.125	12.5
47897	27.5	37.5	14.375
47933	28.125	36.875	15.0
47969	28.75	35.0	16.25
48005	28.125	31.875	17.5
48041	30.0	29.375	19.375
48077	31.25	28.125	21.25
48113	31.25	26.875	22.5
48149	32.5	26.875	25.0
48185	33.75	29.375	27.5
48221	33.125	28.75	31.875
48257	35.0	25.625	32.5
48293	36.875	25.0	32.5
48329	38.125	23.125	30.0
48365	38.75	21.875	30.0
48401	38.125	21.25	31.875
48437	38.75	20.625	31.875
48473	40.0	20.625	32.5
48509	40.0	21.25	34.375
48545	40.625	21.875	36.25
48581	43.125	20.625	35.0
48617	41.875	18.125	33.75
48653	40.625	14.375	33.125
48689	40.0	12.5	28.75
48725	40.625	12.5	28.125
48761	42.5	10.625	26.25
48797	40.0	11.25	27.5
48833	41.25	11.25	30.625
48869	40.625	10.625	30.0
48905	38.75	13.75	30.0
48941	35.0	15.625	31.25
48977	33.75	19.375	33.125
49013	31.25	21.875	31.875
49049	29.375	21.875	33.125
49085	25.625	23.75	34.375
49121	23.75	25.0	35.0
49157	21.875	26.25	36.875
49193	19.375	29.375	36.875
49229	16.25	32.5	38.125
49265	14.375	33.125	39.375
49301	10.625	36.875	37.5
49337	7.5	38.75	36.875
49373	8.125	36.875	35.0
49409	8.125	39.375	35.0
49445	8.75	40.625	35.625
49481	9.375	38.125	33.125
49517	7.5	38.125	31.875
49553	6.875	40.625	33.125
49589	7.5	40.625	33.125
49625	8.75	40.625	33.125
49661	8.75	38.75	32.5
49697	8.125	40.625	35.625
49733	7.5	40.0	35.625
49769	6.875	40.625	36.25
49805	7.5	39.375	36.25
49841	6.875	41.25	36.875
49877	5.625	40.625	38.125
49913	5.625	35.625	38.125
49949	5.0	35.0	37.5
49985	6.25	35.0	38.75
50021	6.25	35.625	38.75
50057	8.125	35.0	35.625
50093	6.25	35.625	33.75
50129	7.5	35.625	37.5
50165	8.125	36.25	35.625
50201	8.75	36.875	34.375
50237	8.75	35.0	35.625
50273	9.375	34.375	35.0
50309	10.0	35.0	34.375
50345	10.0	34.375	32.5
50381	11.25	34.375	32.5
50417	11.875	33.125	33.125
50453	11.875	32.5	32.5
50489	11.875	31.25	31.875
50525	10.0	30.625	34.375
50561	10.0	31.875	38.125
50597	8.125	31.875	39.375
50633	10.625	30.0	36.875
50669	9.375	30.625	38.75
50705	9.375	31.25	38.75
50741	8.125	30.625	40.0
50777	8.125	32.5	38.125
50813	8.75	30.625	40.625
50849	9.375	30.0	41.875
50885	10.0	29.375	41.875
50921	10.0	30.625	41.25
50957	8.125	30.625	43.75
50993	8.125	29.375	42.5
51029	8.125	27.5	42.5
51065	8.125	30.625	42.5
51101	6.875	31.875	44.375
51137	5.625	33.75	45.625
51173	6.25	32.5	45.0
51209	7.5	33.125	46.25
51245	8.125	33.125	45.0
51281	8.125	32.5	43.125
51317	7.5	31.875	41.25
51353	6.25	32.5	43.75
51389	5.0	32.5	45.625
51425	5.0	33.75	46.25
51461	5.0	36.25	48.125
51497	6.875	36.875	48.75
51533	6.875	36.875	47.5
51569	7.5	36.25	46.25
51605	7.5	35.625	47.5
51641	6.875	35.0	47.5
51677	5.625	35.625	48.125
51713	5.0	35.625	50.625
51749	5.0	34.375	52.5
51785	5.625	35.625	54.375
51821	5.625	36.25	51.875
51857	6.875	35.625	53.125
51893	8.125	35.625	51.875
51929	8.75	31.875	50.0
51965	8.125	30.0	46.875
52001	7.5	28.75	47.5
52037	7.5	28.75	46.25
52073	8.125	26.25	47.5
52109	8.125	29.375	45.625
52145	8.75	27.5	45.0
52181	9.375	28.75	43.75
52217	8.75	28.125	43.125
52253	9.375	27.5	43.125
52289	10.0	26.875	45.0
52325	10.0	26.875	44.375
52361	9.375	26.875	45.0
52397	8.75	27.5	47.5
52433	8.125	29.375	48.75
52469	9.375	29.375	48.75
52505	9.375	28.125	50.625
52541	8.75	30.625	50.0
52577	8.125	30.0	51.875
52613	8.125	30.625	53.125
52649	7.5	30.0	54.375
52685	6.875	29.375	53.75
52721	6.875	30.0	56.25
52757	6.875	31.25	54.375
52793	6.875	33.75	54.375
52829	7.5	35.625	52.5
52865	6.875	33.75	53.75
52901	8.125	34.375	52.5
52937	7.5	35.0	53.125
52973	7.5	35.625	52.5
53009	7.5	36.25	53.125
53045	8.125	36.25	54.375
53081	10.625	39.375	52.5
53117	11.25	41.25	51.875
53153	12.5	45.0	50.625
53189	12.5	44.375	50.625
53225	12.5	42.5	50.0
53261	10.625	42.5	52.5
53297	10.0	43.75	52.5
53333	10.0	43.75	51.25
53369	10.0	43.75	53.125
53405	10.0	43.125	55.625
53441	10.625	45.0	54.375
53477	11.875	46.25	53.75
53513	12.5	44.375	51.25
53549	10.625	43.75	49.375
53585	8.125	41.875	50.625
53621	7.5	42.5	49.375
53657	7.5	42.5	49.375
53693	8.75	43.75	48.75
53729	10.0	43.125	50.0
53765	10.0	43.125	49.375
53801	11.25	43.75	48.125
53837	10.625	44.375	48.75
53873	10.625	46.875	49.375
53909	11.25	46.875	47.5
53945	9.375	44.375	48.75
53981	10.0	45.625	49.375
54017	10.0	48.125	50.625
54053	10.625	45.0	48.75
54089	10.625	42.5	48.75
54125	11.875	42.5	51.25
54161	10.0	43.75	51.875
54197	10.625	41.875	49.375
54233	13.75	37.5	47.5
54269	15.0	37.5	46.875
54305	18.75	33.75	45.0
54341	21.25	30.0	40.625
54377	26.875	26.25	39.375
54413	29.375	23.75	38.75
54449	35.0	21.25	35.625
54485	35.625	19.375	35.625
54521	38.75	16.25	35.625
54557	41.875	15.0	36.25
54593	45.625	11.875	36.25
54629	46.875	8.125	35.625
54665	50.0	8.125	35.625
54701	48.75	8.125	35.0
54737	50.0	7.5	38.75
54773	47.5	8.75	38.75
54809	48.125	9.375	38.125
54845	48.75	9.375	39.375
54881	48.125	10.0	38.75
54917	48.125	10.625	40.0
54953	49.375	11.875	39.375
54989	50.0	11.875	41.25
55025	49.375	11.875	40.0
55061	48.125	12.5	38.125
55097	48.125	11.25	38.125
55133	48.75	10.0	41.25
55169	50.0	9.375	40.0
55205	51.25	9.375	38.75
55241	50.625	8.125	38.125
55277	51.25	6.875	38.75
55313	50.625	7.5	42.5
55349	50.0	8.125	41.25
55385	49.375	8.125	40.625
55421	46.875	7.5	41.875
55457	46.875	5.625	40.625
55493	48.125	6.25	40.0
55529	45.625	8.125	38.125
55565	46.25	8.75	38.125
55601	43.75	10.625	35.625
55637	46.25	11.25	36.25
55673	43.75	11.875	35.625
55709	43.75	11.875	34.375
55745	44.375	11.25	36.875
55781	43.75	10.625	33.125
55817	42.5	10.0	33.125
55853	43.125	8.75	33.125
55889	45.0	8.75	32.5
55925	43.75	8.75	32.5
55961	45.0	8.75	35.0
55997	47.5	7.5	36.875
56033	48.125	5.0	39.375
56069	48.75	4.375	40.625
56105	47.5	5.0	39.375
56141	46.875	5.0	39.375
56177	46.875	5.0	41.875
56213	48.75	5.625	43.75
56249	51.25	6.875	43.125
56285	50.625	6.875	44.375
56321	53.75	7.5	45.625
56357	54.375	8.75	46.875
56393	55.625	8.75	45.625
56429	57.5	8.75	43.75
56465	55.0	9.375	45.0
56501	55.0	9.375	44.375
56537	56.875	9.375	41.25
56573	58.125	7.5	40.625
56609	60.0	8.125	40.625
56645	63.125	6.875	40.625
56681	61.875	6.875	41.25
56717	60.625	6.25	39.375
56753	61.875	7.5	37.5
56789	59.375	6.875	36.25
56825	59.375	6.875	36.25
56861	60.0	6.875	35.625
56897	57.5	7.5	37.5
56933	56.875	8.75	35.625
56969	58.75	11.25	33.125
57005	56.25	13.75	31.25
57041	53.125	15.625	31.25
57077	51.875	18.75	30.0
57113	48.125	21.875	26.875
57149	45.625	25.625	22.5
57185	43.125	27.5	21.25
57221	43.125	30.0	20.625
57257	41.875	33.75	18.125
57293	36.875	36.25	17.5
57329	35.625	40.625	14.375
57365	36.25	44.375	11.875
57401	37.5	47.5	9.375
57437	34.375	48.75	10.0
57473	35.0	48.75	10.0
57509	38.75	50.625	8.75
57545	40.0	50.625	8.75
57581	39.375	51.25	8.75
57617	41.25	50.0	8.125
57653	43.75	49.375	8.125
57689	41.875	49.375	7.5
57725	40.0	47.5	7.5
57761	40.0	47.5	7.5
57797	39.375	45.0	7.5
57833	36.875	43.75	5.625
57869	34.375	41.875	5.625
57905	34.375	40.0	5.0
57941	33.75	38.75	5.625
57977	31.875	36.25	6.25
58013	28.125	35.625	8.75
58049	26.875	35.625	10.0
58085	25.625	35.0	11.25
58121	23.75	35.0	11.875
58157	28.125	33.125	11.875
58193	29.375	34.375	12.5
58229	28.75	35.0	11.25
58265	30.0	35.625	11.875
58301	33.125	36.875	12.5
58337	30.625	34.375	14.375
58373	32.5	38.75	15.0
58409	33.75	41.875	16.875
58445	33.75	43.125	18.75
58481	35.625	44.375	16.25
58517	38.75	44.375	14.375
58553	41.25	45.0	14.375
58589	40.0	46.875	16.25
58625	40.0	48.125	18.75
58661	40.625	49.375	21.875
58697	41.875	50.625	26.25
58733	45.0	50.625	25.0
58769	44.375	50.625	24.375
58805	45.0	53.75	23.125
58841	45.0	50.625	24.375
58877	44.375	50.0	23.75
58913	46.25	49.375	22.5
58949	45.625	48.75	21.25
58985	45.0	47.5	22.5
59021	42.5	46.875	21.25
59057	44.375	45.625	20.0
59093	41.25	50.0	17.5
59129	41.25	51.25	14.375
59165	43.75	50.625	10.625
59201	42.5	48.75	10.0
59237	39.375	48.75	11.25
59273	36.875	46.875	11.875
59309	36.875	45.0	11.25
59345	36.875	43.125	11.875
59381	35.0	40.0	13.125
59417	35.0	42.5	11.875
59453	35.0	41.875	10.625
59489	36.875	39.375	10.625
59525	36.875	41.25	10.0
59561	36.875	36.25	9.375
59597	35.0	34.375	9.375
59633	33.75	31.875	10.625
59669	32.5	33.75	9.375
59705	33.125	35.0	9.375
59741	34.375	33.125	8.125
59777	35.625	33.125	8.125
59813	35.0	33.125	6.875
59849	34.375	33.125	5.625
59885	36.25	35.0	6.25
59921	33.75	33.75	7.5
59957	31.875	35.0	7.5
59993	30.625	32.5	8.75
60029	28.75	35.0	10.0
60065	32.5	36.25	10.625
60101	31.25	40.0	9.375
60137	30.0	40.0	9.375
60173	31.25	38.125	9.375
60209	30.625	40.625	8.75
60245	30.625	42.5	9.375
60281	31.25	43.75	9.375
60317	30.625	46.875	8.125
60353	28.75	44.375	8.75
60389	28.125	44.375	10.0
60425	28.75	43.75	8.75
60461	30.0	45.625	8.75
60497	31.875	47.5	8.125
60533	30.625	46.875	7.5
60569	27.5	44.375	7.5
60605	28.125	41.25	8.125
60641	30.0	41.875	8.75
60677	30.0	39.375	9.375
60713	32.5	41.25	8.75
60749	32.5	40.0	8.75
60785	31.875	40.625	8.75
60821	33.75	39.375	8.75
60857	34.375	36.25	9.375
60893	34.375	36.25	8.75
60929	35.625	36.25	8.75
60965	33.125	35.0	10.0
61001	35.0	33.75	9.375
61037	35.0	36.25	8.75
61073	38.125	36.25	8.125
61109	36.875	36.875	8.125
61145	36.875	36.25	8.125
61181	36.875	34.375	8.125
61217	36.25	33.75	8.125
61253	36.25	35.625	8.125
61289	36.25	37.5	7.5
61325	36.25	37.5	8.125
61361	37.5	38.75	7.5
61397	36.25	38.75	6.875
61433	36.25	37.5	7.5
61469	35.625	36.25	8.125
61505	36.25	34.375	9.375
61541	35.625	35.625	10.625
61577	34.375	35.625	10.625
61613	33.125	36.25	10.625
61649	32.5	36.875	11.25
61685	33.125	37.5	11.875
61721	33.125	38.125	11.875
61757	32.5	34.375	12.5
61793	33.75	35.625	11.25
61829	32.5	36.875	10.625
61865	32.5	38.75	9.375
61901	32.5	40.625	10.0
61937	33.75	41.25	10.625
61973	33.125	39.375	10.0
62009	33.75	38.75	9.375
62045	35.0	37.5	9.375
62081	35.625	36.875	9.375
62117	38.125	38.75	9.375
62153	37.5	41.875	8.125
62189	38.125	39.375	8.75
62225	38.125	40.625	8.75
62261	36.25	40.625	8.125
62297	36.875	40.0	8.75
62333	35.625	41.25	10.0
62369	36.875	41.875	9.375
62405	39.375	43.125	9.375
62441	37.5	43.125	8.125
62477	36.875	48.125	6.875
62513	35.625	46.25	7.5
62549	35.0	46.25	7.5
62585	33.75	45.0	8.75
62621	31.875	43.75	10.0
62657	29.375	42.5	10.0
62693	30.625	43.125	10.625
62729	31.875	43.125	10.625
62765	30.0	42.5	11.875
62801	28.75	40.0	11.25
62837	28.125	40.0	11.875
62873	26.25	38.75	11.25
62909	28.125	39.375	11.25
62945	27.5	35.625	11.25
62981	31.25	33.75	11.25
63017	30.0	31.25	11.875
63053	31.25	33.125	11.25
63089	32.5	33.75	10.0
63125	32.5	32.5	11.25
63161	31.25	31.875	13.125
63197	31.25	31.875	11.875
63233	33.125	32.5	11.25
63269	35.625	35.625	11.25
63305	35.625	35.0	11.25
63341	34.375	36.25	11.875
63377	33.125	33.75	11.875
63413	31.875	38.125	12.5
63449	30.0	39.375	11.875
63485	30.0	43.75	13.125
63521	28.75	45.625	12.5
63557	28.75	45.625	15.0
63593	25.625	45.625	18.75
63629	24.375	46.25	19.375
63665	22.5	45.0	24.375
63701	23.75	43.75	25.625
63737	19.375	42.5	26.875
63773	18.125	41.875	28.75
63809	16.875	41.25	31.25
63845	15.0	39.375	33.75
63881	14.375	39.375	36.25
63917	11.25	37.5	40.625
63953	10.0	35.0	43.75
63989	9.375	33.75	45.625
64025	8.75	34.375	46.25
64061	8.75	35.625	45.625
64097	10.625	36.25	46.25
64133	11.875	36.25	44.375
64169	12.5	36.25	44.375
64205	11.25	35.625	45.625
64241	14.375	35.625	48.75
64277	16.25	33.75	46.875
64313	18.75	33.125	45.0
64349	21.25	31.25	44.375
64385	24.375	29.375	41.875
64421	26.25	27.5	41.25
64457	28.125	25.625	41.25
64493	30.0	23.125	42.5
64529	33.125	22.5	38.75
64565	37.5	18.75	38.125
64601	37.5	16.875	35.0
64637	38.125	19.375	35.0
64673	38.75	16.875	33.75
64709	38.125	16.25	31.25
64745	39.375	15.0	29.375
64781	41.25	15.0	28.75
64817	40.625	14.375	27.5
64853	38.125	15.0	30.0
64889	37.5	15.625	29.375
64925	38.125	13.75	28.125
64961	38.75	15.0	26.875
64997	39.375	13.75	26.25
65033	38.125	13.75	27.5
65069	36.25	15.0	27.5
65105	36.875	13.75	26.875
65141	39.375	12.5	25.625
65177	41.25	15.625	25.0
65213	38.75	16.25	25.0
65249	37.5	16.875	26.25
65285	35.0	18.75	27.5
65321	37.5	18.125	28.125
65357	36.875	20.0	30.0
65393	36.875	20.0	30.625
65429	32.5	21.25	31.875
65465	31.25	23.75	35.0
65501	28.125	23.125	34.375
65537	26.25	25.625	36.25
65573	25.625	26.25	38.75
65609	21.875	27.5	40.0
65645	17.5	29.375	44.375
65681	16.25	30.0	45.0
65717	15.0	31.25	48.125
65753	15.625	30.625	48.125
65789	15.625	31.875	49.375
65825	13.125	34.375	46.875
65861	13.125	35.625	47.5
65897	13.125	35.0	49.375
65933	13.75	34.375	45.625
65969	15.0	33.75	44.375
66005	14.375	32.5	41.875
66041	15.625	33.75	41.875
66077	16.875	33.75	40.625
66113	18.125	35.625	38.125
66149	19.375	36.25	36.875
66185	21.25	36.875	36.25
66221	21.25	38.125	32.5
66257	23.125	41.875	32.5
66293	21.875	40.625	29.375
66329	22.5	38.75	28.125
66365	23.75	37.5	24.375
66401	25.0	35.625	24.375
66437	28.75	34.375	27.5
66473	29.375	33.125	27.5
66509	30.625	31.875	27.5
66545	31.875	27.5	26.875
66581	31.875	26.25	27.5
66617	35.0	22.5	25.0
66653	31.25	19.375	23.75
66689	31.25	18.125	22.5
66725	30.625	14.375	23.125
66761	31.25	14.375	25.0
66797	32.5	13.125	27.5
66833	34.375	13.125	30.625
66869	35.625	12.5	31.25
66905	35.0	13.75	35.0
66941	33.75	14.375	36.875
66977	32.5	14.375	38.75
67013	34.375	15.625	40.625
67049	33.125	14.375	41.25
67085	31.25	14.375	43.125
67121	33.125	12.5	42.5
67157	33.75	11.25	43.75
67193	35.625	11.25	43.75
67229	35.0	8.75	42.5
67265	35.0	8.75	43.75
67301	32.5	8.75	42.5
67337	31.875	8.75	41.25
67373	32.5	7.5	37.5
67409	32.5	7.5	34.375
67445	31.25	6.875	33.75
67481	28.75	6.875	31.875
67517	30.0	7.5	33.125
67553	29.375	7.5	35.625
67589	31.25	8.125	35.625
67625	31.25	7.5	38.125
67661	30.0	8.125	37.5
67697	30.625	6.875	38.75
67733	28.125	8.75	39.375
67769	30.0	9.375	36.875
67805	29.375	8.125	38.125
67841	29.375	8.125	38.125
67877	29.375	7.5	38.125
67913	30.0	7.5	37.5
67949	31.25	6.25	40.0
67985	31.875	6.875	40.0
68021	31.875	5.625	38.75
68057	31.875	5.0	38.125
68093	33.125	5.625	40.0
68129	33.125	6.25	39.375
68165	31.25	5.625	39.375
68201	32.5	5.625	40.0
68237	33.75	6.25	41.25
68273	34.375	7.5	44.375
68309	32.5	8.125	43.125
68345	30.625	8.125	42.5
68381	32.5	10.0	46.25
68417	34.375	11.25	43.125
68453	36.25	10.625	43.125
68489	38.75	10.0	43.75
68525	36.25	10.625	42.5
68561	32.5	10.0	40.0
68597	31.875	9.375	39.375
68633	34.375	10.0	39.375
68669	36.25	10.625	37.5
68705	35.0	8.125	36.25
68741	35.625	6.25	35.0
68777	34.375	5.625	33.75
68813	36.25	6.875	36.25
68849	35.0	8.125	34.375
68885	35.0	6.25	36.25
68921	33.125	5.625	37.5
68957	31.25	5.625	36.875
68993	33.125	5.625	38.75
69029	34.375	5.625	38.125
69065	37.5	6.25	39.375
69101	37.5	5.625	39.375
69137	37.5	5.625	40.625
69173	38.75	6.25	40.625
69209	37.5	6.25	40.0
69245	40.625	6.875	41.25
69281	39.375	5.625	38.75
69317	40.625	6.25	38.75
69353	39.375	5.0	38.125
69389	38.75	5.0	37.5
69425	38.125	5.0	37.5
69461	39.375	5.625	39.375
69497	38.75	5.0	39.375
69533	39.375	5.625	40.0
69569	38.75	6.25	39.375
69605	36.875	6.25	38.125
69641	35.625	5.625	40.0
69677	37.5	6.875	40.0
69713	38.75	7.5	38.75
69749	38.75	8.125	38.75
69785	35.625	6.25	40.0
69821	35.0	6.25	40.0
69857	36.875	6.25	39.375
69893	37.5	7.5	39.375
69929	35.625	6.875	38.75
69965	36.25	6.875	35.0
70001	38.75	8.125	35.625
70037	36.875	6.875	35.0
70073	36.25	7.5	33.75
70109	35.625	8.125	33.125
70145	35.625	8.75	32.5
70181	33.125	8.75	32.5
70217	33.125	8.125	33.125
70253	34.375	10.0	31.875
70289	36.25	10.625	32.5
70325	34.375	11.25	30.625
70361	34.375	11.875	28.75
70397	34.375	12.5	30.0
70433	35.0	15.0	28.75
70469	32.5	15.0	26.875
70505	35.0	15.625	26.25
70541	36.875	15.625	27.5
70577	38.125	16.25	26.25
70613	38.125	13.75	26.25
70649	38.75	13.75	28.125
70685	39.375	13.125	27.5
70721	41.875	11.875	28.125
70757	40.625	13.75	26.875
70793	41.875	15.0	26.875
70829	40.625	15.625	26.25
70865	40.0	16.25	25.0
70901	38.125	14.375	24.375
70937	39.375	15.625	22.5
70973	35.0	15.625	22.5
71009	35.0	17.5	20.625
71045	34.375	18.125	18.75
71081	36.25	22.5	17.5
71117	33.75	25.625	14.375
71153	33.75	28.75	11.25
71189	33.125	31.25	9.375
71225	35.0	31.875	8.125
71261	35.0	30.0	6.875
71297	36.25	33.125	6.25
71333	37.5	36.25	6.25
71369	38.125	36.875	6.25
71405	39.375	40.0	7.5
71441	40.625	43.125	7.5
71477	40.625	45.0	7.5
71513	41.25	45.625	7.5
71549	40.625	46.875	7.5
71585	41.25	45.625	6.875
71621	40.625	46.25	6.875
71657	40.625	46.25	6.875
71693	40.0	45.625	7.5
71729	39.375	48.125	7.5
71765	41.25	46.25	8.75
71801	41.875	45.625	8.125
71837	40.625	42.5	8.125
71873	41.875	41.25	6.875
71909	40.625	40.0	6.875
71945	40.0	39.375	8.125
71981	41.25	38.75	7.5
72017	42.5	37.5	6.875
72053	44.375	36.875	7.5
72089	45.625	34.375	8.75
72125	48.125	32.5	9.375
72161	48.125	34.375	8.75
72197	47.5	33.75	9.375
72233	46.25	33.125	9.375
72269	46.25	33.125	10.625
72305	46.875	34.375	10.0
72341	48.125	35.625	10.625
72377	46.875	37.5	11.875
72413	47.5	33.75	10.625
72449	46.875	33.75	10.625
72485	46.25	34.375	11.25
72521	41.875	32.5	10.625
72557	38.75	33.125	10.0
72593	38.75	35.625	10.0
72629	39.375	36.25	10.625
72665	41.25	33.75	11.25
72701	40.625	37.5	10.625
72737	39.375	38.75	8.75
72773	38.125	36.875	8.125
72809	37.5	35.0	8.125
72845	37.5	34.375	7.5
72881	38.75	34.375	6.875
72917	38.75	35.0	7.5
72953	38.75	36.25	6.875
72989	40.625	38.125	7.5
73025	42.5	38.75	6.25
73061	43.75	35.625	7.5
73097	40.625	38.75	6.25
73133	40.625	40.0	5.625
73169	39.375	38.125	6.25
73205	39.375	36.875	6.875
73241	38.75	36.875	6.875
73277	38.75	38.75	6.875
73313	38.75	40.0	8.125
73349	35.0	40.625	7.5
73385	33.75	41.25	7.5
73421	33.125	36.875	10.0
73457	31.875	33.75	14.375
73493	30.625	31.25	16.875
73529	30.0	31.25	18.75
73565	33.125	26.875	22.5
73601	33.75	23.125	25.625
73637	33.75	21.25	28.75
73673	31.875	18.125	31.875
73709	31.875	15.625	34.375
73745	32.5	11.875	37.5
73781	31.25	9.375	40.0
73817	35.0	7.5	43.75
73853	38.125	4.375	45.625
73889	38.125	4.375	46.875
73925	41.25	5.0	45.625
73961	41.875	5.625	47.5
73997	41.875	5.625	47.5
74033	40.625	5.625	49.375
74069	40.0	5.625	48.75
74105	39.375	6.875	47.5
74141	40.0	7.5	47.5
74177	40.0	9.375	48.125
74213	40.0	10.0	48.125
74249	39.375	10.625	47.5
74285	37.5	10.625	48.125
74321	35.625	10.625	48.125
74357	33.75	10.625	47.5
74393	33.75	10.0	48.75
74429	33.125	10.0	48.125
74465	31.25	8.75	48.125
74501	30.625	8.75	45.0
74537	30.0	9.375	42.5
74573	28.75	10.0	42.5
74609	30.625	8.75	42.5
74645	31.875	8.125	41.875
74681	30.0	7.5	41.875
74717	31.875	6.25	41.875
74753	32.5	5.625	41.25
74789	35.0	6.25	42.5
74825	36.875	6.875	41.875
74861	34.375	7.5	41.25
74897	33.125	7.5	40.0
74933	33.125	8.75	39.375
74969	33.75	9.375	40.625
75005	36.25	8.125	42.5
75041	38.75	7.5	43.125
75077	38.125	8.125	42.5
75113	36.875	8.75	43.125
75149	38.75	9.375	41.875
75185	40.625	10.0	42.5
75221	39.375	11.25	43.125
75257	39.375	11.25	40.625
75293	38.75	12.5	42.5
75329	42.5	11.875	44.375
75365	40.625	12.5	44.375
75401	41.25	11.25	45.0
75437	41.875	10.0	43.125
75473	40.0	10.625	43.125
75509	36.875	12.5	43.125
75545	36.25	12.5	42.5
75581	35.0	11.875	43.75
75617	35.0	11.875	44.375
75653	35.0	11.25	43.75
75689	35.625	8.75	43.75
75725	35.625	8.125	42.5
75761	35.625	8.125	40.625
75797	36.25	6.875	38.75
75833	36.875	6.875	38.125
75869	38.125	6.875	37.5
75905	36.875	8.125	38.125
75941	36.875	9.375	40.0
75977	38.75	6.25	40.0
76013	38.75	6.25	39.375
76049	37.5	6.875	36.25
76085	38.75	6.25	36.25
76121	40.0	8.75	35.625
76157	40.625	8.75	36.25
76193	38.125	8.75	35.625
76229	38.125	9.375	36.25
76265	38.125	8.125	38.125
76301	39.375	9.375	39.375
76337	40.0	8.125	40.0
76373	39.375	7.5	40.0
76409	41.875	7.5	38.75
76445	43.75	7.5	39.375
76481	43.125	8.75	40.625
76517	43.125	9.375	39.375
76553	45.0	10.625	38.125
76589	43.125	9.375	40.625
76625	42.5	10.0	37.5
76661	43.75	10.625	38.75
76697	41.875	10.625	36.875
76733	41.875	10.625	36.25
76769	40.625	10.0	35.0
76805	38.75	10.625	34.375
76841	37.5	11.25	34.375
76877	38.125	9.375	31.875
76913	36.875	10.0	31.875
76949	36.25	9.375	31.25
76985	36.875	8.125	34.375
77021	36.875	6.875	34.375
77057	38.125	7.5	32.5
77093	40.625	6.875	31.875
77129	41.25	5.625	31.875
77165	40.625	5.625	32.5
77201	42.5	5.625	31.875
77237	45.625	8.125	33.125
77273	47.5	8.125	34.375
77309	46.25	9.375	34.375
77345	45.0	10.0	33.125
77381	47.5	10.625	33.125
77417	48.75	11.25	33.125
77453	49.375	11.25	32.5
77489	48.75	11.875	31.25
77525	48.75	12.5	31.25
77561	50.625	11.875	32.5
77597	50.625	13.125	33.125
77633	51.875	12.5	33.75
77669	51.25	13.75	32.5
77705	51.25	12.5	31.25
77741	50.0	13.75	31.875
77777	51.25	12.5	31.875
77813	50.625	12.5	33.125
77849	51.25	11.875	36.875
77885	49.375	12.5	33.75
77921	48.125	14.375	34.375
77957	48.125	13.125	33.75
77993	50.625	13.125	35.625
78029	50.0	13.125	35.0
78065	48.75	14.375	35.625
78101	47.5	13.75	33.75
78137	46.25	13.125	34.375
78173	46.875	12.5	35.0
78209	48.125	11.25	35.0
78245	47.5	11.25	33.75
78281	48.75	11.875	35.0
78317	48.75	11.875	33.125
78353	48.125	13.125	33.75
78389	49.375	11.25	32.5
78425	52.5	10.0	29.375
78461	49.375	11.25	28.125
78497	46.875	11.25	26.25
78533	47.5	10.0	25.625
78569	45.0	11.25	25.0
78605	45.625	15.0	26.875
78641	47.5	16.25	30.625
78677	46.25	17.5	32.5
78713	45.0	18.125	31.875
78749	40.625	20.0	29.375
78785	36.25	20.0	31.875
78821	35.625	20.625	31.25
78857	32.5	21.25	32.5
78893	28.125	24.375	34.375
78929	27.5	23.75	36.25
78965	25.625	26.875	37.5
79001	22.5	26.875	38.125
79037	20.0	26.25	37.5
79073	16.875	26.875	37.5
79109	14.375	25.0	37.5
79145	10.625	25.0	35.625
79181	10.625	26.25	35.0
79217	11.25	25.625	35.0
79253	11.25	25.0	35.0
79289	13.125	24.375	35.0
79325	13.75	24.375	33.125
79361	16.25	25.0	31.875
79397	18.125	26.25	33.125
79433	21.25	25.625	34.375
79469	26.875	25.625	35.0
79505	30.0	25.625	36.875
79541	31.25	25.0	38.125
79577	31.25	25.625	37.5
79613	34.375	24.375	36.875
79649	35.625	23.75	35.625
79685	39.375	23.125	39.375
79721	45.0	21.25	41.25
79757	45.625	20.625	41.25
79793	45.625	18.75	45.0
79829	48.75	17.5	46.875
79865	49.375	15.625	46.875
79901	48.125	15.0	46.875
79937	45.625	16.875	45.0
79973	45.625	16.875	45.625
80009	45.625	13.75	48.125
80045	48.125	15.0	48.125
80081	50.625	14.375	48.125
80117	50.625	13.125	50.0
80153	49.375	13.125	50.0
80189	50.0	13.75	50.0
80225	50.625	13.75	53.75
80261	49.375	15.0	50.0
80297	46.875	16.875	48.125
80333	45.0	20.0	44.375
80369	43.75	23.75	41.25
80405	45.0	25.0	41.25
80441	42.5	25.625	38.75
80477	39.375	29.375	35.625
80513	41.875	30.625	32.5
80549	38.75	32.5	29.375
80585	38.125	35.0	27.5
80621	35.0	36.25	23.75
80657	32.5	38.75	20.0
80693	31.875	41.875	13.75
80729	29.375	45.0	11.25
80765	30.625	45.0	12.5
80801	31.25	45.625	14.375
80837	31.875	45.0	16.25
80873	30.625	44.375	16.25
80909	30.625	45.0	19.375
80945	30.625	42.5	19.375
80981	28.125	43.125	21.875
81017	27.5	43.125	24.375
81053	28.125	42.5	25.625
81089	26.875	45.0	25.0
81125	28.125	47.5	25.0
81161	26.25	44.375	25.625
81197	26.25	45.625	26.875
81233	25.0	46.875	26.25
81269	25.625	46.25	24.375
81305	23.75	47.5	24.375
81341	25.625	45.625	25.0
81377	23.75	47.5	21.25
81413	24.375	48.75	20.625
81449	26.25	51.875	16.875
81485	26.875	52.5	15.0
81521	28.75	53.125	13.75
81557	28.75	55.0	13.125
81593	29.375	53.125	13.125
81629	28.125	54.375	13.75
81665	28.125	53.75	13.75
81701	30.625	51.875	12.5
81737	30.0	51.875	14.375
81773	32.5	52.5	12.5
81809	32.5	50.625	12.5
81845	35.0	48.125	10.625
81881	36.875	48.75	9.375
81917	36.875	46.875	8.75
81953	36.875	45.625	9.375
81989	35.625	45.0	9.375
82025	39.375	43.75	9.375
82061	39.375	43.125	8.75
82097	40.625	40.625	9.375
82133	41.25	40.625	9.375
82169	41.875	40.0	11.25
82205	42.5	38.125	12.5
82241	43.125	35.0	16.25
82277	45.0	34.375	17.5
82313	45.0	33.125	20.0
82349	45.0	30.625	21.25
82385	46.25	28.75	25.625
82421	48.75	26.25	29.375
82457	51.875	23.75	29.375
82493	48.125	25.0	31.25
82529	48.125	22.5	33.125
82565	50.0	20.0	35.625
82601	52.5	21.25	36.875
82637	52.5	19.375	38.125
82673	55.0	18.75	38.75
82709	53.75	18.75	35.625
82745	52.5	19.375	34.375
82781	52.5	18.75	35.625
82817	51.875	18.125	38.125
82853	50.625	19.375	35.0
82889	50.0	21.25	32.5
82925	47.5	21.875	35.625
82961	48.125	20.0	35.0
82997	47.5	19.375	34.375
83033	47.5	20.0	35.625
83069	45.0	18.75	37.5
83105	42.5	20.0	38.125
83141	43.125	20.0	38.75
83177	45.625	18.75	39.375
83213	46.875	18.125	40.625
83249	46.875	18.75	40.625
83285	47.5	17.5	40.625
83321	48.75	16.875	41.25
83357	49.375	17.5	41.875
83393	50.0	16.25	42.5
83429	50.625	15.625	45.0
83465	51.875	16.875	44.375
83501	50.625	16.875	41.875
83537	52.5	16.875	43.125
83573	53.75	16.25	40.625
83609	50.0	17.5	38.125
83645	46.25	17.5	38.75
83681	41.875	18.75	37.5
83717	38.125	20.0	37.5
83753	34.375	21.875	38.125
83789	30.625	25.625	37.5
83825	27.5	25.0	40.0
83861	27.5	23.75	40.0
83897	23.125	26.25	39.375
83933	21.25	27.5	40.0
83969	18.75	28.75	43.125
84005	15.625	30.0	43.125
84041	10.625	32.5	45.625
84077	11.875	34.375	51.875
84113	12.5	35.0	50.625
84149	11.25	36.875	53.75
84185	10.625	35.625	54.375
84221	11.875	36.25	55.0
84257	13.75	33.125	53.75
84293	15.0	33.125	53.75
84329	13.75	34.375	53.75
84365	13.125	33.75	53.125
84401	10.0	34.375	55.625
84437	10.0	33.75	53.75
84473	10.0	32.5	53.75
84509	10.0	31.25	52.5
84545	10.625	27.5	50.0
84581	10.625	27.5	51.25
84617	11.25	25.625	51.875
84653	11.875	26.25	53.75
84689	12.5	26.875	55.625
84725	12.5	29.375	55.625
84761	11.875	30.625	56.25
84797	13.125	30.625	56.25
84833	13.125	31.25	58.75
84869	13.125	30.625	57.5
84905	13.125	28.125	56.25
84941	15.625	28.125	55.0
84977	17.5	26.875	53.125
85013	18.75	28.125	49.375
85049	20.0	26.875	49.375
85085	21.875	26.875	46.25
85121	25.625	26.25	42.5
85157	26.875	23.75	40.0
85193	26.25	26.25	37.5
85229	29.375	27.5	35.625
85265	28.125	26.875	33.75
85301	26.875	25.625	32.5
85337	27.5	26.25	32.5
85373	27.5	29.375	31.875
85409	26.25	31.875	33.75
85445	26.25	31.875	35.625
85481	24.375	32.5	38.125
85517	21.875	33.75	39.375
85553	20.625	34.375	41.875
85589	15.0	33.75	44.375
85625	15.625	33.125	45.625
85661	13.75	30.625	48.125
85697	11.25	30.0	48.125
85733	11.25	30.625	50.625
85769	13.125	31.25	51.25
85805	14.375	30.0	51.25
85841	13.75	27.5	50.625
85877	13.75	28.125	50.0
85913	14.375	28.75	50.0
85949	13.125	30.0	49.375
85985	14.375	28.75	46.875
86021	15.0	31.875	46.875
86057	15.625	33.125	46.25
86093	15.0	36.875	46.25
86129	13.75	36.25	46.25
86165	14.375	35.0	45.625
86201	13.75	34.375	44.375
86237	12.5	33.75	44.375
86273	11.875	36.25	44.375
86309	14.375	35.0	43.75
86345	14.375	33.75	43.75
86381	14.375	33.125	44.375
86417	15.0	32.5	45.625
86453	15.625	33.75	49.375
86489	16.25	32.5	49.375
86525	16.25	30.625	47.5
86561	15.625	30.0	45.0
86597	15.625	28.75	46.25
86633	13.125	30.625	47.5
86669	15.0	31.875	48.75
86705	14.375	31.25	46.875
86741	14.375	30.625	46.25
86777	13.125	31.25	46.875
86813	12.5	31.875	46.875
86849	13.125	33.125	43.75
86885	13.75	30.625	45.0
86921	13.125	30.625	43.75
86957	11.25	28.125	45.0
86993	11.25	28.75	46.25
87029	10.625	30.0	45.0
87065	11.875	32.5	45.0
87101	12.5	30.625	46.875
87137	13.125	28.125	47.5
87173	13.125	26.25	46.875
87209	13.75	26.25	50.0
87245	11.875	26.875	52.5
87281	11.25	26.25	55.625
87317	10.0	25.0	58.75
87353	8.75	27.5	59.375
87389	7.5	26.875	60.0
87425	8.125	27.5	58.75
87461	8.75	26.25	57.5
87497	8.75	26.875	56.875
87533	8.75	26.25	58.125
87569	8.75	26.25	58.125
87605	6.875	27.5	56.875
87641	9.375	31.25	56.25
87677	8.75	31.875	54.375
87713	9.375	30.625	51.25
87749	10.625	31.25	47.5
87785	11.875	31.25	47.5
87821	11.875	31.875	46.875
87857	12.5	32.5	47.5
87893	13.75	31.875	46.25
87929	13.125	32.5	46.875
87965	13.125	32.5	48.75
88001	13.75	31.875	49.375
88037	13.75	33.75	47.5
88073	14.375	31.875	47.5
88109	13.75	30.0	48.75
88145	14.375	29.375	47.5
88181	13.75	31.875	49.375
88217	14.375	31.25	50.0
88253	13.75	33.125	52.5
88289	13.125	34.375	50.625
88325	13.75	33.75	48.125
88361	11.875	31.875	48.125
88397	11.25	33.75	47.5
88433	11.25	34.375	46.875
88469	10.0	35.625	45.625
88505	10.625	36.25	47.5
88541	10.0	33.75	45.625
88577	8.125	36.875	45.0
88613	6.875	35.625	47.5
88649	7.5	33.75	46.25
88685	8.125	35.0	49.375
88721	8.125	35.0	45.625
88757	9.375	35.625	46.25
88793	8.75	34.375	45.0
88829	9.375	36.25	46.875
88865	9.375	36.25	48.125
88901	10.625	34.375	48.75
88937	11.25	35.625	50.625
88973	11.25	35.0	47.5
89009	11.875	37.5	48.125
89045	12.5	37.5	48.125
89081	13.125	41.25	48.75
89117	14.375	43.75	49.375
89153	16.25	41.25	47.5
89189	15.0	41.875	48.75
89225	13.75	42.5	46.875
89261	14.375	43.125	50.0
89297	14.375	44.375	51.25
89333	15.0	45.625	50.0
89369	16.25	43.75	46.25
89405	15.0	41.875	46.875
89441	15.0	41.25	48.125
89477	16.25	40.0	46.875
89513	15.0	41.25	47.5
89549	15.625	38.125	46.25
89585	17.5	35.625	45.625
89621	15.0	36.25	46.875
89657	14.375	38.125	47.5
89693	15.0	35.0	46.25
89729	14.375	34.375	46.875
89765	13.75	35.625	45.625
89801	14.375	35.0	46.25
89837	13.75	35.0	46.875
89873	11.875	35.625	46.875
89909	12.5	34.375	45.625
89945	11.25	35.625	45.625
89981	11.875	34.375	45.625
90017	11.25	33.125	45.0
90053	9.375	33.125	45.625
90089	12.5	31.25	45.0