# BASE VAL1 VAL2
# color 0:255:0 0:0:255 100:100:100
35	33.75	25.0	25.0
107	31.875	26.25	26.25
179	30.0	26.875	29.375
251	30.625	28.125	30.625
323	34.375	22.5	25.625
395	36.875	20.0	29.375
467	43.125	16.25	33.125
539	46.875	10.0	33.125
611	46.25	10.625	34.375
683	43.75	8.75	35.625
755	41.25	10.0	30.625
827	36.25	15.625	29.375
899	30.625	17.5	26.25
971	33.125	17.5	23.75
1043	32.5	20.0	23.125
1115	36.25	19.375	24.375
1187	37.5	20.625	23.75
1259	44.375	16.25	28.75
1331	45.625	12.5	31.25
1403	48.125	8.75	32.5
1475	47.5	6.875	33.125
1547	46.875	7.5	33.125
1619	44.375	8.75	31.25
1691	43.75	8.75	30.0
1763	41.875	8.75	30.0
1835	42.5	9.375	31.25
1907	38.125	12.5	26.875
1979	33.125	17.5	32.5
2051	27.5	21.875	34.375
2123	21.875	24.375	38.75
2195	17.5	28.125	41.875
2267	11.875	33.75	46.25
2339	10.0	36.25	51.25
2411	10.625	38.75	57.5
2483	10.0	36.875	55.0
2555	10.0	36.875	53.125
2627	12.5	35.0	51.25
2699	15.0	32.5	49.375
2771	18.75	27.5	47.5
2843	21.875	23.125	43.75
2915	27.5	17.5	41.25
2987	35.0	13.125	38.75
3059	42.5	10.625	36.875
3131	41.875	11.875	38.75
3203	40.0	16.875	40.625
3275	34.375	22.5	39.375
3347	28.75	28.125	41.25
3419	25.625	31.875	39.375
3491	18.75	35.0	43.125
3563	13.75	38.75	44.375
3635	11.875	36.875	46.875
3707	11.25	33.75	44.375
3779	14.375	30.0	42.5
3851	14.375	28.125	35.0
3923	17.5	26.25	34.375
3995	20.0	24.375	30.625
4067	23.75	21.875	28.75
4139	30.625	23.125	23.75
4211	36.875	25.0	21.875
4283	36.875	25.625	22.5
4355	37.5	22.5	22.5
4427	35.0	26.875	25.625
4499	33.75	25.0	26.25
4571	31.25	21.875	28.75
4643	28.125	18.125	28.75
4715	26.875	13.75	35.0
4787	25.625	10.625	37.5
4859	26.875	8.75	39.375
4931	28.125	6.25	41.25
5003	35.0	4.375	40.625
5075	33.75	9.375	36.875
5147	35.625	12.5	35.0
5219	35.0	21.25	30.625
5291	33.125	23.125	28.125
5363	30.625	28.125	28.75
5435	26.25	33.125	29.375
5507	20.625	35.0	30.0
5579	21.25	33.125	35.625
5651	16.875	30.625	34.375
5723	17.5	27.5	35.0
5795	21.25	24.375	36.25
5867	20.0	21.875	31.25
5939	23.75	18.75	35.0
6011	23.125	21.25	35.625
6083	25.0	20.625	39.375
6155	28.75	18.125	45.0
6227	30.0	18.75	47.5
6299	30.625	18.75	48.125
6371	35.625	19.375	55.0
6443	36.875	20.625	54.375
6515	38.125	23.125	52.5
6587	38.125	25.625	49.375
6659	36.25	29.375	42.5
6731	36.875	30.625	37.5
6803	36.25	31.875	31.875
6875	33.125	31.25	26.875
6947	30.625	27.5	25.0
7019	26.25	29.375	20.625
7091	30.0	27.5	21.875
7163	26.875	30.625	25.625
7235	25.0	30.625	26.25
7307	20.625	31.25	32.5
7379	31.25	29.375	30.0
7451	34.375	33.125	28.125
7523	38.125	28.75	29.375
7595	36.875	28.125	28.75
7667	43.75	23.75	31.25
7739	45.625	22.5	32.5
7811	44.375	23.75	27.5
7883	36.25	25.0	30.625
7955	31.25	25.0	30.625
8027	28.125	26.25	30.0
8099	22.5	26.875	25.0
8171	17.5	30.0	18.125
8243	16.875	31.25	21.875
8315	15.625	31.25	20.625
8387	17.5	31.875	19.375
8459	22.5	31.25	16.875
8531	26.875	33.125	16.875
8603	31.25	35.0	16.875
8675	34.375	33.75	16.875
8747	39.375	31.875	13.125
8819	38.125	29.375	13.75
8891	36.25	28.75	13.75
8963	36.25	24.375	20.625
9035	35.0	18.125	25.0
9107	32.5	15.0	28.125
9179	30.625	13.75	29.375
9251	26.875	15.625	32.5
9323	24.375	18.125	32.5
9395	26.25	21.25	28.125
9467	25.625	22.5	22.5
9539	23.125	26.25	18.125
9611	25.0	30.0	16.25
9683	26.875	27.5	14.375
9755	29.375	23.75	14.375
9827	33.75	20.0	15.0
9899	28.125	17.5	20.625
9971	27.5	13.75	22.5
10043	25.0	12.5	25.625
10115	23.125	16.25	26.25
10187	20.0	23.75	25.625
10259	22.5	23.75	23.125
10331	24.375	25.625	20.0
10403	28.75	26.875	16.25
10475	31.875	27.5	14.375
10547	34.375	28.75	11.875
10619	41.25	26.25	7.5
10691	46.25	24.375	6.25
10763	43.75	26.875	5.625
10835	40.0	30.625	11.25
10907	34.375	28.75	13.125
10979	34.375	31.875	17.5
11051	33.125	33.125	20.625
11123	25.625	29.375	24.375
11195	21.25	28.125	28.125
11267	18.75	27.5	26.25
11339	16.25	30.0	26.25
11411	14.375	33.75	24.375
11483	11.875	30.625	26.25
11555	14.375	30.0	26.25
11627	20.0	30.625	30.625
11699	23.125	29.375	29.375
11771	29.375	32.5	26.875
11843	36.875	30.625	23.75
11915	40.0	29.375	22.5
11987	41.25	31.875	21.25
12059	38.125	34.375	18.125
12131	38.125	31.25	17.5
12203	36.875	29.375	20.625
12275	34.375	32.5	21.25
12347	30.0	31.875	20.625
12419	29.375	29.375	24.375
12491	31.25	26.875	19.375
12563	35.0	31.875	18.75
12635	36.875	32.5	14.375
12707	36.875	32.5	11.25
12779	33.75	31.875	11.25
12851	30.0	35.0	12.5
12923	28.125	36.875	15.625
12995	25.0	35.625	21.25
13067	18.75	35.0	23.125
13139	16.875	36.25	26.25
13211	16.25	35.625	28.75
13283	22.5	30.625	27.5
13355	25.625	31.875	25.0
13427	27.5	34.375	19.375
13499	31.25	31.25	15.625
13571	36.875	31.25	12.5
13643	33.75	36.25	15.0
13715	26.875	38.75	19.375
13787	22.5	43.125	25.625
13859	17.5	43.125	28.75
13931	13.75	46.25	30.625
14003	8.125	50.625	35.625
14075	6.25	51.25	40.625
14147	6.25	49.375	38.75
14219	6.875	49.375	36.25
14291	8.125	46.875	33.75
14363	9.375	42.5	36.875
14435	7.5	41.875	38.125
14507	6.875	40.625	36.25
14579	6.875	38.75	35.0
14651	7.5	38.75	33.125
14723	6.25	38.125	33.75
14795	6.875	36.875	33.125
14867	7.5	38.75	31.875
14939	6.875	38.75	33.125
15011	9.375	37.5	33.125
15083	15.0	31.25	33.75
15155	17.5	26.25	32.5
15227	21.875	22.5	34.375
15299	23.125	23.125	33.125
15371	25.0	22.5	32.5
15443	24.375	18.75	28.125
15515	21.25	21.25	28.125
15587	21.875	24.375	25.0
15659	28.75	28.75	22.5
15731	28.125	30.0	16.875
15803	29.375	26.25	15.0
15875	31.875	25.625	15.625
15947	37.5	28.75	14.375
16019	40.0	27.5	13.75
16091	40.0	28.125	12.5
16163	36.25	28.75	15.0
16235	37.5	26.875	16.25
16307	40.0	27.5	14.375
16379	40.0	29.375	14.375
16451	40.625	28.125	13.125
16523	41.25	27.5	13.75
16595	40.625	29.375	13.125
16667	43.125	27.5	11.875
16739	40.0	30.625	11.875
16811	43.125	30.0	10.0
16883	46.25	31.25	11.25
16955	45.0	30.0	13.125
17027	45.625	33.125	11.25
17099	48.75	30.625	11.875
17171	50.0	32.5	10.625
17243	48.75	32.5	11.25
17315	44.375	31.875	12.5
17387	46.875	30.0	10.625
17459	43.75	33.125	11.875
17531	41.875	34.375	11.25
17603	38.75	34.375	11.25
17675	38.125	33.125	10.625
17747	38.75	32.5	11.25
17819	39.375	29.375	10.625
17891	36.875	27.5	16.875
17963	36.25	24.375	21.25
18035	35.625	20.0	25.625
18107	36.25	18.125	28.125
18179	35.625	14.375	30.625
18251	32.5	13.125	35.0
18323	32.5	13.75	36.875
18395	31.25	14.375	36.875
18467	31.875	11.25	37.5
18539	33.125	12.5	38.75
18611	32.5	14.375	40.625
18683	32.5	13.75	45.625
18755	30.625	15.625	45.625
18827	30.0	12.5	43.75
18899	31.25	12.5	46.25
18971	30.0	15.625	46.875
19043	30.0	11.875	46.875
19115	30.0	13.125	45.0
19187	32.5	13.125	42.5
19259	30.625	18.125	36.875
19331	30.0	20.625	31.25
19403	28.75	25.625	23.75
19475	28.75	25.625	18.125
19547	28.125	27.5	13.75
19619	26.25	25.625	6.875
19691	28.125	31.25	5.0
19763	27.5	29.375	6.25
19835	25.0	32.5	11.875
19907	26.25	30.0	18.75
19979	26.875	33.125	22.5
20051	27.5	30.625	26.875
20123	26.875	30.625	34.375
20195	26.25	25.0	38.75
20267	24.375	26.25	43.125
20339	24.375	20.0	41.25
20411	26.875	18.75	41.875
20483	25.625	18.75	42.5
20555	28.125	18.75	43.125
20627	30.0	18.75	41.875
20699	31.25	16.875	45.0
20771	33.125	16.875	45.0
20843	35.0	15.0	46.875
20915	32.5	15.0	46.875
20987	35.625	13.125	47.5
21059	36.875	13.75	48.125
21131	35.0	13.125	48.125
21203	33.75	11.25	44.375
21275	35.0	12.5	42.5
21347	36.875	14.375	41.875
21419	35.0	15.0	43.125
21491	33.75	16.25	45.625
21563	35.0	16.875	48.125
21635	36.25	21.25	51.25
21707	35.0	23.125	56.875
21779	35.625	22.5	58.125
21851	36.25	22.5	57.5
21923	36.25	24.375	52.5
21995	33.75	25.0	53.75
22067	33.75	25.0	46.25
22139	30.625	27.5	40.0
22211	32.5	28.125	31.25
22283	32.5	33.125	26.875
22355	35.0	32.5	23.75
22427	37.5	34.375	18.125
22499	39.375	35.0	13.75
22571	44.375	38.125	13.125
22643	50.0	33.125	13.75
22715	53.125	32.5	14.375
22787	54.375	29.375	13.75
22859	54.375	30.625	15.625
22931	55.0	28.75	16.875
23003	54.375	26.875	18.125
23075	55.625	32.5	17.5
23147	56.25	41.25	17.5
23219	53.125	43.125	18.125
23291	51.25	41.25	17.5
23363	49.375	40.625	15.625
23435	49.375	41.875	14.375
23507	50.625	42.5	12.5
23579	43.125	35.625	10.625
23651	40.625	31.25	11.25
23723	41.875	31.25	11.25
23795	41.25	30.0	11.25
23867	43.75	29.375	10.0
23939	41.875	28.125	9.375
24011	41.875	30.0	9.375
24083	43.75	31.25	13.75
24155	42.5	31.875	11.25
24227	43.75	30.625	10.625
24299	42.5	30.0	11.25
24371	42.5	28.75	12.5
24443	39.375	28.125	13.125
24515	36.25	31.25	15.625
24587	30.0	33.125	16.25
24659	25.0	40.0	18.125
24731	19.375	42.5	19.375
24803	15.0	43.125	23.75
24875	11.25	45.625	25.625
24947	17.5	41.875	24.375
25019	20.625	39.375	24.375
25091	25.625	35.625	20.0
25163	31.25	31.25	22.5
25235	34.375	30.0	16.875
25307	40.625	31.25	12.5
25379	41.25	31.25	15.0
25451	40.0	29.375	19.375
25523	38.125	25.0	26.25
25595	34.375	23.75	31.875
25667	34.375	21.875	36.25
25739	35.625	16.25	41.875
25811	35.625	11.875	48.75
25883	32.5	11.875	47.5
25955	31.25	12.5	48.75
26027	30.625	13.125	45.625
26099	31.875	12.5	45.0
26171	33.125	10.625	44.375
26243	33.125	10.0	46.875
26315	32.5	8.75	46.25
26387	33.125	8.125	43.75
26459	32.5	8.125	43.75
26531	31.25	8.75	43.125
26603	30.0	8.75	43.75
26675	28.75	8.125	41.875
26747	30.0	7.5	40.0
26819	27.5	8.75	40.0
26891	26.875	9.375	40.0
26963	27.5	11.25	39.375
27035	26.875	16.875	43.75
27107	27.5	21.25	41.875
27179	28.125	23.125	41.25
27251	25.0	25.0	37.5
27323	25.0	25.0	35.625
27395	22.5	28.75	33.125
27467	20.0	28.125	28.125
27539	17.5	28.125	26.25
27611	15.625	28.125	29.375
27683	11.875	35.0	24.375
27755	9.375	38.125	27.5
27827	9.375	37.5	26.25
27899	10.0	36.25	26.25
27971	9.375	37.5	26.25
28043	8.75	37.5	26.875
28115	8.125	38.75	24.375
28187	9.375	37.5	30.625
28259	8.75	38.125	31.875
28331	8.75	39.375	35.625
28403	8.75	40.0	32.5
28475	6.875	41.875	36.875
28547	10.0	39.375	33.125
28619	8.75	40.625	33.125
28691	8.75	39.375	33.125
28763	9.375	37.5	29.375
28835	16.25	36.25	24.375
28907	20.0	38.125	18.75
28979	23.75	36.875	17.5
29051	23.75	36.875	16.875
29123	25.0	39.375	16.25
29195	26.25	39.375	16.25
29267	25.625	38.125	21.875
29339	24.375	33.75	25.625
29411	24.375	31.875	31.25
29483	23.75	26.25	35.0
29555	28.75	25.0	31.875
29627	32.5	21.875	29.375
29699	31.875	20.625	25.625
29771	36.25	22.5	22.5
29843	36.25	24.375	17.5
29915	38.125	28.125	11.875
29987	41.875	30.0	8.125
30059	44.375	27.5	8.75
30131	45.625	30.0	7.5
30203	46.875	31.875	8.125
30275	45.625	33.75	7.5
30347	47.5	33.125	7.5
30419	48.125	31.875	7.5
30491	44.375	33.125	6.875
30563	36.875	35.625	6.25
30635	35.0	30.625	7.5
30707	33.125	27.5	14.375
30779	31.25	25.0	18.75
30851	31.875	19.375	24.375
30923	30.0	19.375	26.875
30995	28.125	23.75	28.75
31067	28.75	25.625	29.375
31139	26.875	29.375	30.625
31211	21.875	34.375	29.375
31283	16.875	40.625	26.25
31355	10.0	47.5	26.25
31427	10.0	51.25	27.5
31499	11.25	46.25	30.0
31571	10.625	46.875	31.25
31643	7.5	46.875	30.625
31715	8.125	44.375	28.125
31787	12.5	36.875	31.25
31859	16.25	33.125	30.625
31931	18.75	24.375	32.5
32003	23.75	20.625	35.625
32075	27.5	15.0	37.5
32147	32.5	10.0	43.125
32219	36.875	11.25	44.375
32291	36.875	10.0	46.25
32363	38.125	10.625	46.875
32435	39.375	9.375	45.625
32507	35.0	8.125	45.625
32579	30.0	11.25	45.0
32651	29.375	11.25	43.75
32723	26.25	9.375	45.0
32795	26.875	10.625	41.875
32867	25.625	10.0	46.25
32939	23.125	11.875	42.5
33011	24.375	10.625	39.375
33083	25.625	8.75	35.625
33155	25.625	8.75	32.5
33227	28.125	13.75	26.875
33299	31.875	17.5	21.875
33371	32.5	21.25	16.875
33443	36.25	28.125	15.625
33515	38.125	32.5	13.125
33587	43.125	36.875	12.5
33659	45.0	40.0	12.5
33731	38.75	41.875	15.625
33803	33.75	41.875	17.5
33875	30.625	41.25	20.625
33947	28.125	36.875	23.75
34019	23.125	36.875	25.0
34091	16.25	35.0	27.5
34163	15.0	31.25	25.0
34235	18.75	28.75	21.875
34307	22.5	26.25	17.5
34379	23.75	27.5	14.375
34451	28.125	27.5	10.625
34523	34.375	28.75	10.625
34595	40.625	33.125	10.625
34667	40.625	36.25	15.0
34739	42.5	32.5	20.0
34811	40.625	28.75	20.625
34883	38.75	26.25	23.125
34955	36.25	25.0	28.75
35027	38.75	19.375	31.875
35099	35.0	13.125	35.625
35171	32.5	9.375	31.875
35243	28.75	13.75	35.0
35315	27.5	18.75	37.5
35387	26.875	21.875	38.125
35459	21.875	25.0	38.75
35531	13.75	29.375	34.375
35603	11.25	33.125	31.875
35675	10.625	35.0	28.125
35747	13.75	36.25	26.875
35819	14.375	37.5	24.375
35891	18.75	40.0	19.375
35963	24.375	41.875	14.375
36035	30.0	43.125	15.0
36107	32.5	46.875	15.0
36179	36.25	50.625	13.75
36251	33.125	50.625	13.125
36323	33.75	51.25	12.5
36395	33.75	52.5	11.875
36467	35.0	51.875	13.75
36539	31.875	51.875	11.875
36611	32.5	50.0	11.875
36683	32.5	50.0	11.25
36755	31.875	48.75	13.75
36827	31.875	47.5	14.375
36899	30.0	45.625	13.125
36971	29.375	43.75	13.125
37043	31.25	45.0	13.75
37115	28.75	43.75	15.0
37187	30.0	41.875	14.375
37259	30.625	45.0	16.25
37331	33.125	46.25	15.625
37403	30.0	47.5	15.625
37475	30.625	46.875	14.375
37547	31.875	46.25	14.375
37619	33.75	46.875	13.75
37691	32.5	46.875	13.75
37763	33.75	48.75	11.875
37835	32.5	45.0	14.375
37907	33.75	45.625	13.75
37979	32.5	47.5	13.75
38051	29.375	45.0	11.875
38123	30.0	43.75	12.5
38195	30.0	43.125	12.5
38267	27.5	42.5	14.375
38339	26.25	43.75	14.375
38411	25.0	45.625	14.375
38483	25.625	41.25	16.875
38555	28.125	43.125	18.125
38627	28.75	43.75	16.875
38699	30.0	42.5	16.25
38771	33.125	45.0	13.125
38843	34.375	46.25	13.125
38915	34.375	44.375	13.75
38987	31.875	45.625	13.125
39059	28.75	49.375	11.25
39131	26.25	51.875	10.625
39203	23.125	51.875	10.625
39275	23.75	50.0	8.125
39347	23.125	52.5	8.125
39419	23.75	53.75	6.875
39491	26.875	50.625	6.875
39563	25.625	50.0	7.5
39635	30.0	50.625	7.5
39707	32.5	48.125	7.5
39779	28.75	45.625	6.875
39851	30.625	42.5	8.125
39923	30.625	43.125	8.125
39995	33.125	46.25	7.5
40067	30.625	43.75	8.75
40139	29.375	43.75	8.125
40211	28.125	42.5	9.375
40283	27.5	43.125	9.375
40355	28.125	43.75	8.75
40427	26.875	42.5	8.125
40499	30.0	41.875	9.375
40571	27.5	41.25	10.625
40643	31.25	40.0	9.375
40715	33.125	42.5	11.25
40787	33.75	43.75	11.875
40859	33.125	43.75	13.125
40931	31.875	41.875	11.875
41003	33.125	44.375	8.75
41075	33.75	44.375	12.5
41147	36.25	45.625	14.375
41219	35.625	41.25	11.25
41291	35.0	42.5	11.875
41363	33.75	43.125	12.5
41435	35.0	43.125	12.5
41507	33.125	43.125	12.5
41579	32.5	43.125	8.75
41651	31.875	45.0	6.875
41723	30.0	45.625	8.125
41795	28.75	42.5	6.875
41867	30.0	41.25	7.5
41939	28.75	39.375	10.0
42011	31.25	37.5	10.0
42083	31.25	38.125	10.625
42155	30.625	38.75	10.625
42227	29.375	40.625	11.25
42299	28.75	44.375	10.625
42371	26.875	45.625	9.375
42443	28.75	46.875	8.125
42515	28.125	50.0	6.875
42587	27.5	46.875	6.25
42659	28.125	47.5	7.5
42731	30.0	47.5	9.375
42803	32.5	45.625	10.0
42875	32.5	45.625	11.875
42947	33.75	46.25	18.75
43019	35.625	46.25	23.125
43091	37.5	45.0	22.5
43163	37.5	45.0	23.75
43235	35.0	45.625	23.125
43307	35.0	49.375	23.75
43379	31.25	48.75	18.75
43451	30.625	55.0	14.375
43523	29.375	55.0	13.125
43595	27.5	56.25	15.0
43667	30.0	56.875	11.875
43739	31.25	56.875	11.875
43811	30.625	52.5	11.875
43883	31.875	52.5	14.375
43955	32.5	50.0	11.25
44027	35.0	48.125	10.625
44099	36.25	46.875	10.0
44171	36.875	44.375	11.25
44243	35.625	46.25	11.875
44315	34.375	45.0	10.625
44387	32.5	43.75	13.125
44459	28.75	42.5	14.375
44531	28.125	43.125	17.5
44603	26.25	43.75	18.75
44675	25.625	44.375	18.75
44747	23.125	45.0	18.75
44819	26.875	48.125	15.625
44891	31.25	45.625	13.125
44963	30.625	46.25	12.5
45035	28.125	45.625	10.0
45107	28.75	47.5	6.25
45179	29.375	45.625	6.25
45251	30.625	41.875	6.25
45323	29.375	43.125	8.125
45395	26.25	45.0	6.875
45467	29.375	46.875	8.125
45539	29.375	49.375	10.0
45611	26.25	46.875	11.875
45683	28.125	48.75	11.25
45755	28.75	48.75	11.25
45827	28.75	50.625	10.625
45899	29.375	46.25	11.25
45971	29.375	43.125	8.75
46043	30.625	41.875	10.0
46115	31.875	41.875	9.375
46187	33.125	40.625	10.625
46259	31.25	39.375	10.625
46331	31.25	36.875	10.625
46403	30.0	38.75	10.0
46475	30.625	40.0	9.375
46547	30.0	41.25	9.375
46619	28.75	40.0	8.75
46691	30.0	40.0	10.0
46763	28.75	38.75	10.0
46835	30.0	40.0	10.0
46907	28.125	39.375	11.25
46979	30.0	38.125	10.625
47051	30.625	36.875	10.0
47123	31.25	40.625	9.375
47195	34.375	41.875	8.75
47267	35.625	43.125	8.125
47339	36.875	43.75	10.0
47411	31.875	46.25	9.375
47483	32.5	45.625	10.0
47555	29.375	46.25	10.0
47627	28.125	46.25	10.0
47699	26.25	47.5	10.0
47771	26.875	46.25	9.375
47843	25.625	40.625	11.875
47915	27.5	37.5	14.375
47987	28.75	35.0	16.25
48059	30.0	29.375	19.375
48131	31.25	26.875	22.5
48203	33.75	29.375	27.5
48275	35.0	25.625	32.5
48347	38.125	23.125	30.0
48419	38.125	21.25	31.875
48491	40.0	20.625	32.5
48563	40.625	21.875	36.25
48635	41.875	18.125	33.75
48707	40.0	12.5	28.75
48779	42.5	10.625	26.25
48851	41.25	11.25	30.625
48923	38.75	13.75	30.0
48995	33.75	19.375	33.125
49067	29.375	21.875	33.125
49139	23.75	25.0	35.0
49211	19.375	29.375	36.875
49283	14.375	33.125	39.375
49355	7.5	38.75	36.875
49427	8.125	39.375	35.0
49499	9.375	38.125	33.125
49571	6.875	40.625	33.125
49643	8.75	40.625	33.125
49715	8.125	40.625	35.625
49787	6.875	40.625	36.25
49859	6.875	41.25	36.875
49931	5.625	35.625	38.125
50003	6.25	35.0	38.75
50075	8.125	35.0	35.625
50147	7.5	35.625	37.5
50219	8.75	36.875	34.375
50291	9.375	34.375	35.0
50363	10.0	34.375	32.5
50435	11.875	33.125	33.125
50507	11.875	31.25	31.875
50579	10.0	31.875	38.125
50651	10.625	30.0	36.875
50723	9.375	31.25	38.75
50795	8.125	32.5	38.125
50867	9.375	30.0	41.875
50939	10.0	30.625	41.25
51011	8.125	29.375	42.5
51083	8.125	30.625	42.5
51155	5.625	33.75	45.625
51227	7.5	33.125	46.25
51299	8.125	32.5	43.125
51371	6.25	32.5	43.75
51443	5.0	33.75	46.25
51515	6.875	36.875	48.75
51587	7.5	36.25	46.25
51659	6.875	35.0	47.5
51731	5.0	35.625	50.625
51803	5.625	35.625	54.375
51875	6.875	35.625	53.125
51947	8.75	31.875	50.0
52019	7.5	28.75	47.5
52091	8.125	26.25	47.5
52163	8.75	27.5	45.0
52235	8.75	28.125	43.125
52307	10.0	26.875	45.0
52379	9.375	26.875	45.0
52451	8.125	29.375	48.75
52523	9.375	28.125	50.625
52595	8.125	30.0	51.875
52667	7.5	30.0	54.375
52739	6.875	30.0	56.25
52811	6.875	33.75	54.375
52883	6.875	33.75	53.75
52955	7.5	35.0	53.125
53027	7.5	36.25	53.125
53099	10.625	39.375	52.5
53171	12.5	45.0	50.625
53243	12.5	42.5	50.0
53315	10.0	43.75	52.5
53387	10.0	43.75	53.125
53459	10.625	45.0	54.375
53531	12.5	44.375	51.25
53603	8.125	41.875	50.625
53675	7.5	42.5	49.375
53747	10.0	43.125	50.0
53819	11.25	43.75	48.125
53891	10.625	46.875	49.375
53963	9.375	44.375	48.75
54035	10.0	48.125	50.625
54107	10.625	42.5	48.75
54179	10.0	43.75	51.875
54251	13.75	37.5	47.5
54323	18.75	33.75	45.0
54395	26.875	26.25	39.375
54467	35.0	21.25	35.625
54539	38.75	16.25	35.625
54611	45.625	11.875	36.25
54683	50.0	8.125	35.625
54755	50.0	7.5	38.75
54827	48.125	9.375	38.125
54899	48.125	10.0	38.75
54971	49.375	11.875	39.375
55043	49.375	11.875	40.0
55115	48.125	11.25	38.125
55187	50.0	9.375	40.0
55259	50.625	8.125	38.125
55331	50.625	7.5	42.5
55403	49.375	8.125	40.625
55475	46.875	5.625	40.625
55547	45.625	8.125	38.125
55619	43.75	10.625	35.625
55691	43.75	11.875	35.625
55763	44.375	11.25	36.875
55835	42.5	10.0	33.125
55907	45.0	8.75	32.5
55979	45.0	8.75	35.0
56051	48.125	5.0	39.375
56123	47.5	5.0	39.375
56195	46.875	5.0	41.875
56267	51.25	6.875	43.125
56339	53.75	7.5	45.625
56411	55.625	8.75	45.625
56483	55.0	9.375	45.0
56555	56.875	9.375	41.25
56627	60.0	8.125	40.625
56699	61.875	6.875	41.25
56771	61.875	7.5	37.5
56843	59.375	6.875	36.25
56915	57.5	7.5	37.5
56987	58.75	11.25	33.125
57059	53.125	15.625	31.25
57131	48.125	21.875	26.875
57203	43.125	27.5	21.25
57275	41.875	33.75	18.125
57347	35.625	40.625	14.375
57419	37.5	47.5	9.375
57491	35.0	48.75	10.0
57563	40.0	50.625	8.75
57635	41.25	50.0	8.125
57707	41.875	49.375	7.5
57779	40.0	47.5	7.5
57851	36.875	43.75	5.625
57923	34.375	40.0	5.0
57995	31.875	36.25	6.25
58067	26.875	35.625	10.0
58139	23.75	35.0	11.875
58211	29.375	34.375	12.5
58283	30.0	35.625	11.875
58355	30.625	34.375	14.375
58427	33.75	41.875	16.875
58499	35.625	44.375	16.25
58571	41.25	45.0	14.375
58643	40.0	48.125	18.75
58715	41.875	50.625	26.25
58787	44.375	50.625	24.375
58859	45.0	50.625	24.375
58931	46.25	49.375	22.5
59003	45.0	47.5	22.5
59075	44.375	45.625	20.0
59147	41.25	51.25	14.375
59219	42.5	48.75	10.0
59291	36.875	46.875	11.875
59363	36.875	43.125	11.875
59435	35.0	42.5	11.875
59507	36.875	39.375	10.625
59579	36.875	36.25	9.375
59651	33.75	31.875	10.625
59723	33.125	35.0	9.375
59795	35.625	33.125	8.125
59867	34.375	33.125	5.625
59939	33.75	33.75	7.5
60011	30.625	32.5	8.75
60083	32.5	36.25	10.625
60155	30.0	40.0	9.375
60227	30.625	40.625	8.75
60299	31.25	43.75	9.375
60371	28.75	44.375	8.75
60443	28.75	43.75	8.75
60515	31.875	47.5	8.125
60587	27.5	44.375	7.5
60659	30.0	41.875	8.75
60731	32.5	41.25	8.75
60803	31.875	40.625	8.75
60875	34.375	36.25	9.375
60947	35.625	36.25	8.75
61019	35.0	33.75	9.375
61091	38.125	36.25	8.125
61163	36.875	36.25	8.125
61235	36.25	33.75	8.125
61307	36.25	37.5	7.5
61379	37.5	38.75	7.5
61451	36.25	37.5	7.5
61523	36.25	34.375	9.375
61595	34.375	35.625	10.625
61667	32.5	36.875	11.25
61739	33.125	38.125	11.875
61811	33.75	35.625	11.25
61883	32.5	38.75	9.375
61955	33.75	41.25	10.625
62027	33.75	38.75	9.375
62099	35.625	36.875	9.375
62171	37.5	41.875	8.125
62243	38.125	40.625	8.75
62315	36.875	40.0	8.75
62387	36.875	41.875	9.375
62459	37.5	43.125	8.125
62531	35.625	46.25	7.5
62603	33.75	45.0	8.75
62675	29.375	42.5	10.0
62747	31.875	43.125	10.625
62819	28.75	40.0	11.25
62891	26.25	38.75	11.25
62963	27.5	35.625	11.25
63035	30.0	31.25	11.875
63107	32.5	33.75	10.0
63179	31.25	31.875	13.125
63251	33.125	32.5	11.25
63323	35.625	35.0	11.25
63395	33.125	33.75	11.875
63467	30.0	39.375	11.875
63539	28.75	45.625	12.5
63611	25.625	45.625	18.75
63683	22.5	45.0	24.375
63755	19.375	42.5	26.875
63827	16.875	41.25	31.25
63899	14.375	39.375	36.25
63971	10.0	35.0	43.75
64043	8.75	34.375	46.25
64115	10.625	36.25	46.25
64187	12.5	36.25	44.375
64259	14.375	35.625	48.75
64331	18.75	33.125	45.0
64403	24.375	29.375	41.875
64475	28.125	25.625	41.25
64547	33.125	22.5	38.75
64619	37.5	16.875	35.0
64691	38.75	16.875	33.75
64763	39.375	15.0	29.375
64835	40.625	14.375	27.5
64907	37.5	15.625	29.375
64979	38.75	15.0	26.875
65051	38.125	13.75	27.5
65123	36.875	13.75	26.875
65195	41.25	15.625	25.0
65267	37.5	16.875	26.25
65339	37.5	18.125	28.125
65411	36.875	20.0	30.625
65483	31.25	23.75	35.0
65555	26.25	25.625	36.25
65627	21.875	27.5	40.0
65699	16.25	30.0	45.0
65771	15.625	30.625	48.125
65843	13.125	34.375	46.875
65915	13.125	35.0	49.375
65987	15.0	33.75	44.375
66059	15.625	33.75	41.875
66131	18.125	35.625	38.125
66203	21.25	36.875	36.25
66275	23.125	41.875	32.5
66347	22.5	38.75	28.125
66419	25.0	35.625	24.375
66491	29.375	33.125	27.5
66563	31.875	27.5	26.875
66635	35.0	22.5	25.0
66707	31.25	18.125	22.5
66779	31.25	14.375	25.0
66851	34.375	13.125	30.625
66923	35.0	13.75	35.0
66995	32.5	14.375	38.75
67067	33.125	14.375	41.25
67139	33.125	12.5	42.5
67211	35.625	11.25	43.75
67283	35.0	8.75	43.75
67355	31.875	8.75	41.25
67427	32.5	7.5	34.375
67499	28.75	6.875	31.875
67571	29.375	7.5	35.625
67643	31.25	7.5	38.125
67715	30.625	6.875	38.75
67787	30.0	9.375	36.875
67859	29.375	8.125	38.125
67931	30.0	7.5	37.5
68003	31.875	6.875	40.0
68075	31.875	5.0	38.125
68147	33.125	6.25	39.375
68219	32.5	5.625	40.0
68291	34.375	7.5	44.375
68363	30.625	8.125	42.5
68435	34.375	11.25	43.125
68507	38.75	10.0	43.75
68579	32.5	10.0	40.0
68651	34.375	10.0	39.375
68723	35.0	8.125	36.25
68795	34.375	5.625	33.75
68867	35.0	8.125	34.375
68939	33.125	5.625	37.5
69011	33.125	5.625	38.75
69083	37.5	6.25	39.375
69155	37.5	5.625	40.625
69227	37.5	6.25	40.0
69299	39.375	5.625	38.75
69371	39.375	5.0	38.125
69443	38.125	5.0	37.5
69515	38.75	5.0	39.375
69587	38.75	6.25	39.375
69659	35.625	5.625	40.0
69731	38.75	7.5	38.75
69803	35.625	6.25	40.0
69875	36.875	6.25	39.375
69947	35.625	6.875	38.75
70019	38.75	8.125	35.625
70091	36.25	7.5	33.75
70163	35.625	8.75	32.5
70235	33.125	8.125	33.125
70307	36.25	10.625	32.5
70379	34.375	11.875	28.75
70451	35.0	15.0	28.75
70523	35.0	15.625	26.25
70595	38.125	16.25	26.25
70667	38.75	13.75	28.125
70739	41.875	11.875	28.125
70811	41.875	15.0	26.875
70883	40.0	16.25	25.0
70955	39.375	15.625	22.5
71027	35.0	17.5	20.625
71099	36.25	22.5	17.5
71171	33.75	28.75	11.25
71243	35.0	31.875	8.125
71315	36.25	33.125	6.25
71387	38.125	36.875	6.25
71459	40.625	43.125	7.5
71531	41.25	45.625	7.5
71603	41.25	45.625	6.875
71675	40.625	46.25	6.875
71747	39.375	48.125	7.5
71819	41.875	45.625	8.125
71891	41.875	41.25	6.875
71963	40.0	39.375	8.125
72035	42.5	37.5	6.875
72107	45.625	34.375	8.75
72179	48.125	34.375	8.75
72251	46.25	33.125	9.375
72323	46.875	34.375	10.0
72395	46.875	37.5	11.875
72467	46.875	33.75	10.625
72539	41.875	32.5	10.625
72611	38.75	35.625	10.0
72683	41.25	33.75	11.25
72755	39.375	38.75	8.75
72827	37.5	35.0	8.125
72899	38.75	34.375	6.875
72971	38.75	36.25	6.875
73043	42.5	38.75	6.25
73115	40.625	38.75	6.25
73187	39.375	38.125	6.25
73259	38.75	36.875	6.875
73331	38.75	40.0	8.125
73403	33.75	41.25	7.5
73475	31.875	33.75	14.375
73547	30.0	31.25	18.75
73619	33.75	23.125	25.625
73691	31.875	18.125	31.875
73763	32.5	11.875	37.5
73835	35.0	7.5	43.75
73907	38.125	4.375	46.875
73979	41.875	5.625	47.5
74051	40.625	5.625	49.375
74123	39.375	6.875	47.5
74195	40.0	9.375	48.125
74267	39.375	10.625	47.5
74339	35.625	10.625	48.125
74411	33.75	10.0	48.75
74483	31.25	8.75	48.125
74555	30.0	9.375	42.5
74627	30.625	8.75	42.5
74699	30.0	7.5	41.875
74771	32.5	5.625	41.25
74843	36.875	6.875	41.875
74915	33.125	7.5	40.0
74987	33.75	9.375	40.625
75059	38.75	7.5	43.125
75131	36.875	8.75	43.125
75203	40.625	10.0	42.5
75275	39.375	11.25	40.625
75347	42.5	11.875	44.375
75419	41.25	11.25	45.0
75491	40.0	10.625	43.125
75563	36.25	12.5	42.5
75635	35.0	11.875	44.375
75707	35.625	8.75	43.75
75779	35.625	8.125	40.625
75851	36.875	6.875	38.125
75923	36.875	8.125	38.125
75995	38.75	6.25	40.0
76067	37.5	6.875	36.25
76139	40.0	8.75	35.625
76211	38.125	8.75	35.625
76283	38.125	8.125	38.125
76355	40.0	8.125	40.0
76427	41.875	7.5	38.75
76499	43.125	8.75	40.625
76571	45.0	10.625	38.125
76643	42.5	10.0	37.5
76715	41.875	10.625	36.875
76787	40.625	10.0	35.0
76859	37.5	11.25	34.375
76931	36.875	10.0	31.875
77003	36.875	8.125	34.375
77075	38.125	7.5	32.5
77147	41.25	5.625	31.875
77219	42.5	5.625	31.875
77291	47.5	8.125	34.375
77363	45.0	10.0	33.125
77435	48.75	11.25	33.125
77507	48.75	11.875	31.25
77579	50.625	11.875	32.5
77651	51.875	12.5	33.75
77723	51.25	12.5	31.25
77795	51.25	12.5	31.875
77867	51.25	11.875	36.875
77939	48.125	14.375	34.375
78011	50.625	13.125	35.625
78083	48.75	14.375	35.625
78155	46.25	13.125	34.375
78227	48.125	11.25	35.0
78299	48.75	11.875	35.0
78371	48.125	13.125	33.75
78443	52.5	10.0	29.375
78515	46.875	11.25	26.25
78587	45.0	11.25	25.0
78659	47.5	16.25	30.625
78731	45.0	18.125	31.875
78803	36.25	20.0	31.875
78875	32.5	21.25	32.5
78947	27.5	23.75	36.25
79019	22.5	26.875	38.125
79091	16.875	26.875	37.5
79163	10.625	25.0	35.625
79235	11.25	25.625	35.0
79307	13.125	24.375	35.0
79379	16.25	25.0	31.875
79451	21.25	25.625	34.375
79523	30.0	25.625	36.875
79595	31.25	25.625	37.5
79667	35.625	23.75	35.625
79739	45.0	21.25	41.25
79811	45.625	18.75	45.0
79883	49.375	15.625	46.875
79955	45.625	16.875	45.0
80027	45.625	13.75	48.125
80099	50.625	14.375	48.125
80171	49.375	13.125	50.0
80243	50.625	13.75	53.75
80315	46.875	16.875	48.125
80387	43.75	23.75	41.25
80459	42.5	25.625	38.75
80531	41.875	30.625	32.5
80603	38.125	35.0	27.5
80675	32.5	38.75	20.0
80747	29.375	45.0	11.25
80819	31.25	45.625	14.375
80891	30.625	44.375	16.25
80963	30.625	42.5	19.375
81035	27.5	43.125	24.375
81107	26.875	45.0	25.0
81179	26.25	44.375	25.625
81251	25.0	46.875	26.25
81323	23.75	47.5	24.375
81395	23.75	47.5	21.25
81467	26.25	51.875	16.875
81539	28.75	53.125	13.75
81611	29.375	53.125	13.125
81683	28.125	53.75	13.75
81755	30.0	51.875	14.375
81827	32.5	50.625	12.5
81899	36.875	48.75	9.375
81971	36.875	45.625	9.375
82043	39.375	43.75	9.375
82115	40.625	40.625	9.375
82187	41.875	40.0	11.25
82259	43.125	35.0	16.25
82331	45.0	33.125	20.0
82403	46.25	28.75	25.625
82475	51.875	23.75	29.375
82547	48.125	22.5	33.125
82619	52.5	21.25	36.875
82691	55.0	18.75	38.75
82763	52.5	19.375	34.375
82835	51.875	18.125	38.125
82907	50.0	21.25	32.5
82979	48.125	20.0	35.0
83051	47.5	20.0	35.625
83123	42.5	20.0	38.125
83195	45.625	18.75	39.375
83267	46.875	18.75	40.625
83339	48.75	16.875	41.25
83411	50.0	16.25	42.5
83483	51.875	16.875	44.375
83555	52.5	16.875	43.125
83627	50.0	17.5	38.125
83699	41.875	18.75	37.5
83771	34.375	21.875	38.125
83843	27.5	25.0	40.0
83915	23.125	26.25	39.375
83987	18.75	28.75	43.125
84059	10.625	32.5	45.625
84131	12.5	35.0	50.625
84203	10.625	35.625	54.375
84275	13.75	33.125	53.75
84347	13.75	34.375	53.75
84419	10.0	34.375	55.625
84491	10.0	32.5	53.75
84563	10.625	27.5	50.0
84635	11.25	25.625	51.875
84707	12.5	26.875	55.625
84779	11.875	30.625	56.25
84851	13.125	31.25	58.75
84923	13.125	28.125	56.25
84995	17.5	26.875	53.125
85067	20.0	26.875	49.375
85139	25.625	26.25	42.5
85211	26.25	26.25	37.5
85283	28.125	26.875	33.75
85355	27.5	26.25	32.5
85427	26.25	31.875	33.75
85499	24.375	32.5	38.125
85571	20.625	34.375	41.875
85643	15.625	33.125	45.625
85715	11.25	30.0	48.125
85787	13.125	31.25	51.25
85859	13.75	27.5	50.625
85931	14.375	28.75	50.0
86003	14.375	28.75	46.875
86075	15.625	33.125	46.25
86147	13.75	36.25	46.25
86219	13.75	34.375	44.375
86291	11.875	36.25	44.375
86363	14.375	33.75	43.75
86435	15.0	32.5	45.625
86507	16.25	32.5	49.375
86579	15.625	30.0	45.0
86651	13.125	30.625	47.5
86723	14.375	31.25	46.875
86795	13.125	31.25	46.875
86867	13.125	33.125	43.75
86939	13.125	30.625	43.75
87011	11.25	28.75	46.25
87083	11.875	32.5	45.0
87155	13.125	28.125	47.5
87227	13.75	26.25	50.0
87299	11.25	26.25	55.625
87371	8.75	27.5	59.375
87443	8.125	27.5	58.75
87515	8.75	26.875	56.875
87587	8.75	26.25	58.125
87659	9.375	31.25	56.25
87731	9.375	30.625	51.25
87803	11.875	31.25	47.5
87875	12.5	32.5	47.5
87947	13.125	32.5	46.875
88019	13.75	31.875	49.375
88091	14.375	31.875	47.5
88163	14.375	29.375	47.5
88235	14.375	31.25	50.0
88307	13.125	34.375	50.625
88379	11.875	31.875	48.125
88451	11.25	34.375	46.875
88523	10.625	36.25	47.5
88595	8.125	36.875	45.0
88667	7.5	33.75	46.25
88739	8.125	35.0	45.625
88811	8.75	34.375	45.0
88883	9.375	36.25	48.125
88955	11.25	35.625	50.625
89027	11.875	37.5	48.125
89099	13.125	41.25	48.75
89171	16.25	41.25	47.5
89243	13.75	42.5	46.875
89315	14.375	44.375	51.25
89387	16.25	43.75	46.25
89459	15.0	41.25	48.125
89531	15.0	41.25	47.5
89603	17.5	35.625	45.625
89675	14.375	38.125	47.5
89747	14.375	34.375	46.875
89819	14.375	35.0	46.25
89891	11.875	35.625	46.875
89963	11.25	35.625	45.625
90035	11.25	33.125	45.0
90107	12.5	31.25	45.0