# BASE VAL1 VAL2
# color 0:255:0 0:0:255 100:100:100
71	39.0625	18.125	29.6875
215	38.75	17.8125	32.8125
359	36.5625	18.125	28.125
503	37.8125	16.875	29.375
647	40.625	15.0	29.0625
791	42.1875	13.75	28.75
935	39.6875	13.4375	29.375
1079	39.6875	13.4375	27.8125
1223	41.875	14.0625	27.5
1367	43.75	10.9375	30.625
1511	41.5625	11.875	31.5625
1655	34.0625	16.25	34.6875
1799	27.5	20.3125	37.1875
1943	24.375	25.3125	41.25
2087	18.75	29.0625	44.375
2231	16.25	30.3125	45.9375
2375	15.0	30.0	48.125
2519	21.875	25.9375	48.4375
2663	28.125	22.8125	44.0625
2807	27.8125	23.4375	43.75
2951	27.8125	24.0625	41.25
3095	28.4375	23.75	40.9375
3239	25.625	25.625	42.1875
3383	21.875	27.8125	39.375
3527	18.75	29.375	37.1875
3671	20.3125	29.6875	35.0
3815	25.625	28.125	31.875
3959	26.25	26.25	29.0625
4103	27.1875	22.8125	28.4375
4247	31.5625	20.0	27.8125
4391	31.875	16.5625	31.25
4535	33.125	15.0	33.75
4679	31.25	14.6875	30.9375
4823	30.0	16.875	32.5
4967	28.125	18.75	35.0
5111	27.8125	20.9375	35.9375
5255	26.5625	24.0625	31.875
5399	25.625	25.3125	31.25
5543	21.875	28.125	32.8125
5687	22.5	24.375	39.375
5831	25.625	21.875	41.875
5975	30.3125	19.6875	44.375
6119	31.5625	22.1875	45.9375
6263	33.125	24.6875	42.5
6407	35.0	25.625	41.875
6551	33.4375	25.9375	37.1875
6695	32.1875	30.0	33.4375
6839	28.75	31.875	31.25
6983	31.875	30.0	26.875
7127	33.125	27.8125	25.0
7271	35.3125	26.25	29.375
7415	33.75	28.125	29.6875
7559	33.125	27.5	30.0
7703	31.875	25.0	25.625
7847	29.375	27.8125	24.6875
7991	26.25	27.8125	24.375
8135	25.9375	30.625	21.5625
8279	26.875	31.5625	17.5
8423	27.1875	29.6875	16.5625
8567	30.625	26.875	20.9375
8711	33.125	22.8125	22.5
8855	31.25	23.125	23.75
8999	31.5625	23.75	22.8125
9143	29.0625	22.1875	21.875
9287	27.8125	19.6875	23.75
9431	28.125	18.75	23.75
9575	25.3125	20.0	21.5625
9719	24.0625	25.0	20.9375
9863	28.75	22.8125	18.4375
10007	29.6875	20.3125	19.0625
10151	31.25	21.875	18.125
10295	33.125	24.6875	15.0
10439	32.8125	28.125	14.0625
10583	34.6875	30.9375	15.9375
10727	34.6875	27.5	16.5625
10871	28.4375	29.6875	18.4375
11015	23.75	32.5	20.625
11159	21.5625	29.375	27.1875
11303	23.125	30.0	27.5
11447	26.875	31.25	23.125
11591	26.875	32.1875	23.75
11735	30.3125	30.0	24.0625
11879	33.75	31.25	22.1875
12023	36.25	29.0625	20.9375
12167	37.5	32.1875	16.5625
12311	35.0	31.5625	16.25
12455	29.0625	32.8125	18.4375
12599	28.4375	33.4375	20.3125
12743	25.625	33.75	20.0
12887	27.5	33.125	19.0625
13031	27.8125	33.4375	18.4375
13175	25.625	35.0	20.0
13319	22.8125	35.9375	25.625
13463	20.9375	39.375	25.625
13607	21.25	41.875	25.625
13751	16.875	43.75	28.125
13895	12.8125	43.4375	32.1875
14039	7.8125	46.25	36.5625
14183	6.5625	44.375	35.9375
14327	7.5	41.5625	33.4375
14471	7.1875	40.9375	35.0
14615	10.625	36.25	33.125
14759	13.125	31.25	32.8125
14903	15.9375	31.25	33.4375
15047	15.625	29.6875	30.9375
15191	21.875	26.875	28.125
15335	26.5625	25.0	24.375
15479	30.625	23.125	21.5625
15623	30.3125	25.9375	18.4375
15767	32.5	29.0625	16.5625
15911	36.875	27.8125	14.375
16055	39.375	28.4375	13.75
16199	38.75	28.125	13.75
16343	41.875	28.75	12.5
16487	42.8125	29.6875	12.8125
16631	44.375	30.3125	12.8125
16775	45.0	30.9375	11.5625
16919	45.9375	30.625	11.5625
17063	44.6875	32.5	11.875
17207	44.375	32.5	10.9375
17351	42.8125	30.625	11.25
17495	40.3125	28.75	15.625
17639	38.125	26.5625	19.0625
17783	35.625	22.8125	22.5
17927	34.0625	21.25	27.5
18071	34.6875	15.9375	32.1875
18215	34.375	14.0625	38.4375
18359	31.5625	13.4375	41.25
18503	31.5625	13.125	42.5
18647	30.9375	13.75	43.4375
18791	30.9375	15.3125	42.1875
18935	30.9375	18.4375	35.9375
19079	28.75	19.375	31.25
19223	30.3125	21.5625	23.75
19367	27.8125	25.9375	20.625
19511	27.5	29.6875	20.0
19655	26.875	29.0625	19.6875
19799	26.25	28.125	24.375
19943	26.25	25.625	30.0
20087	27.5	25.3125	34.6875
20231	28.75	21.5625	41.875
20375	30.3125	18.125	43.75
20519	30.0	16.5625	44.375
20663	32.8125	15.9375	45.3125
20807	34.375	14.375	44.375
20951	34.375	15.0	45.0
21095	35.625	15.0	47.8125
21239	35.9375	16.5625	50.625
21383	36.25	18.125	49.0625
21527	33.125	21.25	49.375
21671	34.375	23.4375	46.5625
21815	34.375	27.1875	43.4375
21959	36.5625	29.375	36.25
22103	38.125	31.25	30.0
22247	43.4375	30.0	21.875
22391	44.6875	30.625	19.0625
22535	47.1875	31.875	15.9375
22679	53.4375	35.625	15.625
22823	53.125	35.625	15.9375
22967	52.8125	35.625	15.9375
23111	50.9375	35.0	14.6875
23255	47.1875	37.1875	14.375
23399	46.25	35.9375	13.125
23543	46.5625	36.25	10.625
23687	41.5625	31.875	11.5625
23831	41.875	30.0	11.25
23975	41.875	28.125	10.9375
24119	37.8125	31.875	14.0625
24263	32.1875	35.625	14.375
24407	27.1875	37.5	19.0625
24551	27.8125	35.625	19.6875
24695	27.1875	36.25	19.6875
24839	27.1875	37.5	19.0625
24983	27.8125	35.625	21.875
25127	30.9375	30.0	25.625
25271	35.3125	24.375	28.125
25415	36.875	21.5625	30.9375
25559	35.0	18.75	36.5625
25703	34.0625	15.9375	40.625
25847	33.75	11.5625	46.25
25991	31.875	10.0	45.9375
26135	31.25	10.625	45.0
26279	30.9375	9.0625	44.0625
26423	30.3125	8.75	41.875
26567	29.0625	12.1875	42.5
26711	28.75	15.3125	41.5625
26855	26.5625	16.5625	38.4375
26999	23.75	20.9375	35.0
27143	21.875	24.375	35.625
27287	17.8125	30.625	32.1875
27431	16.25	33.4375	29.0625
27575	13.4375	32.8125	26.5625
27719	10.3125	35.625	27.1875
27863	9.0625	38.125	30.625
28007	8.75	39.0625	31.5625
28151	8.75	39.0625	29.6875
28295	8.75	38.4375	30.9375
28439	13.75	38.75	27.1875
28583	15.9375	37.5	25.3125
28727	16.875	39.375	24.6875
28871	19.0625	35.9375	24.0625
29015	23.4375	31.875	25.0
29159	28.4375	31.25	23.4375
29303	30.9375	29.6875	21.875
29447	30.9375	30.0	23.125
29591	35.3125	25.625	20.625
29735	39.375	26.25	17.1875
29879	42.1875	28.75	12.8125
30023	43.75	31.5625	7.5
30167	40.0	31.25	7.8125
30311	39.6875	29.6875	12.1875
30455	39.375	25.625	16.5625
30599	32.8125	29.375	17.8125
30743	28.4375	30.625	21.25
30887	21.5625	32.5	24.6875
31031	19.375	35.625	29.0625
31175	17.1875	39.0625	30.3125
31319	14.0625	40.0	28.125
31463	14.375	38.4375	29.6875
31607	17.8125	31.5625	34.6875
31751	22.1875	26.875	35.9375
31895	27.5	21.25	39.375
32039	30.0	14.6875	40.9375
32183	30.3125	10.3125	43.4375
32327	32.8125	10.3125	44.6875
32471	31.875	10.3125	45.0
32615	27.8125	10.0	40.9375
32759	27.1875	11.5625	36.25
32903	28.4375	15.625	31.875
33047	30.9375	21.5625	26.25
33191	36.25	24.6875	22.5
33335	33.125	29.6875	18.75
33479	32.8125	32.8125	18.125
33623	31.25	35.9375	19.375
33767	29.0625	35.0	19.0625
33911	26.875	34.0625	17.8125
34055	26.875	32.1875	17.5
34199	28.75	32.8125	18.75
34343	32.5	28.4375	18.75
34487	32.5	25.9375	18.4375
34631	38.4375	24.0625	22.1875
34775	35.9375	22.8125	26.875
34919	33.125	23.4375	31.5625
35063	27.1875	23.75	33.75
35207	20.9375	23.4375	30.9375
35351	20.625	27.8125	31.875
35495	21.875	32.8125	27.1875
35639	21.875	40.0	23.4375
35783	23.4375	43.4375	20.0
35927	26.25	45.3125	15.9375
36071	31.25	47.8125	13.4375
36215	34.0625	49.375	12.8125
36359	33.125	49.0625	12.8125
36503	32.5	47.8125	13.125
36647	30.9375	47.1875	13.125
36791	30.9375	46.5625	14.6875
36935	30.625	46.25	14.375
37079	31.25	45.3125	14.375
37223	31.5625	44.6875	14.375
37367	31.5625	46.5625	14.375
37511	32.5	46.5625	14.0625
37655	31.25	45.9375	13.125
37799	30.9375	45.625	12.8125
37943	29.6875	45.625	13.75
38087	28.4375	45.3125	14.375
38231	30.3125	43.125	14.0625
38375	29.6875	44.375	14.0625
38519	29.6875	43.75	14.6875
38663	28.4375	47.8125	14.0625
38807	28.125	47.1875	11.25
38951	28.75	48.75	10.3125
39095	27.5	49.375	9.375
39239	28.125	50.0	8.4375
39383	27.1875	47.5	8.125
39527	30.0	48.125	7.5
39671	29.6875	46.25	8.125
39815	29.0625	44.6875	8.125
39959	29.6875	42.8125	8.125
40103	30.3125	41.25	9.375
40247	30.0	41.875	10.0
40391	30.3125	42.8125	10.9375
40535	30.3125	42.5	9.6875
40679	32.5	42.8125	11.875
40823	34.0625	43.4375	11.875
40967	33.4375	42.5	12.1875
41111	33.4375	43.75	10.625
41255	32.8125	44.0625	9.6875
41399	32.8125	42.1875	9.6875
41543	32.5	40.3125	10.9375
41687	31.5625	41.5625	9.0625
41831	29.375	41.875	9.375
41975	28.75	43.4375	9.375
42119	28.75	42.8125	8.75
42263	28.75	44.375	9.6875
42407	29.375	45.625	10.0
42551	30.9375	46.875	14.6875
42695	32.8125	46.25	15.0
42839	33.4375	47.5	16.875
42983	32.1875	49.6875	16.875
43127	32.8125	50.625	18.4375
43271	32.5	51.5625	17.5
43415	31.5625	50.9375	16.5625
43559	32.1875	52.1875	12.1875
43703	33.75	51.25	11.25
43847	32.5	48.75	11.875
43991	31.5625	46.25	12.8125
44135	31.875	44.6875	14.0625
44279	29.375	45.0	15.3125
44423	30.9375	45.0	13.125
44567	28.75	44.0625	13.75
44711	27.1875	44.6875	12.5
44855	28.125	45.625	11.5625
44999	29.0625	46.5625	9.6875
45143	27.8125	46.875	8.75
45287	29.375	45.9375	8.75
45431	27.8125	46.25	8.75
45575	29.0625	46.25	9.6875
45719	30.625	45.625	10.9375
45863	30.625	43.75	10.9375
46007	29.375	41.25	9.6875
46151	31.5625	41.5625	9.0625
46295	29.375	39.375	10.625
46439	28.75	39.0625	10.625
46583	29.6875	39.375	10.0
46727	30.625	40.625	9.375
46871	32.8125	40.625	9.6875
47015	31.5625	41.875	10.0
47159	29.375	42.8125	9.6875
47303	31.25	44.6875	8.75
47447	29.375	42.5	11.25
47591	29.0625	38.4375	13.4375
47735	30.0	37.1875	18.125
47879	31.875	32.8125	21.875
48023	33.75	27.8125	24.0625
48167	37.1875	23.4375	28.4375
48311	37.8125	19.0625	30.3125
48455	39.6875	17.1875	30.625
48599	36.25	21.875	34.0625
48743	30.625	20.3125	33.125
48887	25.0	24.375	33.75
49031	21.5625	29.375	33.125
49175	15.9375	33.125	34.375
49319	10.625	36.5625	37.5
49463	6.875	39.0625	37.1875
49607	7.1875	38.125	35.0
49751	8.75	37.8125	35.0
49895	8.4375	38.125	35.625
50039	8.75	34.375	35.3125
50183	8.125	33.125	37.8125
50327	9.0625	32.8125	36.875
50471	10.9375	31.5625	36.875
50615	9.0625	30.625	40.0
50759	7.8125	31.875	42.1875
50903	8.125	31.5625	42.1875
51047	6.5625	33.4375	45.0
51191	6.5625	35.0	46.875
51335	6.5625	33.75	47.8125
51479	6.875	34.0625	48.75
51623	7.5	32.1875	46.875
51767	6.875	32.1875	47.5
51911	8.125	31.5625	48.75
52055	8.4375	29.0625	48.125
52199	8.4375	28.75	49.0625
52343	9.0625	29.375	49.0625
52487	8.125	31.875	50.3125
52631	8.125	33.75	52.8125
52775	9.6875	37.1875	53.125
52919	8.4375	39.375	53.125
53063	9.6875	40.625	52.5
53207	10.0	43.4375	50.0
53351	10.0	43.125	50.3125
53495	10.625	45.625	50.9375
53639	9.0625	43.4375	50.3125
53783	10.9375	41.875	49.375
53927	16.875	37.8125	45.0
54071	23.75	32.5	42.5
54215	29.0625	25.625	43.4375
54359	33.125	21.875	41.5625
54503	41.5625	15.9375	38.125
54647	46.875	11.875	37.1875
54791	50.3125	8.4375	38.75
54935	48.4375	9.0625	40.0
55079	48.4375	8.4375	40.0
55223	48.4375	10.3125	38.4375
55367	47.1875	9.0625	37.5
55511	45.625	7.1875	37.1875
55655	46.5625	7.8125	37.8125
55799	47.8125	8.75	40.3125
55943	50.0	8.75	39.6875
56087	52.1875	7.1875	41.5625
56231	55.3125	5.9375	41.5625
56375	56.5625	7.5	40.9375
56519	56.25	9.375	40.0
56663	55.3125	14.0625	34.6875
56807	51.875	19.0625	29.0625
56951	47.8125	26.5625	24.6875
57095	46.25	32.8125	20.3125
57239	43.4375	38.4375	14.6875
57383	37.1875	42.5	10.625
57527	34.375	42.8125	7.8125
57671	33.4375	43.4375	9.6875
57815	34.375	40.9375	9.375
57959	33.4375	40.3125	10.0
58103	32.5	40.3125	12.1875
58247	35.3125	42.1875	18.125
58391	37.8125	43.75	19.375
58535	41.25	46.25	19.0625
58679	40.9375	49.375	17.5
58823	41.25	49.0625	18.125
58967	40.3125	45.0	17.5
59111	40.625	43.125	15.0
59255	37.8125	42.1875	10.0
59399	35.625	37.5	9.0625
59543	34.0625	37.1875	9.375
59687	32.5	36.25	10.0
59831	32.8125	37.8125	8.4375
59975	31.25	39.6875	8.125
60119	30.9375	41.25	9.0625
60263	30.9375	40.625	9.0625
60407	31.25	41.25	8.75
60551	32.8125	41.25	8.75
60695	33.4375	38.75	8.75
60839	34.0625	38.125	8.125
60983	35.9375	37.1875	8.125
61127	36.25	35.9375	9.375
61271	35.0	36.25	10.0
61415	34.6875	38.4375	8.75
61559	35.0	36.5625	9.6875
61703	34.6875	38.4375	10.0
61847	34.375	38.125	9.6875
61991	35.625	41.25	10.0
62135	35.3125	41.875	8.4375
62279	34.6875	41.875	9.6875
62423	31.5625	40.625	10.3125
62567	33.125	39.6875	9.0625
62711	30.9375	37.5	10.625
62855	32.1875	38.4375	11.5625
62999	30.0	37.5	11.875
63143	30.0	39.6875	13.125
63287	27.5	38.4375	18.4375
63431	24.0625	36.875	23.75
63575	19.0625	40.3125	29.375
63719	17.8125	40.3125	33.75
63863	17.1875	37.1875	39.0625
64007	18.75	31.25	41.875
64151	24.0625	27.1875	41.5625
64295	27.1875	25.3125	39.0625
64439	31.25	22.1875	35.9375
64583	35.9375	18.125	32.8125
64727	39.6875	15.0	29.375
64871	37.8125	16.5625	27.5
65015	35.625	18.75	30.3125
65159	30.625	20.0	32.8125
65303	26.5625	24.375	37.1875
65447	25.0	27.8125	39.6875
65591	20.9375	29.375	38.75
65735	18.125	33.4375	41.25
65879	18.125	36.5625	38.125
66023	21.875	33.75	35.9375
66167	25.625	29.6875	32.1875
66311	27.1875	28.125	28.4375
66455	30.625	24.6875	28.75
66599	32.8125	21.5625	33.75
66743	32.8125	14.6875	33.125
66887	33.125	10.9375	36.875
67031	32.1875	10.9375	35.625
67175	32.1875	10.3125	39.6875
67319	31.875	8.75	40.625
67463	31.25	7.1875	36.25
67607	30.625	6.5625	37.1875
67751	31.25	6.25	39.0625
67895	30.625	8.125	40.625
68039	34.6875	8.4375	41.875
68183	32.8125	8.125	39.6875
68327	34.375	6.875	38.75
68471	34.6875	8.4375	40.0
68615	33.75	8.125	40.0
68759	36.875	7.1875	38.125
68903	37.5	6.875	36.5625
69047	36.25	5.625	38.4375
69191	37.1875	5.9375	39.375
69335	38.4375	6.875	38.75
69479	37.1875	6.25	37.8125
69623	37.5	6.5625	37.1875
69767	35.9375	8.125	35.625
69911	35.3125	8.75	34.6875
70055	35.9375	11.25	30.9375
70199	36.875	11.25	29.6875
70343	38.4375	12.8125	29.6875
70487	36.875	15.3125	26.5625
70631	36.25	17.5	22.1875
70775	37.5	22.1875	18.75
70919	39.0625	26.5625	15.625
71063	37.8125	31.5625	14.0625
71207	36.875	37.5	9.0625
71351	38.75	39.0625	7.5
71495	40.3125	41.875	7.1875
71639	42.5	40.625	7.1875
71783	43.4375	40.9375	8.4375
71927	44.6875	38.75	8.75
72071	43.75	35.625	9.0625
72215	43.125	34.375	10.0
72359	43.125	35.625	9.375
72503	42.5	34.0625	9.0625
72647	40.625	36.25	8.75
72791	39.0625	37.1875	7.8125
72935	36.5625	37.5	7.1875
73079	36.875	35.0	11.5625
73223	36.5625	29.0625	18.4375
73367	35.9375	24.375	24.6875
73511	36.5625	19.0625	30.3125
73655	36.875	14.6875	37.5
73799	35.9375	11.25	43.125
73943	36.5625	7.5	48.125
74087	35.3125	7.1875	46.25
74231	35.625	8.4375	45.3125
74375	35.9375	8.4375	45.3125
74519	32.1875	9.0625	44.6875
74663	34.375	8.75	42.8125
74807	35.625	8.4375	42.1875
74951	37.5	10.0	42.8125
75095	38.125	10.3125	43.125
75239	37.8125	10.3125	43.125
75383	38.75	9.375	41.5625
75527	38.125	9.6875	41.5625
75671	37.1875	9.375	39.6875
75815	37.8125	8.125	39.0625
75959	38.4375	7.5	38.4375
76103	41.25	7.8125	38.125
76247	40.625	10.0	36.875
76391	39.0625	9.375	36.5625
76535	39.375	9.0625	35.9375
76679	41.25	8.125	35.0
76823	43.4375	9.0625	34.375
76967	42.5	10.3125	32.5
77111	43.75	9.6875	31.875
77255	46.875	10.3125	32.1875
77399	48.4375	10.9375	33.4375
77543	49.0625	12.5	32.8125
77687	49.6875	13.125	34.0625
77831	49.6875	11.875	32.8125
77975	49.6875	12.1875	32.5
78119	47.1875	12.1875	30.3125
78263	46.5625	14.6875	33.125
78407	41.25	16.875	32.1875
78551	35.9375	19.0625	31.875
78695	30.3125	20.625	33.75
78839	24.0625	22.8125	33.125
78983	23.4375	25.625	34.6875
79127	23.75	25.625	38.125
79271	25.9375	24.375	37.8125
79415	32.8125	20.9375	40.3125
79559	37.8125	20.9375	42.1875
79703	42.8125	18.4375	42.8125
79847	47.1875	17.1875	47.1875
79991	45.0	20.9375	43.125
80135	44.0625	23.75	38.4375
80279	40.3125	28.4375	33.125
80423	37.8125	34.375	28.75
80567	34.6875	37.1875	28.125
80711	30.0	42.5	22.5
80855	28.125	45.625	20.0
80999	27.8125	45.9375	19.6875
81143	28.125	49.6875	19.0625
81287	28.125	49.0625	19.6875
81431	30.0	47.8125	15.9375
81575	32.5	49.375	11.5625
81719	35.3125	47.5	11.875
81863	38.75	42.5	15.3125
82007	43.125	36.25	19.375
82151	46.25	30.9375	22.8125
82295	48.125	27.1875	25.625
82439	48.125	24.0625	30.3125
82583	47.5	20.625	34.375
82727	49.0625	19.0625	38.75
82871	49.6875	18.125	39.6875
83015	50.3125	17.8125	39.6875
83159	47.8125	17.8125	39.0625
83303	41.875	19.375	39.0625
83447	37.5	20.625	41.5625
83591	33.4375	23.4375	42.8125
83735	26.25	27.8125	45.3125
83879	21.25	28.75	46.875
84023	14.375	31.25	48.125
84167	11.5625	31.25	51.5625
84311	13.125	30.9375	55.3125
84455	11.875	32.5	56.5625
84599	15.0	27.5	49.6875
84743	19.6875	26.25	46.875
84887	20.3125	28.4375	45.3125
85031	21.5625	30.0	45.0
85175	20.9375	29.6875	43.4375
85319	20.0	29.0625	42.8125
85463	20.0	29.6875	41.5625
85607	17.8125	33.75	44.0625
85751	12.8125	32.8125	46.5625
85895	14.0625	31.25	47.1875
86039	15.3125	31.25	48.125
86183	14.375	33.125	46.5625
86327	13.125	33.125	45.3125
86471	14.375	31.25	45.3125
86615	13.125	30.3125	45.625
86759	14.0625	28.75	47.1875
86903	11.5625	29.375	50.9375
87047	10.0	27.8125	51.875
87191	10.3125	28.4375	52.1875
87335	10.9375	29.375	51.25
87479	10.625	30.3125	52.8125
87623	11.25	30.3125	53.125
87767	11.5625	31.25	50.0
87911	12.8125	32.8125	47.1875
88055	11.875	34.0625	47.8125
88199	10.9375	32.1875	46.875
88343	11.25	35.0	48.125
88487	11.25	35.3125	48.4375
88631	10.625	37.8125	46.875
88775	11.5625	38.4375	47.1875
88919	12.1875	40.3125	48.4375
89063	13.75	39.6875	48.125
89207	15.3125	39.375	46.875
89351	14.375	39.6875	48.125
89495	13.75	38.4375	47.1875
89639	14.375	33.4375	44.6875