# BASE VAL1 VAL2
# color 0:255:0 0:0:255 100:100:100
71	33.75	25.0	25.0
215	30.0	26.875	29.375
359	34.375	22.5	25.625
503	43.125	16.25	33.125
647	46.25	10.625	34.375
791	41.25	10.0	30.625
935	30.625	17.5	26.25
1079	32.5	20.0	23.125
1223	37.5	20.625	23.75
1367	45.625	12.5	31.25
1511	47.5	6.875	33.125
1655	44.375	8.75	31.25
1799	41.875	8.75	30.0
1943	38.125	12.5	26.875
2087	27.5	21.875	34.375
2231	17.5	28.125	41.875
2375	10.0	36.25	51.25
2519	10.0	36.875	55.0
2663	12.5	35.0	51.25
2807	18.75	27.5	47.5
2951	27.5	17.5	41.25
3095	42.5	10.625	36.875
3239	40.0	16.875	40.625
3383	28.75	28.125	41.25
3527	18.75	35.0	43.125
3671	11.875	36.875	46.875
3815	14.375	30.0	42.5
3959	17.5	26.25	34.375
4103	23.75	21.875	28.75
4247	36.875	25.0	21.875
4391	37.5	22.5	22.5
4535	33.75	25.0	26.25
4679	28.125	18.125	28.75
4823	25.625	10.625	37.5
4967	28.125	6.25	41.25
5111	33.75	9.375	36.875
5255	35.0	21.25	30.625
5399	30.625	28.125	28.75
5543	20.625	35.0	30.0
5687	16.875	30.625	34.375
5831	21.25	24.375	36.25
5975	23.75	18.75	35.0
6119	25.0	20.625	39.375
6263	30.0	18.75	47.5
6407	35.625	19.375	55.0
6551	38.125	23.125	52.5
6695	36.25	29.375	42.5
6839	36.25	31.875	31.875
6983	30.625	27.5	25.0
7127	30.0	27.5	21.875
7271	25.0	30.625	26.25
7415	31.25	29.375	30.0
7559	38.125	28.75	29.375
7703	43.75	23.75	31.25
7847	44.375	23.75	27.5
7991	31.25	25.0	30.625
8135	22.5	26.875	25.0
8279	16.875	31.25	21.875
8423	17.5	31.875	19.375
8567	26.875	33.125	16.875
8711	34.375	33.75	16.875
8855	38.125	29.375	13.75
8999	36.25	24.375	20.625
9143	32.5	15.0	28.125
9287	26.875	15.625	32.5
9431	26.25	21.25	28.125
9575	23.125	26.25	18.125
9719	26.875	27.5	14.375
9863	33.75	20.0	15.0
10007	27.5	13.75	22.5
10151	23.125	16.25	26.25
10295	22.5	23.75	23.125
10439	28.75	26.875	16.25
10583	34.375	28.75	11.875
10727	46.25	24.375	6.25
10871	40.0	30.625	11.25
11015	34.375	31.875	17.5
11159	25.625	29.375	24.375
11303	18.75	27.5	26.25
11447	14.375	33.75	24.375
11591	14.375	30.0	26.25
11735	23.125	29.375	29.375
11879	36.875	30.625	23.75
12023	41.25	31.875	21.25
12167	38.125	31.25	17.5
12311	34.375	32.5	21.25
12455	29.375	29.375	24.375
12599	35.0	31.875	18.75
12743	36.875	32.5	11.25
12887	30.0	35.0	12.5
13031	25.0	35.625	21.25
13175	16.875	36.25	26.25
13319	22.5	30.625	27.5
13463	27.5	34.375	19.375
13607	36.875	31.25	12.5
13751	26.875	38.75	19.375
13895	17.5	43.125	28.75
14039	8.125	50.625	35.625
14183	6.25	49.375	38.75
14327	8.125	46.875	33.75
14471	7.5	41.875	38.125
14615	6.875	38.75	35.0
14759	6.25	38.125	33.75
14903	7.5	38.75	31.875
15047	9.375	37.5	33.125
15191	17.5	26.25	32.5
15335	23.125	23.125	33.125
15479	24.375	18.75	28.125
15623	21.875	24.375	25.0
15767	28.125	30.0	16.875
15911	31.875	25.625	15.625
16055	40.0	27.5	13.75
16199	36.25	28.75	15.0
16343	40.0	27.5	14.375
16487	40.625	28.125	13.125
16631	40.625	29.375	13.125
16775	40.0	30.625	11.875
16919	46.25	31.25	11.25
17063	45.625	33.125	11.25
17207	50.0	32.5	10.625
17351	44.375	31.875	12.5
17495	43.75	33.125	11.875
17639	38.75	34.375	11.25
17783	38.75	32.5	11.25
17927	36.875	27.5	16.875
18071	35.625	20.0	25.625
18215	35.625	14.375	30.625
18359	32.5	13.75	36.875
18503	31.875	11.25	37.5
18647	32.5	14.375	40.625
18791	30.625	15.625	45.625
18935	31.25	12.5	46.25
19079	30.0	11.875	46.875
19223	32.5	13.125	42.5
19367	30.0	20.625	31.25
19511	28.75	25.625	18.125
19655	26.25	25.625	6.875
19799	27.5	29.375	6.25
19943	26.25	30.0	18.75
20087	27.5	30.625	26.875
20231	26.25	25.0	38.75
20375	24.375	20.0	41.25
20519	25.625	18.75	42.5
20663	30.0	18.75	41.875
20807	33.125	16.875	45.0
20951	32.5	15.0	46.875
21095	36.875	13.75	48.125
21239	33.75	11.25	44.375
21383	36.875	14.375	41.875
21527	33.75	16.25	45.625
21671	36.25	21.25	51.25
21815	35.625	22.5	58.125
21959	36.25	24.375	52.5
22103	33.75	25.0	46.25
22247	32.5	28.125	31.25
22391	35.0	32.5	23.75
22535	39.375	35.0	13.75
22679	50.0	33.125	13.75
22823	54.375	29.375	13.75
22967	55.0	28.75	16.875
23111	55.625	32.5	17.5
23255	53.125	43.125	18.125
23399	49.375	40.625	15.625
23543	50.625	42.5	12.5
23687	40.625	31.25	11.25
23831	41.25	30.0	11.25
23975	41.875	28.125	9.375
24119	43.75	31.25	13.75
24263	43.75	30.625	10.625
24407	42.5	28.75	12.5
24551	36.25	31.25	15.625
24695	25.0	40.0	18.125
24839	15.0	43.125	23.75
24983	17.5	41.875	24.375
25127	25.625	35.625	20.0
25271	34.375	30.0	16.875
25415	41.25	31.25	15.0
25559	38.125	25.0	26.25
25703	34.375	21.875	36.25
25847	35.625	11.875	48.75
25991	31.25	12.5	48.75
26135	31.875	12.5	45.0
26279	33.125	10.0	46.875
26423	33.125	8.125	43.75
26567	31.25	8.75	43.125
26711	28.75	8.125	41.875
26855	27.5	8.75	40.0
26999	27.5	11.25	39.375
27143	27.5	21.25	41.875
27287	25.0	25.0	37.5
27431	22.5	28.75	33.125
27575	17.5	28.125	26.25
27719	11.875	35.0	24.375
27863	9.375	37.5	26.25
28007	9.375	37.5	26.25
28151	8.125	38.75	24.375
28295	8.75	38.125	31.875
28439	8.75	40.0	32.5
28583	10.0	39.375	33.125
28727	8.75	39.375	33.125
28871	16.25	36.25	24.375
29015	23.75	36.875	17.5
29159	25.0	39.375	16.25
29303	25.625	38.125	21.875
29447	24.375	31.875	31.25
29591	28.75	25.0	31.875
29735	31.875	20.625	25.625
29879	36.25	24.375	17.5
30023	41.875	30.0	8.125
30167	45.625	30.0	7.5
30311	45.625	33.75	7.5
30455	48.125	31.875	7.5
30599	36.875	35.625	6.25
30743	33.125	27.5	14.375
30887	31.875	19.375	24.375
31031	28.125	23.75	28.75
31175	26.875	29.375	30.625
31319	16.875	40.625	26.25
31463	10.0	51.25	27.5
31607	10.625	46.875	31.25
31751	8.125	44.375	28.125
31895	16.25	33.125	30.625
32039	23.75	20.625	35.625
32183	32.5	10.0	43.125
32327	36.875	10.0	46.25
32471	39.375	9.375	45.625
32615	30.0	11.25	45.0
32759	26.25	9.375	45.0
32903	25.625	10.0	46.25
33047	24.375	10.625	39.375
33191	25.625	8.75	32.5
33335	31.875	17.5	21.875
33479	36.25	28.125	15.625
33623	43.125	36.875	12.5
33767	38.75	41.875	15.625
33911	30.625	41.25	20.625
34055	23.125	36.875	25.0
34199	15.0	31.25	25.0
34343	22.5	26.25	17.5
34487	28.125	27.5	10.625
34631	40.625	33.125	10.625
34775	42.5	32.5	20.0
34919	38.75	26.25	23.125
35063	38.75	19.375	31.875
35207	32.5	9.375	31.875
35351	27.5	18.75	37.5
35495	21.875	25.0	38.75
35639	11.25	33.125	31.875
35783	13.75	36.25	26.875
35927	18.75	40.0	19.375
36071	30.0	43.125	15.0
36215	36.25	50.625	13.75
36359	33.75	51.25	12.5
36503	35.0	51.875	13.75
36647	32.5	50.0	11.875
36791	31.875	48.75	13.75
36935	30.0	45.625	13.125
37079	31.25	45.0	13.75
37223	30.0	41.875	14.375
37367	33.125	46.25	15.625
37511	30.625	46.875	14.375
37655	33.75	46.875	13.75
37799	33.75	48.75	11.875
37943	33.75	45.625	13.75
38087	29.375	45.0	11.875
38231	30.0	43.125	12.5
38375	26.25	43.75	14.375
38519	25.625	41.25	16.875
38663	28.75	43.75	16.875
38807	33.125	45.0	13.125
38951	34.375	44.375	13.75
39095	28.75	49.375	11.25
39239	23.125	51.875	10.625
39383	23.125	52.5	8.125
39527	26.875	50.625	6.875
39671	30.0	50.625	7.5
39815	28.75	45.625	6.875
39959	30.625	43.125	8.125
40103	30.625	43.75	8.75
40247	28.125	42.5	9.375
40391	28.125	43.75	8.75
40535	30.0	41.875	9.375
40679	31.25	40.0	9.375
40823	33.75	43.75	11.875
40967	31.875	41.875	11.875
41111	33.75	44.375	12.5
41255	35.625	41.25	11.25
41399	33.75	43.125	12.5
41543	33.125	43.125	12.5
41687	31.875	45.0	6.875
41831	28.75	42.5	6.875
41975	28.75	39.375	10.0
42119	31.25	38.125	10.625
42263	29.375	40.625	11.25
42407	26.875	45.625	9.375
42551	28.125	50.0	6.875
42695	28.125	47.5	7.5
42839	32.5	45.625	10.0
42983	33.75	46.25	18.75
43127	37.5	45.0	22.5
43271	35.0	45.625	23.125
43415	31.25	48.75	18.75
43559	29.375	55.0	13.125
43703	30.0	56.875	11.875
43847	30.625	52.5	11.875
43991	32.5	50.0	11.25
44135	36.25	46.875	10.0
44279	35.625	46.25	11.875
44423	32.5	43.75	13.125
44567	28.125	43.125	17.5
44711	25.625	44.375	18.75
44855	26.875	48.125	15.625
44999	30.625	46.25	12.5
45143	28.75	47.5	6.25
45287	30.625	41.875	6.25
45431	26.25	45.0	6.875
45575	29.375	49.375	10.0
45719	28.125	48.75	11.25
45863	28.75	50.625	10.625
46007	29.375	43.125	8.75
46151	31.875	41.875	9.375
46295	31.25	39.375	10.625
46439	30.0	38.75	10.0
46583	30.0	41.25	9.375
46727	30.0	40.0	10.0
46871	30.0	40.0	10.0
47015	30.0	38.125	10.625
47159	31.25	40.625	9.375
47303	35.625	43.125	8.125
47447	31.875	46.25	9.375
47591	29.375	46.25	10.0
47735	26.25	47.5	10.0
47879	25.625	40.625	11.875
48023	28.75	35.0	16.25
48167	31.25	26.875	22.5
48311	35.0	25.625	32.5
48455	38.125	21.25	31.875
48599	40.625	21.875	36.25
48743	40.0	12.5	28.75
48887	41.25	11.25	30.625
49031	33.75	19.375	33.125
49175	23.75	25.0	35.0
49319	14.375	33.125	39.375
49463	8.125	39.375	35.0
49607	6.875	40.625	33.125
49751	8.125	40.625	35.625
49895	6.875	41.25	36.875
50039	6.25	35.0	38.75
50183	7.5	35.625	37.5
50327	9.375	34.375	35.0
50471	11.875	33.125	33.125
50615	10.0	31.875	38.125
50759	9.375	31.25	38.75
50903	9.375	30.0	41.875
51047	8.125	29.375	42.5
51191	5.625	33.75	45.625
51335	8.125	32.5	43.125
51479	5.0	33.75	46.25
51623	7.5	36.25	46.25
51767	5.0	35.625	50.625
51911	6.875	35.625	53.125
52055	7.5	28.75	47.5
52199	8.75	27.5	45.0
52343	10.0	26.875	45.0
52487	8.125	29.375	48.75
52631	8.125	30.0	51.875
52775	6.875	30.0	56.25
52919	6.875	33.75	53.75
53063	7.5	36.25	53.125
53207	12.5	45.0	50.625
53351	10.0	43.75	52.5
53495	10.625	45.0	54.375
53639	8.125	41.875	50.625
53783	10.0	43.125	50.0
53927	10.625	46.875	49.375
54071	10.0	48.125	50.625
54215	10.0	43.75	51.875
54359	18.75	33.75	45.0
54503	35.0	21.25	35.625
54647	45.625	11.875	36.25
54791	50.0	7.5	38.75
54935	48.125	10.0	38.75
55079	49.375	11.875	40.0
55223	50.0	9.375	40.0
55367	50.625	7.5	42.5
55511	46.875	5.625	40.625
55655	43.75	10.625	35.625
55799	44.375	11.25	36.875
55943	45.0	8.75	32.5
56087	48.125	5.0	39.375
56231	46.875	5.0	41.875
56375	53.75	7.5	45.625
56519	55.0	9.375	45.0
56663	60.0	8.125	40.625
56807	61.875	7.5	37.5
56951	57.5	7.5	37.5
57095	53.125	15.625	31.25
57239	43.125	27.5	21.25
57383	35.625	40.625	14.375
57527	35.0	48.75	10.0
57671	41.25	50.0	8.125
57815	40.0	47.5	7.5
57959	34.375	40.0	5.0
58103	26.875	35.625	10.0
58247	29.375	34.375	12.5
58391	30.625	34.375	14.375
58535	35.625	44.375	16.25
58679	40.0	48.125	18.75
58823	44.375	50.625	24.375
58967	46.25	49.375	22.5
59111	44.375	45.625	20.0
59255	42.5	48.75	10.0
59399	36.875	43.125	11.875
59543	36.875	39.375	10.625
59687	33.75	31.875	10.625
59831	35.625	33.125	8.125
59975	33.75	33.75	7.5
60119	32.5	36.25	10.625
60263	30.625	40.625	8.75
60407	28.75	44.375	8.75
60551	31.875	47.5	8.125
60695	30.0	41.875	8.75
60839	31.875	40.625	8.75
60983	35.625	36.25	8.75
61127	38.125	36.25	8.125
61271	36.25	33.75	8.125
61415	37.5	38.75	7.5
61559	36.25	34.375	9.375
61703	32.5	36.875	11.25
61847	33.75	35.625	11.25
61991	33.75	41.25	10.625
62135	35.625	36.875	9.375
62279	38.125	40.625	8.75
62423	36.875	41.875	9.375
62567	35.625	46.25	7.5
62711	29.375	42.5	10.0
62855	28.75	40.0	11.25
62999	27.5	35.625	11.25
63143	32.5	33.75	10.0
63287	33.125	32.5	11.25
63431	33.125	33.75	11.875
63575	28.75	45.625	12.5
63719	22.5	45.0	24.375
63863	16.875	41.25	31.25
64007	10.0	35.0	43.75
64151	10.625	36.25	46.25
64295	14.375	35.625	48.75
64439	24.375	29.375	41.875
64583	33.125	22.5	38.75
64727	38.75	16.875	33.75
64871	40.625	14.375	27.5
65015	38.75	15.0	26.875
65159	36.875	13.75	26.875
65303	37.5	16.875	26.25
65447	36.875	20.0	30.625
65591	26.25	25.625	36.25
65735	16.25	30.0	45.0
65879	13.125	34.375	46.875
66023	15.0	33.75	44.375
66167	18.125	35.625	38.125
66311	23.125	41.875	32.5
66455	25.0	35.625	24.375
66599	31.875	27.5	26.875
66743	31.25	18.125	22.5
66887	34.375	13.125	30.625
67031	32.5	14.375	38.75
67175	33.125	12.5	42.5
67319	35.0	8.75	43.75
67463	32.5	7.5	34.375
67607	29.375	7.5	35.625
67751	30.625	6.875	38.75
67895	29.375	8.125	38.125
68039	31.875	6.875	40.0
68183	33.125	6.25	39.375
68327	34.375	7.5	44.375
68471	34.375	11.25	43.125
68615	32.5	10.0	40.0
68759	35.0	8.125	36.25
68903	35.0	8.125	34.375
69047	33.125	5.625	38.75
69191	37.5	5.625	40.625
69335	39.375	5.625	38.75
69479	38.125	5.0	37.5
69623	38.75	6.25	39.375
69767	38.75	7.5	38.75
69911	36.875	6.25	39.375
70055	38.75	8.125	35.625
70199	35.625	8.75	32.5
70343	36.25	10.625	32.5
70487	35.0	15.0	28.75
70631	38.125	16.25	26.25
70775	41.875	11.875	28.125
70919	40.0	16.25	25.0
71063	35.0	17.5	20.625
71207	33.75	28.75	11.25
71351	36.25	33.125	6.25
71495	40.625	43.125	7.5
71639	41.25	45.625	6.875
71783	39.375	48.125	7.5
71927	41.875	41.25	6.875
72071	42.5	37.5	6.875
72215	48.125	34.375	8.75
72359	46.875	34.375	10.0
72503	46.875	33.75	10.625
72647	38.75	35.625	10.0
72791	39.375	38.75	8.75
72935	38.75	34.375	6.875
73079	42.5	38.75	6.25
73223	39.375	38.125	6.25
73367	38.75	40.0	8.125
73511	31.875	33.75	14.375
73655	33.75	23.125	25.625
73799	32.5	11.875	37.5
73943	38.125	4.375	46.875
74087	40.625	5.625	49.375
74231	40.0	9.375	48.125
74375	35.625	10.625	48.125
74519	31.25	8.75	48.125
74663	30.625	8.75	42.5
74807	32.5	5.625	41.25
74951	33.125	7.5	40.0
75095	38.75	7.5	43.125
75239	40.625	10.0	42.5
75383	42.5	11.875	44.375
75527	40.0	10.625	43.125
75671	35.0	11.875	44.375
75815	35.625	8.125	40.625
75959	36.875	8.125	38.125
76103	37.5	6.875	36.25
76247	38.125	8.75	35.625
76391	40.0	8.125	40.0
76535	43.125	8.75	40.625
76679	42.5	10.0	37.5
76823	40.625	10.0	35.0
76967	36.875	10.0	31.875
77111	38.125	7.5	32.5
77255	42.5	5.625	31.875
77399	45.0	10.0	33.125
77543	48.75	11.875	31.25
77687	51.875	12.5	33.75
77831	51.25	12.5	31.875
77975	48.125	14.375	34.375
78119	48.75	14.375	35.625
78263	48.125	11.25	35.0
78407	48.125	13.125	33.75
78551	46.875	11.25	26.25
78695	47.5	16.25	30.625
78839	36.25	20.0	31.875
78983	27.5	23.75	36.25
79127	16.875	26.875	37.5
79271	11.25	25.625	35.0
79415	16.25	25.0	31.875
79559	30.0	25.625	36.875
79703	35.625	23.75	35.625
79847	45.625	18.75	45.0
79991	45.625	16.875	45.0
80135	50.625	14.375	48.125
80279	50.625	13.75	53.75
80423	43.75	23.75	41.25
80567	41.875	30.625	32.5
80711	32.5	38.75	20.0
80855	31.25	45.625	14.375
80999	30.625	42.5	19.375
81143	26.875	45.0	25.0
81287	25.0	46.875	26.25
81431	23.75	47.5	21.25
81575	28.75	53.125	13.75
81719	28.125	53.75	13.75
81863	32.5	50.625	12.5
82007	36.875	45.625	9.375
82151	40.625	40.625	9.375
82295	43.125	35.0	16.25
82439	46.25	28.75	25.625
82583	48.125	22.5	33.125
82727	55.0	18.75	38.75
82871	51.875	18.125	38.125
83015	48.125	20.0	35.0
83159	42.5	20.0	38.125
83303	46.875	18.75	40.625
83447	50.0	16.25	42.5
83591	52.5	16.875	43.125
83735	41.875	18.75	37.5
83879	27.5	25.0	40.0
84023	18.75	28.75	43.125
84167	12.5	35.0	50.625
84311	13.75	33.125	53.75
84455	10.0	34.375	55.625
84599	10.625	27.5	50.0
84743	12.5	26.875	55.625
84887	13.125	31.25	58.75
85031	17.5	26.875	53.125
85175	25.625	26.25	42.5
85319	28.125	26.875	33.75
85463	26.25	31.875	33.75
85607	20.625	34.375	41.875
85751	11.25	30.0	48.125
85895	13.75	27.5	50.625
86039	14.375	28.75	46.875
86183	13.75	36.25	46.25
86327	11.875	36.25	44.375
86471	15.0	32.5	45.625
86615	15.625	30.0	45.0
86759	14.375	31.25	46.875
86903	13.125	33.125	43.75
87047	11.25	28.75	46.25
87191	13.125	28.125	47.5
87335	11.25	26.25	55.625
87479	8.125	27.5	58.75
87623	8.75	26.25	58.125
87767	9.375	30.625	51.25
87911	12.5	32.5	47.5
88055	13.75	31.875	49.375
88199	14.375	29.375	47.5
88343	13.125	34.375	50.625
88487	11.25	34.375	46.875
88631	8.125	36.875	45.0
88775	8.125	35.0	45.625
88919	9.375	36.25	48.125
89063	11.875	37.5	48.125
89207	16.25	41.25	47.5
89351	14.375	44.375	51.25
89495	15.0	41.25	48.125
89639	17.5	35.625	45.625
89783	14.375	34.375	46.875
89927	11.875	35.625	46.875
90071	11.25	33.125	45.0