# BASE VAL1 VAL2
# color 0:255:0 0:0:255 100:100:100
35	39.0625	18.125	29.6875
107	39.0625	18.125	30.9375
179	38.75	17.8125	32.8125
251	35.625	18.75	31.5625
323	36.5625	18.125	28.125
395	35.625	18.4375	28.75
467	37.8125	16.875	29.375
539	39.375	14.6875	28.4375
611	40.625	15.0	29.0625
683	40.625	14.6875	29.0625
755	42.1875	13.75	28.75
827	41.25	13.75	30.3125
899	39.6875	13.4375	29.375
971	39.6875	13.4375	28.4375
1043	39.6875	13.4375	27.8125
1115	40.9375	14.375	27.5
1187	41.875	14.0625	27.5
1259	42.8125	12.8125	29.375
1331	43.75	10.9375	30.625
1403	43.4375	10.0	30.3125
1475	41.5625	11.875	31.5625
1547	37.8125	14.6875	33.4375
1619	34.0625	16.25	34.6875
1691	30.9375	17.8125	35.9375
1763	27.5	20.3125	37.1875
1835	25.9375	22.1875	39.6875
1907	24.375	25.3125	41.25
1979	21.875	27.8125	43.4375
2051	18.75	29.0625	44.375
2123	15.9375	30.3125	46.875
2195	16.25	30.3125	45.9375
2267	15.0	30.625	46.5625
2339	15.0	30.0	48.125
2411	18.125	28.75	49.375
2483	21.875	25.9375	48.4375
2555	24.6875	24.0625	45.3125
2627	28.125	22.8125	44.0625
2699	28.4375	23.4375	44.375
2771	27.8125	23.4375	43.75
2843	26.875	24.375	42.1875
2915	27.8125	24.0625	41.25
2987	28.125	23.75	40.9375
3059	28.4375	23.75	40.9375
3131	27.1875	25.3125	42.5
3203	25.625	25.625	42.1875
3275	23.125	25.9375	40.9375
3347	21.875	27.8125	39.375
3419	21.25	29.375	37.5
3491	18.75	29.375	37.1875
3563	17.8125	30.625	37.8125
3635	20.3125	29.6875	35.0
3707	23.4375	29.0625	33.4375
3779	25.625	28.125	31.875
3851	26.25	25.9375	29.0625
3923	26.25	26.25	29.0625
3995	27.1875	25.3125	27.8125
4067	27.1875	22.8125	28.4375
4139	30.0	21.5625	26.5625
4211	31.5625	20.0	27.8125
4283	30.9375	18.125	29.375
4355	31.875	16.5625	31.25
4427	30.9375	16.25	32.8125
4499	33.125	15.0	33.75
4571	32.8125	15.0	33.75
4643	31.25	14.6875	30.9375
4715	30.9375	16.5625	34.0625
4787	30.0	16.875	32.5
4859	28.75	18.4375	33.4375
4931	28.125	18.75	35.0
5003	28.125	20.0	34.375
5075	27.8125	20.9375	35.9375
5147	26.875	22.8125	34.375
5219	26.5625	24.0625	31.875
5291	26.875	24.375	31.875
5363	25.625	25.3125	31.25
5435	24.0625	26.875	30.625
5507	21.875	28.125	32.8125
5579	22.1875	26.5625	35.9375
5651	22.5	24.375	39.375
5723	24.0625	22.1875	40.625
5795	25.625	21.875	41.875
5867	27.5	20.9375	42.5
5939	30.3125	19.6875	44.375
6011	30.3125	22.5	44.0625
6083	31.5625	22.1875	45.9375
6155	32.5	23.4375	44.375
6227	33.125	24.6875	42.5
6299	33.4375	25.0	41.5625
6371	35.0	25.625	41.875
6443	34.375	25.3125	40.0
6515	33.4375	25.9375	37.1875
6587	32.1875	27.5	35.3125
6659	32.1875	30.0	33.4375
6731	30.9375	30.9375	32.8125
6803	28.75	31.875	31.25
6875	30.3125	30.625	29.375
6947	31.875	30.0	26.875
7019	31.5625	30.0	24.6875
7091	33.125	27.8125	25.0
7163	34.6875	28.125	28.125
7235	35.3125	26.25	29.375
7307	33.125	27.8125	29.6875
7379	33.75	28.125	29.6875
7451	33.75	27.8125	30.3125
7523	33.125	27.5	30.0
7595	30.3125	27.1875	28.125
7667	31.875	25.0	25.625
7739	31.875	26.5625	25.9375
7811	29.375	27.8125	24.6875
7883	26.875	28.4375	25.3125
7955	26.25	27.8125	24.375
8027	26.875	29.0625	23.125
8099	25.9375	30.625	21.5625
8171	25.3125	31.5625	18.125
8243	26.875	31.5625	17.5
8315	26.5625	30.3125	16.5625
8387	27.1875	29.6875	16.5625
8459	29.375	28.125	18.125
8531	30.625	26.875	20.9375
8603	32.1875	25.9375	22.8125
8675	33.125	22.8125	22.5
8747	33.125	22.8125	22.8125
8819	31.25	23.125	23.75
8891	30.3125	24.0625	22.5
8963	31.5625	23.75	22.8125
9035	29.6875	21.5625	22.5
9107	29.0625	22.1875	21.875
9179	28.4375	20.625	22.1875
9251	27.8125	19.6875	23.75
9323	28.4375	19.6875	23.125
9395	28.125	18.75	23.75
9467	26.875	19.0625	22.5
9539	25.3125	20.0	21.5625
9611	24.0625	23.125	21.25
9683	24.0625	25.0	20.9375
9755	25.0	22.8125	19.375
9827	28.75	22.8125	18.4375
9899	27.8125	21.875	18.4375
9971	29.6875	20.3125	19.0625
10043	29.6875	21.25	19.0625
10115	31.25	21.875	18.125
10187	32.8125	24.375	16.25
10259	33.125	24.6875	15.0
10331	32.5	27.8125	14.0625
10403	32.8125	28.125	14.0625
10475	33.4375	29.375	15.3125
10547	34.6875	30.9375	15.9375
10619	35.0	27.8125	15.625
10691	34.6875	27.5	16.5625
10763	31.25	27.8125	16.875
10835	28.4375	29.6875	18.4375
10907	25.0	30.625	19.6875
10979	23.75	32.5	20.625
11051	22.8125	31.875	23.125
11123	21.5625	29.375	27.1875
11195	21.5625	29.375	28.125
11267	23.125	30.0	27.5
11339	25.0	30.625	25.9375
11411	26.875	31.25	23.125
11483	26.5625	31.25	23.125
11555	26.875	32.1875	23.75
11627	28.75	31.25	23.75
11699	30.3125	30.0	24.0625
11771	32.1875	31.5625	24.0625
11843	33.75	31.25	22.1875
11915	34.6875	30.0	23.125
11987	36.25	29.0625	20.9375
12059	36.5625	32.5	17.8125
12131	37.5	32.1875	16.5625
12203	37.5	31.875	16.25
12275	35.0	31.5625	16.25
12347	30.625	33.4375	17.5
12419	29.0625	32.8125	18.4375
12491	29.0625	30.625	19.0625
12563	28.4375	33.4375	20.3125
12635	27.5	34.375	20.0
12707	25.625	33.75	20.0
12779	27.1875	32.1875	20.0
12851	27.5	33.125	19.0625
12923	27.8125	35.0	18.4375
12995	27.8125	33.4375	18.4375
13067	27.5	31.875	18.125
13139	25.625	35.0	20.0
13211	23.125	36.5625	24.375
13283	22.8125	35.9375	25.625
13355	22.5	37.1875	27.1875
13427	20.9375	39.375	25.625
13499	20.625	39.6875	24.6875
13571	21.25	41.875	25.625
13643	20.0	43.4375	27.8125
13715	16.875	43.75	28.125
13787	15.3125	44.0625	30.3125
13859	12.8125	43.4375	32.1875
13931	10.9375	44.0625	35.0
14003	7.8125	46.25	36.5625
14075	6.5625	45.3125	37.1875
14147	6.5625	44.375	35.9375
14219	6.875	43.125	35.9375
14291	7.5	41.5625	33.4375
14363	8.4375	40.625	34.6875
14435	7.1875	40.9375	35.0
14507	7.1875	39.6875	35.3125
14579	10.625	36.25	33.125
14651	12.1875	33.4375	33.75
14723	13.125	31.25	32.8125
14795	15.0	30.3125	33.4375
14867	15.9375	31.25	33.4375
14939	15.9375	28.75	31.5625
15011	15.625	29.6875	30.9375
15083	18.4375	27.1875	29.0625
15155	21.875	26.875	28.125
15227	24.6875	26.875	26.25
15299	26.5625	25.0	24.375
15371	27.1875	24.375	23.75
15443	30.625	23.125	21.5625
15515	30.625	24.6875	20.9375
15587	30.3125	25.9375	18.4375
15659	33.125	28.75	17.8125
15731	32.5	29.0625	16.5625
15803	34.6875	26.875	14.6875
15875	36.875	27.8125	14.375
15947	38.75	29.0625	13.75
16019	39.375	28.4375	13.75
16091	40.625	27.8125	12.5
16163	38.75	28.125	13.75
16235	39.375	28.125	14.0625
16307	41.875	28.75	12.5
16379	43.4375	30.3125	12.1875
16451	42.8125	29.6875	12.8125
16523	43.75	30.0	12.8125
16595	44.375	30.3125	12.8125
16667	46.25	29.375	11.25
16739	45.0	30.9375	11.5625
16811	45.3125	31.25	10.9375
16883	45.9375	30.625	11.5625
16955	45.625	30.9375	12.1875
17027	44.6875	32.5	11.875
17099	44.375	33.125	11.5625
17171	44.375	32.5	10.9375
17243	43.4375	32.1875	11.25
17315	42.8125	30.625	11.25
17387	42.5	29.375	13.125
17459	40.3125	28.75	15.625
17531	39.0625	27.5	17.1875
17603	38.125	26.5625	19.0625
17675	37.1875	24.375	20.9375
17747	35.625	22.8125	22.5
17819	35.9375	21.25	24.375
17891	34.0625	21.25	27.5
17963	33.75	18.4375	29.375
18035	34.6875	15.9375	32.1875
18107	34.6875	16.25	34.0625
18179	34.375	14.0625	38.4375
18251	31.5625	14.0625	40.0
18323	31.5625	13.4375	41.25
18395	31.5625	13.4375	40.9375
18467	31.5625	13.125	42.5
18539	31.25	13.125	42.1875
18611	30.9375	13.75	43.4375
18683	31.875	14.0625	44.375
18755	30.9375	15.3125	42.1875
18827	30.3125	16.5625	38.4375
18899	30.9375	18.4375	35.9375
18971	29.6875	20.0	32.8125
19043	28.75	19.375	31.25
19115	28.125	20.625	26.875
19187	30.3125	21.5625	23.75
19259	28.4375	24.375	21.5625
19331	27.8125	25.9375	20.625
19403	27.1875	27.5	20.3125
19475	27.5	29.6875	20.0
19547	27.5	29.0625	20.0
19619	26.875	29.0625	19.6875
19691	26.875	28.4375	21.25
19763	26.25	28.125	24.375
19835	25.3125	26.25	27.1875
19907	26.25	25.625	30.0
19979	25.9375	25.625	32.8125
20051	27.5	25.3125	34.6875
20123	27.5	24.375	38.75
20195	28.75	21.5625	41.875
20267	28.4375	21.5625	42.8125
20339	30.3125	18.125	43.75
20411	29.6875	16.5625	44.375
20483	30.0	16.5625	44.375
20555	32.1875	15.9375	45.625
20627	32.8125	15.9375	45.3125
20699	33.125	14.0625	45.3125
20771	34.375	14.375	44.375
20843	35.9375	14.0625	43.75
20915	34.375	15.0	45.0
20987	35.0	14.6875	46.875
21059	35.625	15.0	47.8125
21131	34.6875	17.1875	48.75
21203	35.9375	16.5625	50.625
21275	35.0	17.5	50.3125
21347	36.25	18.125	49.0625
21419	35.0	20.0	48.4375
21491	33.125	21.25	49.375
21563	34.0625	22.1875	47.5
21635	34.375	23.4375	46.5625
21707	33.4375	25.625	45.3125
21779	34.375	27.1875	43.4375
21851	35.0	26.875	40.9375
21923	36.5625	29.375	36.25
21995	36.5625	30.625	33.75
22067	38.125	31.25	30.0
22139	39.0625	31.25	26.5625
22211	43.4375	30.0	21.875
22283	43.4375	31.25	20.625
22355	44.6875	30.625	19.0625
22427	46.875	32.1875	17.1875
22499	47.1875	31.875	15.9375
22571	49.375	33.75	15.9375
22643	53.4375	35.625	15.625
22715	53.75	36.875	16.25
22787	53.125	35.625	15.9375
22859	52.1875	35.3125	15.9375
22931	52.8125	35.625	15.9375
23003	52.1875	35.0	16.25
23075	50.9375	35.0	14.6875
23147	48.75	35.9375	14.375
23219	47.1875	37.1875	14.375
23291	46.875	36.25	14.6875
23363	46.25	35.9375	13.125
23435	45.625	35.3125	12.1875
23507	46.5625	36.25	10.625
23579	43.4375	33.125	11.25
23651	41.5625	31.875	11.5625
23723	42.5	29.6875	11.25
23795	41.875	30.0	11.25
23867	43.125	29.0625	11.25
23939	41.875	28.125	10.9375
24011	39.375	29.375	12.5
24083	37.8125	31.875	14.0625
24155	34.6875	35.3125	14.6875
24227	32.1875	35.625	14.375
24299	29.6875	36.875	17.1875
24371	27.1875	37.5	19.0625
24443	26.875	35.625	19.6875
24515	27.8125	35.625	19.6875
24587	26.875	35.9375	18.75
24659	27.1875	36.25	19.6875
24731	27.1875	36.25	19.0625
24803	27.1875	37.5	19.0625
24875	26.5625	38.125	20.0
24947	27.8125	35.625	21.875
25019	29.375	33.4375	23.75
25091	30.9375	30.0	25.625
25163	33.125	27.5	28.125
25235	35.3125	24.375	28.125
25307	37.5	22.5	29.6875
25379	36.875	21.5625	30.9375
25451	35.3125	21.25	34.0625
25523	35.0	18.75	36.5625
25595	33.75	18.125	39.0625
25667	34.0625	15.9375	40.625
25739	33.4375	13.125	44.6875
25811	33.75	11.5625	46.25
25883	32.5	10.625	45.9375
25955	31.875	10.0	45.9375
26027	32.5	10.625	45.9375
26099	31.25	10.625	45.0
26171	31.25	9.375	43.4375
26243	30.9375	9.0625	44.0625
26315	30.0	8.75	42.8125
26387	30.3125	8.75	41.875
26459	30.625	8.75	42.5
26531	29.0625	12.1875	42.5
26603	28.75	15.3125	42.5
26675	28.75	15.3125	41.5625
26747	27.8125	15.9375	39.6875
26819	26.5625	16.5625	38.4375
26891	25.9375	19.0625	36.875
26963	23.75	20.9375	35.0
27035	23.125	22.5	35.0
27107	21.875	24.375	35.625
27179	20.3125	27.8125	33.125
27251	17.8125	30.625	32.1875
27323	17.5	31.875	31.5625
27395	16.25	33.4375	29.0625
27467	14.6875	32.8125	27.5
27539	13.4375	32.8125	26.5625
27611	11.875	33.75	26.875
27683	10.3125	35.625	27.1875
27755	9.375	38.125	29.6875
27827	9.0625	38.125	30.625
27899	9.375	38.4375	29.6875
27971	8.75	39.0625	31.5625
28043	8.4375	39.6875	30.3125
28115	8.75	39.0625	29.6875
28187	8.75	38.125	31.875
28259	8.75	38.4375	30.9375
28331	11.875	38.4375	30.0
28403	13.75	38.75	27.1875
28475	15.0	38.75	26.875
28547	15.9375	37.5	25.3125
28619	16.875	39.6875	25.0
28691	16.875	39.375	24.6875
28763	18.125	37.1875	24.6875
28835	19.0625	35.9375	24.0625
28907	21.875	34.6875	24.375
28979	23.4375	31.875	25.0
29051	25.625	31.5625	25.625
29123	28.4375	31.25	23.4375
29195	29.0625	30.0	22.5
29267	30.9375	29.6875	21.875
29339	30.0	29.0625	22.8125
29411	30.9375	30.0	23.125
29483	32.8125	28.125	21.875
29555	35.3125	25.625	20.625
29627	38.4375	25.9375	18.75
29699	39.375	26.25	17.1875
29771	41.25	28.75	14.6875
29843	42.1875	28.75	12.8125
29915	43.125	30.625	10.0
29987	43.75	31.5625	7.5
30059	41.25	31.25	7.5
30131	40.0	31.25	7.8125
30203	40.3125	30.625	10.0
30275	39.6875	29.6875	12.1875
30347	39.0625	27.1875	15.3125
30419	39.375	25.625	16.5625
30491	35.625	28.125	17.1875
30563	32.8125	29.375	17.8125
30635	30.9375	29.6875	18.75
30707	28.4375	30.625	21.25
30779	25.0	31.5625	22.8125
30851	21.5625	32.5	24.6875
30923	19.6875	34.6875	26.875
30995	19.375	35.625	29.0625
31067	19.6875	35.9375	30.0
31139	17.1875	39.0625	30.3125
31211	15.0	40.0	28.125
31283	14.0625	40.0	28.125
31355	12.5	40.3125	28.4375
31427	14.375	38.4375	29.6875
31499	15.9375	34.6875	32.1875
31571	17.8125	31.5625	34.6875
31643	19.6875	28.4375	36.5625
31715	22.1875	26.875	35.9375
31787	25.0	23.75	38.125
31859	27.5	21.25	39.375
31931	29.0625	17.5	38.75
32003	30.0	14.6875	40.9375
32075	29.6875	12.1875	41.875
32147	30.3125	10.3125	43.4375
32219	31.875	10.3125	43.75
32291	32.8125	10.3125	44.6875
32363	32.5	9.6875	46.25
32435	31.875	10.3125	45.0
32507	29.375	9.6875	42.8125
32579	27.8125	10.0	40.9375
32651	26.875	9.6875	38.4375
32723	27.1875	11.5625	36.25
32795	28.125	13.4375	33.4375
32867	28.4375	15.625	31.875
32939	29.375	19.0625	29.375
33011	30.9375	21.5625	26.25
33083	33.4375	21.5625	24.0625
33155	36.25	24.6875	22.5
33227	34.6875	26.875	20.9375
33299	33.125	29.6875	18.75
33371	31.25	32.1875	19.0625
33443	32.8125	32.8125	18.125
33515	31.875	35.0	19.0625
33587	31.25	35.9375	19.375
33659	28.75	35.3125	20.0
33731	29.0625	35.0	19.0625
33803	28.125	33.75	18.4375
33875	26.875	34.0625	17.8125
33947	27.5	32.8125	17.8125
34019	26.875	32.1875	17.5
34091	27.1875	32.8125	19.375
34163	28.75	32.8125	18.75
34235	30.0	31.25	20.9375
34307	32.5	28.4375	18.75
34379	31.875	27.1875	18.125
34451	32.5	25.9375	18.4375
34523	36.5625	25.0	21.5625
34595	38.4375	24.0625	22.1875
34667	37.1875	22.8125	24.6875
34739	35.9375	22.8125	26.875
34811	34.0625	23.4375	28.75
34883	33.125	23.4375	31.5625
34955	30.625	24.0625	34.0625
35027	27.1875	23.75	33.75
35099	23.4375	22.5	34.0625
35171	20.9375	23.4375	30.9375
35243	20.0	25.625	30.9375
35315	20.625	27.8125	31.875
35387	22.1875	30.0	30.0
35459	21.875	32.8125	27.1875
35531	20.9375	35.625	24.6875
35603	21.875	40.0	23.4375
35675	22.8125	42.5	21.25
35747	23.4375	43.4375	20.0
35819	24.6875	44.0625	18.125
35891	26.25	45.3125	15.9375
35963	28.4375	46.875	14.375
36035	31.25	47.8125	13.4375
36107	33.125	48.125	13.4375
36179	34.0625	49.375	12.8125
36251	32.8125	50.3125	13.4375
36323	33.125	49.0625	12.8125
36395	32.1875	49.6875	13.125
36467	32.5	47.8125	13.125
36539	30.9375	47.8125	12.8125
36611	30.9375	47.1875	13.125
36683	30.625	45.625	13.75
36755	30.9375	46.5625	14.6875
36827	31.875	46.875	14.6875
36899	30.625	46.25	14.375
36971	30.3125	46.25	13.75
37043	31.25	45.3125	14.375
37115	30.9375	44.6875	15.0
37187	31.5625	44.6875	14.375
37259	32.1875	46.25	14.375
37331	31.5625	46.5625	14.375
37403	32.1875	45.9375	15.3125
37475	32.5	46.5625	14.0625
37547	30.3125	45.9375	13.75
37619	31.25	45.9375	13.125
37691	31.5625	45.0	13.125
37763	30.9375	45.625	12.8125
37835	29.6875	44.375	14.375
37907	29.6875	45.625	13.75
37979	28.4375	46.25	14.6875
38051	28.4375	45.3125	14.375
38123	29.375	44.0625	15.0
38195	30.3125	43.125	14.0625
38267	30.3125	43.4375	13.75
38339	29.6875	44.375	14.0625
38411	30.0	45.0	13.75
38483	29.6875	43.75	14.6875
38555	28.75	46.5625	14.6875
38627	28.4375	47.8125	14.0625
38699	27.5	47.5	13.125
38771	28.125	47.1875	11.25
38843	28.4375	48.4375	10.9375
38915	28.75	48.75	10.3125
38987	29.375	48.75	9.6875
39059	27.5	49.375	9.375
39131	28.125	51.25	9.0625
39203	28.125	50.0	8.4375
39275	27.1875	48.4375	7.8125
39347	27.1875	47.5	8.125
39419	27.8125	47.5	7.5
39491	30.0	48.125	7.5
39563	28.4375	47.1875	8.125
39635	29.6875	46.25	8.125
39707	30.625	45.0	8.125
39779	29.0625	44.6875	8.125
39851	29.0625	42.8125	8.4375
39923	29.6875	42.8125	8.125
39995	31.5625	44.6875	8.125
40067	30.3125	41.25	9.375
40139	30.0	41.5625	9.6875
40211	30.0	41.875	10.0
40283	30.625	42.5	10.9375
40355	30.3125	42.8125	10.9375
40427	30.3125	42.5	10.0
40499	30.3125	42.5	9.6875
40571	31.5625	42.1875	11.25
40643	32.5	42.8125	11.875
40715	34.0625	42.5	12.1875
40787	34.0625	43.4375	11.875
40859	33.4375	44.0625	12.5
40931	33.4375	42.5	12.1875
41003	32.8125	43.125	10.9375
41075	33.4375	43.75	10.625
41147	33.125	44.6875	10.625
41219	32.8125	44.0625	9.6875
41291	33.125	44.0625	9.375
41363	32.8125	42.1875	9.6875
41435	31.875	41.5625	10.9375
41507	32.5	40.3125	10.9375
41579	31.5625	40.3125	9.6875
41651	31.5625	41.5625	9.0625
41723	29.6875	42.5	9.6875
41795	29.375	41.875	9.375
41867	28.125	42.8125	8.75
41939	28.75	43.4375	9.375
42011	30.3125	43.75	8.75
42083	28.75	42.8125	8.75
42155	29.0625	43.125	9.0625
42227	28.75	44.375	9.6875
42299	30.3125	44.6875	10.3125
42371	29.375	45.625	10.0
42443	30.625	46.875	11.5625
42515	30.9375	46.875	14.6875
42587	32.1875	46.25	15.0
42659	32.8125	46.25	15.0
42731	32.8125	45.9375	15.9375
42803	33.4375	47.5	16.875
42875	33.125	47.5	15.9375
42947	32.1875	49.6875	16.875
43019	33.125	50.3125	18.125
43091	32.8125	50.625	18.4375
43163	33.4375	50.9375	17.8125
43235	32.5	51.5625	17.5
43307	32.8125	52.1875	17.1875
43379	31.5625	50.9375	16.5625
43451	31.25	53.125	13.125
43523	32.1875	52.1875	12.1875
43595	32.1875	51.5625	12.1875
43667	33.75	51.25	11.25
43739	33.4375	50.625	11.5625
43811	32.5	48.75	11.875
43883	32.5	47.5	13.125
43955	31.5625	46.25	12.8125
44027	31.5625	45.9375	13.125
44099	31.875	44.6875	14.0625
44171	31.25	44.375	15.0
44243	29.375	45.0	15.3125
44315	29.375	45.625	13.75
44387	30.9375	45.0	13.125
44459	29.0625	45.0	13.4375
44531	28.75	44.0625	13.75
44603	27.5	45.3125	12.8125
44675	27.1875	44.6875	12.5
44747	26.5625	44.0625	12.5
44819	28.125	45.625	11.5625
44891	29.0625	45.3125	10.3125
44963	29.0625	46.5625	9.6875
45035	29.0625	48.125	9.6875
45107	27.8125	46.875	8.75
45179	28.4375	45.9375	9.0625
45251	29.375	45.9375	8.75
45323	29.6875	47.1875	9.0625
45395	27.8125	46.25	8.75
45467	29.375	45.9375	9.375
45539	29.0625	46.25	9.6875
45611	29.6875	44.375	10.9375
45683	30.625	45.625	10.9375
45755	29.6875	44.0625	10.9375
45827	30.625	43.75	10.9375
45899	29.375	42.1875	10.625
45971	29.375	41.25	9.6875
46043	30.3125	41.875	10.0
46115	31.5625	41.5625	9.0625
46187	30.9375	40.3125	10.0
46259	29.375	39.375	10.625
46331	30.0	37.5	10.3125
46403	28.75	39.0625	10.625
46475	30.3125	39.6875	10.3125
46547	29.6875	39.375	10.0
46619	30.3125	39.6875	9.375
46691	30.625	40.625	9.375
46763	32.5	40.0	9.0625
46835	32.8125	40.625	9.6875
46907	31.5625	43.125	9.6875
46979	31.5625	41.875	10.0
47051	31.25	41.5625	9.6875
47123	29.375	42.8125	9.6875
47195	30.625	44.375	9.375
47267	31.25	44.6875	8.75
47339	30.9375	43.125	10.0
47411	29.375	42.5	11.25
47483	30.3125	40.625	12.8125
47555	29.0625	38.4375	13.4375
47627	29.6875	36.875	15.9375
47699	30.0	37.1875	18.125
47771	30.3125	37.1875	20.625
47843	31.875	32.8125	21.875
47915	32.8125	30.0	22.5
47987	33.75	27.8125	24.0625
48059	34.6875	25.625	26.875
48131	37.1875	23.4375	28.4375
48203	36.875	21.5625	29.6875
48275	37.8125	19.0625	30.3125
48347	39.0625	17.1875	29.375
48419	39.6875	17.1875	30.625
48491	37.5	19.375	32.1875
48563	36.25	21.875	34.0625
48635	33.75	21.25	33.4375
48707	30.625	20.3125	33.125
48779	28.125	21.875	32.1875
48851	25.0	24.375	33.75
48923	23.4375	26.25	32.8125
48995	21.5625	29.375	33.125
49067	18.4375	30.625	32.5
49139	15.9375	33.125	34.375
49211	14.0625	34.6875	35.625
49283	10.625	36.5625	37.5
49355	7.5	39.6875	36.5625
49427	6.875	39.0625	37.1875
49499	7.5	36.875	35.3125
49571	7.1875	38.125	35.0
49643	8.125	38.125	34.375
49715	8.75	37.8125	35.0
49787	8.4375	37.8125	35.625
49859	8.4375	38.125	35.625
49931	8.4375	35.0	35.625
50003	8.75	34.375	35.3125
50075	9.0625	33.4375	35.625
50147	8.125	33.125	37.8125
50219	9.0625	33.125	37.1875
50291	9.0625	32.8125	36.875
50363	9.375	32.1875	36.875
50435	10.9375	31.5625	36.875
50507	10.0	30.9375	37.1875
50579	9.0625	30.625	40.0
50651	8.4375	31.25	41.25
50723	7.8125	31.875	42.1875
50795	8.4375	32.1875	41.875
50867	8.125	31.5625	42.1875
50939	7.5	31.25	43.75
51011	6.5625	33.4375	45.0
51083	7.5	33.125	45.0
51155	6.5625	35.0	46.875
51227	6.5625	34.0625	47.5
51299	6.5625	33.75	47.8125
51371	5.9375	34.6875	48.125
51443	6.875	34.0625	48.75
51515	7.1875	33.75	48.125
51587	7.5	32.1875	46.875
51659	7.8125	32.1875	46.25
51731	6.875	32.1875	47.5
51803	7.5	31.5625	49.0625
51875	8.125	31.5625	48.75
51947	8.75	30.0	48.4375
52019	8.4375	29.0625	48.125
52091	8.125	29.0625	48.125
52163	8.4375	28.75	49.0625
52235	7.8125	28.75	49.0625
52307	9.0625	29.375	49.0625
52379	8.125	31.25	49.375
52451	8.125	31.875	50.3125
52523	8.4375	32.1875	51.875
52595	8.125	33.75	52.8125
52667	9.6875	35.625	53.4375
52739	9.6875	37.1875	53.125
52811	8.75	38.75	53.125
52883	8.4375	39.375	53.125
52955	8.75	38.75	53.75
53027	9.6875	40.625	52.5
53099	9.6875	40.625	51.25
53171	10.0	43.4375	50.0
53243	10.9375	43.125	49.6875
53315	10.0	43.125	50.3125
53387	10.3125	44.0625	51.25
53459	10.625	45.625	50.9375
53531	11.25	45.0	50.3125
53603	9.0625	43.4375	50.3125
53675	9.375	42.8125	50.625
53747	10.9375	41.875	49.375
53819	14.0625	39.375	46.875
53891	16.875	37.8125	45.0
53963	20.3125	34.0625	43.4375
54035	23.75	32.5	42.5
54107	27.1875	27.8125	42.8125
54179	29.0625	25.625	43.4375
54251	31.25	22.8125	41.875
54323	33.125	21.875	41.5625
54395	37.5	17.8125	39.0625
54467	41.5625	15.9375	38.125
54539	44.0625	14.0625	38.125
54611	46.875	11.875	37.1875
54683	49.0625	9.0625	38.4375
54755	50.3125	8.4375	38.75
54827	49.375	8.125	39.375
54899	48.4375	9.0625	40.0
54971	48.75	9.0625	40.9375
55043	48.4375	8.4375	40.0
55115	46.875	10.3125	37.8125
55187	48.4375	10.3125	38.4375
55259	47.1875	10.0	36.5625
55331	47.1875	9.0625	37.5
55403	46.5625	8.4375	36.875
55475	45.625	7.1875	37.1875
55547	46.875	6.875	37.8125
55619	46.5625	7.8125	37.8125
55691	45.3125	8.4375	38.125
55763	47.8125	8.75	40.3125
55835	46.875	8.75	39.0625
55907	50.0	8.75	39.6875
55979	50.625	8.75	39.375
56051	52.1875	7.1875	41.5625
56123	52.8125	6.5625	39.375
56195	55.3125	5.9375	41.5625
56267	55.625	6.875	41.25
56339	56.5625	7.5	40.9375
56411	57.5	8.125	41.25
56483	56.25	9.375	40.0
56555	55.625	11.5625	36.875
56627	55.3125	14.0625	34.6875
56699	53.4375	16.25	30.9375
56771	51.875	19.0625	29.0625
56843	47.8125	21.875	26.25
56915	47.8125	26.5625	24.6875
56987	46.5625	29.375	21.5625
57059	46.25	32.8125	20.3125
57131	44.0625	36.875	17.8125
57203	43.4375	38.4375	14.6875
57275	40.9375	40.3125	13.125
57347	37.1875	42.5	10.625
57419	35.9375	44.6875	7.5
57491	34.375	42.8125	7.8125
57563	33.75	43.4375	9.0625
57635	33.4375	43.4375	9.6875
57707	35.3125	41.5625	10.0
57779	34.375	40.9375	9.375
57851	34.375	39.375	9.6875
57923	33.4375	40.3125	10.0
57995	33.75	40.3125	12.5
58067	32.5	40.3125	12.1875
58139	32.1875	41.25	14.375
58211	35.3125	42.1875	18.125
58283	37.5	43.4375	18.4375
58355	37.8125	43.75	19.375
58427	39.0625	45.9375	20.0
58499	41.25	46.25	19.0625
58571	41.875	45.9375	18.125
58643	40.9375	49.375	17.5
58715	43.125	50.625	17.8125
58787	41.25	49.0625	18.125
58859	41.5625	47.5	17.5
58931	40.3125	45.0	17.5
59003	40.3125	44.0625	16.5625
59075	40.625	43.125	15.0
59147	37.5	41.875	12.5
59219	37.8125	42.1875	10.0
59291	35.625	39.6875	10.0
59363	35.625	37.5	9.0625
59435	35.3125	38.4375	9.0625
59507	34.0625	37.1875	9.375
59579	34.0625	35.3125	10.0
59651	32.5	36.25	10.0
59723	32.1875	36.875	9.375
59795	32.8125	37.8125	8.4375
59867	32.8125	39.6875	6.875
59939	31.25	39.6875	8.125
60011	30.625	39.0625	8.4375
60083	30.9375	41.25	9.0625
60155	30.3125	40.9375	9.0625
60227	30.9375	40.625	9.0625
60299	31.875	42.5	8.75
60371	31.25	41.25	8.75
60443	31.875	40.0	9.0625
60515	32.8125	41.25	8.75
60587	31.5625	39.6875	8.125
60659	33.4375	38.75	8.75
60731	34.375	37.5	8.4375
60803	34.0625	38.125	8.125
60875	35.3125	37.5	8.125
60947	35.9375	37.1875	8.125
61019	35.3125	35.0	9.0625
61091	36.25	35.9375	9.375
61163	34.6875	36.5625	9.375
61235	35.0	36.25	10.0
61307	34.375	36.25	10.0
61379	34.6875	38.4375	8.75
61451	34.375	38.75	8.75
61523	35.0	36.5625	9.6875
61595	34.6875	36.5625	10.0
61667	34.6875	38.4375	10.0
61739	35.3125	39.375	10.3125
61811	34.375	38.125	9.6875
61883	34.6875	40.0	9.6875
61955	35.625	41.25	10.0
62027	35.3125	43.125	8.4375
62099	35.3125	41.875	8.4375
62171	34.0625	42.1875	9.0625
62243	34.6875	41.875	9.6875
62315	32.5	41.25	10.625
62387	31.5625	40.625	10.3125
62459	32.5	40.3125	10.0
62531	33.125	39.6875	9.0625
62603	32.1875	39.0625	9.375
62675	30.9375	37.5	10.625
62747	31.875	37.8125	11.25
62819	32.1875	38.4375	11.5625
62891	30.0	37.8125	11.25
62963	30.0	37.5	11.875
63035	30.0	38.75	11.875
63107	30.0	39.6875	13.125
63179	27.8125	38.75	17.1875
63251	27.5	38.4375	18.4375
63323	26.5625	38.125	20.625
63395	24.0625	36.875	23.75
63467	20.9375	38.125	26.25
63539	19.0625	40.3125	29.375
63611	17.5	40.625	31.875
63683	17.8125	40.3125	33.75
63755	15.9375	38.4375	36.25
63827	17.1875	37.1875	39.0625
63899	18.4375	34.6875	40.3125
63971	18.75	31.25	41.875
64043	19.6875	28.75	43.4375
64115	24.0625	27.1875	41.5625
64187	25.3125	27.1875	39.375
64259	27.1875	25.3125	39.0625
64331	30.0	23.75	37.5
64403	31.25	22.1875	35.9375
64475	33.75	20.0	34.0625
64547	35.9375	18.125	32.8125
64619	36.875	16.25	31.25
64691	39.6875	15.0	29.375
64763	39.375	15.625	27.5
64835	37.8125	16.5625	27.5
64907	37.8125	17.1875	30.0
64979	35.625	18.75	30.3125
65051	32.8125	19.375	31.25
65123	30.625	20.0	32.8125
65195	28.75	22.1875	35.0
65267	26.5625	24.375	37.1875
65339	25.9375	25.625	38.4375
65411	25.0	27.8125	39.6875
65483	22.5	28.4375	39.6875
65555	20.9375	29.375	38.75
65627	19.375	30.3125	39.6875
65699	18.125	33.4375	41.25
65771	19.6875	35.3125	40.0
65843	18.125	36.5625	38.125
65915	19.375	35.625	36.5625
65987	21.875	33.75	35.9375
66059	23.125	32.1875	34.0625
66131	25.625	29.6875	32.1875
66203	26.25	27.8125	29.375
66275	27.1875	28.125	28.4375
66347	27.8125	25.9375	28.4375
66419	30.625	24.6875	28.75
66491	31.5625	23.75	32.5
66563	32.8125	21.5625	33.75
66635	33.125	18.125	33.4375
66707	32.8125	14.6875	33.125
66779	33.4375	11.5625	34.0625
66851	33.125	10.9375	36.875
66923	34.0625	10.625	35.9375
66995	32.1875	10.9375	35.625
67067	31.25	10.9375	37.5
67139	32.1875	10.3125	39.6875
67211	33.125	9.375	40.3125
67283	31.875	8.75	40.625
67355	30.625	8.4375	40.0
67427	31.25	7.1875	36.25
67499	30.625	6.5625	35.625
67571	30.625	6.5625	37.1875
67643	31.5625	6.875	39.0625
67715	31.25	6.25	39.0625
67787	31.5625	7.8125	39.6875
67859	30.625	8.125	40.625
67931	31.875	9.0625	41.875
68003	34.6875	8.4375	41.875
68075	33.75	7.8125	39.6875
68147	32.8125	8.125	39.6875
68219	34.0625	7.5	38.4375
68291	34.375	6.875	38.75
68363	33.4375	7.5	39.375
68435	34.6875	8.4375	40.0
68507	35.625	7.8125	40.0
68579	33.75	8.125	40.0
68651	35.625	7.8125	39.375
68723	36.875	7.1875	38.125
68795	37.1875	6.25	37.1875
68867	37.5	6.875	36.5625
68939	35.3125	5.3125	37.1875
69011	36.25	5.625	38.4375
69083	38.125	5.9375	40.3125
69155	37.1875	5.9375	39.375
69227	37.8125	7.1875	40.0
69299	38.4375	6.875	38.75
69371	37.5	5.625	39.0625
69443	37.1875	6.25	37.8125
69515	38.4375	5.9375	37.1875
69587	37.5	6.5625	37.1875
69659	35.9375	7.1875	36.25
69731	35.9375	8.125	35.625
69803	35.0	8.4375	35.9375
69875	35.3125	8.75	34.6875
69947	35.625	10.3125	33.4375
70019	35.9375	11.25	30.9375
70091	36.25	11.875	30.3125
70163	36.875	11.25	29.6875
70235	36.25	10.625	30.3125
70307	38.4375	12.8125	29.6875
70379	36.875	14.0625	27.1875
70451	36.875	15.3125	26.5625
70523	34.6875	15.625	24.375
70595	36.25	17.5	22.1875
70667	36.875	20.625	20.3125
70739	37.5	22.1875	18.75
70811	38.125	23.4375	16.5625
70883	39.0625	26.5625	15.625
70955	39.375	28.4375	15.0
71027	37.8125	31.5625	14.0625
71099	38.4375	34.375	12.5
71171	36.875	37.5	9.0625
71243	36.5625	39.0625	7.8125
71315	38.75	39.0625	7.5
71387	39.375	40.0	7.1875
71459	40.3125	41.875	7.1875
71531	41.5625	41.875	7.5
71603	42.5	40.625	7.1875
71675	44.6875	40.0	7.8125
71747	43.4375	40.9375	8.4375
71819	44.6875	39.0625	9.375
71891	44.6875	38.75	8.75
71963	43.4375	36.875	9.375
72035	43.75	35.625	9.0625
72107	42.1875	34.0625	9.375
72179	43.125	34.375	10.0
72251	43.125	35.625	9.6875
72323	43.125	35.625	9.375
72395	42.1875	35.625	9.0625
72467	42.5	34.0625	9.0625
72539	41.875	35.3125	9.0625
72611	40.625	36.25	8.75
72683	40.0	36.875	8.4375
72755	39.0625	37.1875	7.8125
72827	38.4375	37.1875	7.5
72899	36.5625	37.5	7.1875
72971	35.625	35.625	9.6875
73043	36.875	35.0	11.5625
73115	37.1875	32.1875	15.0
73187	36.5625	29.0625	18.4375
73259	35.625	25.625	21.5625
73331	35.9375	24.375	24.6875
73403	36.25	22.8125	27.1875
73475	36.5625	19.0625	30.3125
73547	35.625	18.125	33.4375
73619	36.875	14.6875	37.5
73691	35.3125	13.125	40.0
73763	35.9375	11.25	43.125
73835	36.25	9.0625	45.9375
73907	36.5625	7.5	48.125
73979	37.1875	7.8125	47.8125
74051	35.3125	7.1875	46.25
74123	34.375	8.125	45.3125
74195	35.625	8.4375	45.3125
74267	35.3125	8.4375	44.6875
74339	35.9375	8.4375	45.3125
74411	33.75	9.0625	44.6875
74483	32.1875	9.0625	44.6875
74555	34.0625	8.75	42.5
74627	34.375	8.75	42.8125
74699	34.6875	8.4375	42.1875
74771	35.625	8.4375	42.1875
74843	38.125	9.6875	42.1875
74915	37.5	10.0	42.8125
74987	37.8125	9.6875	41.875
75059	38.125	10.3125	43.125
75131	36.25	10.625	43.125
75203	37.8125	10.3125	43.125
75275	38.125	9.6875	41.875
75347	38.75	9.375	41.5625
75419	39.6875	9.375	41.25
75491	38.125	9.6875	41.5625
75563	37.5	9.375	40.3125
75635	37.1875	9.375	39.6875
75707	37.5	8.75	39.6875
75779	37.8125	8.125	39.0625
75851	37.8125	7.8125	39.0625
75923	38.4375	7.5	38.4375
75995	41.25	7.1875	39.0625
76067	41.25	7.8125	38.125
76139	40.9375	8.75	37.5
76211	40.625	10.0	36.875
76283	40.0	9.375	36.875
76355	39.0625	9.375	36.5625
76427	40.0	8.4375	35.3125
76499	39.375	9.0625	35.9375
76571	40.9375	8.75	35.9375
76643	41.25	8.125	35.0
76715	41.5625	8.125	34.6875
76787	43.4375	9.0625	34.375
76859	42.1875	10.0	33.75
76931	42.5	10.3125	32.5
77003	43.125	9.6875	32.5
77075	43.75	9.6875	31.875
77147	46.5625	9.375	32.8125
77219	46.875	10.3125	32.1875
77291	49.0625	10.625	32.8125
77363	48.4375	10.9375	33.4375
77435	49.0625	11.875	32.8125
77507	49.0625	12.5	32.8125
77579	49.375	12.5	34.0625
77651	49.6875	13.125	34.0625
77723	49.0625	12.5	33.125
77795	49.6875	11.875	32.8125
77867	50.3125	11.875	34.6875
77939	49.6875	12.1875	32.5
78011	49.0625	12.1875	31.25
78083	47.1875	12.1875	30.3125
78155	46.5625	14.6875	30.9375
78227	46.5625	14.6875	33.125
78299	44.0625	15.9375	32.5
78371	41.25	16.875	32.1875
78443	39.6875	17.1875	32.1875
78515	35.9375	19.0625	31.875
78587	31.875	19.0625	31.875
78659	30.3125	20.625	33.75
78731	28.125	21.875	33.75
78803	24.0625	22.8125	33.125
78875	24.0625	23.4375	32.1875
78947	23.4375	25.625	34.6875
79019	25.625	26.25	36.875
79091	23.75	25.625	38.125
79163	23.125	25.0	35.9375
79235	25.9375	24.375	37.8125
79307	29.375	22.1875	39.0625
79379	32.8125	20.9375	40.3125
79451	34.6875	20.625	40.0
79523	37.8125	20.9375	42.1875
79595	40.3125	20.0	42.8125
79667	42.8125	18.4375	42.8125
79739	47.1875	17.1875	46.25
79811	47.1875	17.1875	47.1875
79883	46.875	18.125	45.3125
79955	45.0	20.9375	43.125
80027	43.125	21.875	41.5625
80099	44.0625	23.75	38.4375
80171	41.875	25.3125	36.25
80243	40.3125	28.4375	33.125
80315	38.75	30.9375	30.3125
80387	37.8125	34.375	28.75
80459	36.25	35.3125	29.6875
80531	34.6875	37.1875	28.125
80603	32.5	38.75	26.25
80675	30.0	42.5	22.5
80747	27.5	45.0	19.0625
80819	28.125	45.625	20.0
80891	27.8125	45.3125	20.3125
80963	27.8125	45.9375	19.6875
81035	27.1875	47.8125	19.375
81107	28.125	49.6875	19.0625
81179	27.1875	49.6875	19.375
81251	28.125	49.0625	19.6875
81323	28.125	49.0625	18.75
81395	30.0	47.8125	15.9375
81467	31.875	48.75	13.125
81539	32.5	49.375	11.5625
81611	34.6875	47.8125	10.9375
81683	35.3125	47.5	11.875
81755	36.875	44.6875	13.4375
81827	38.75	42.5	15.3125
81899	40.9375	39.0625	16.25
81971	43.125	36.25	19.375
82043	43.4375	33.75	20.9375
82115	46.25	30.9375	22.8125
82187	47.8125	29.0625	25.0
82259	48.125	27.1875	25.625
82331	48.125	26.25	27.8125
82403	48.125	24.0625	30.3125
82475	49.375	23.125	32.1875
82547	47.5	20.625	34.375
82619	48.4375	20.625	37.8125
82691	49.0625	19.0625	38.75
82763	50.0	19.0625	38.125
82835	49.6875	18.125	39.6875
82907	49.0625	19.0625	37.8125
82979	50.3125	17.8125	39.6875
83051	49.375	19.0625	39.375
83123	47.8125	17.8125	39.0625
83195	44.6875	18.4375	39.0625
83267	41.875	19.375	39.0625
83339	39.375	20.9375	40.3125
83411	37.5	20.625	41.5625
83483	36.25	22.5	42.5
83555	33.4375	23.4375	42.8125
83627	31.25	25.625	45.3125
83699	26.25	27.8125	45.3125
83771	23.75	28.4375	46.25
83843	21.25	28.75	46.875
83915	17.5	30.0	46.875
83987	14.375	31.25	48.125
84059	10.625	30.9375	48.75
84131	11.5625	31.25	51.5625
84203	11.25	30.625	54.375
84275	13.125	30.9375	55.3125
84347	13.4375	32.5	55.625
84419	11.875	32.5	56.5625
84491	13.4375	30.0	53.75
84563	15.0	27.5	49.6875
84635	17.5	26.25	48.75
84707	19.6875	26.25	46.875
84779	20.625	28.4375	45.625
84851	20.3125	28.4375	45.3125
84923	20.625	29.0625	44.375
84995	21.5625	30.0	45.0
85067	20.625	30.3125	44.375
85139	20.9375	29.6875	43.4375
85211	20.0	28.125	42.8125
85283	20.0	29.0625	42.8125
85355	20.9375	27.8125	41.25
85427	20.0	29.6875	41.5625
85499	19.0625	30.9375	43.125
85571	17.8125	33.75	44.0625
85643	15.0	34.6875	45.9375
85715	12.8125	32.8125	46.5625
85787	12.5	32.8125	47.8125
85859	14.0625	31.25	47.1875
85931	14.375	30.625	47.8125
86003	15.3125	31.25	48.125
86075	16.25	31.5625	46.25
86147	14.375	33.125	46.5625
86219	14.375	33.125	46.5625
86291	13.125	33.125	45.3125
86363	13.4375	33.4375	44.6875
86435	14.375	31.25	45.3125
86507	13.75	30.625	47.5
86579	13.125	30.3125	45.625
86651	13.75	30.0	47.1875
86723	14.0625	28.75	47.1875
86795	12.5	28.75	50.625
86867	11.5625	29.375	50.9375
86939	10.3125	28.4375	51.5625
87011	10.0	27.8125	51.875
87083	10.3125	28.75	51.5625
87155	10.3125	28.4375	52.1875
87227	11.25	29.375	51.875
87299	10.9375	29.375	51.25
87371	10.3125	30.0	52.8125
87443	10.625	30.3125	52.8125
87515	11.5625	29.375	52.5
87587	11.25	30.3125	53.125
87659	11.5625	30.625	52.8125
87731	11.5625	31.25	50.0
87803	12.5	32.5	49.6875
87875	12.8125	32.8125	47.1875
87947	12.1875	34.0625	46.875
88019	11.875	34.0625	47.8125
88091	11.875	34.0625	47.1875
88163	10.9375	32.1875	46.875
88235	11.25	33.125	49.0625
88307	11.25	35.0	48.125
88379	10.625	34.0625	47.1875
88451	11.25	35.3125	48.4375
88523	10.9375	35.625	47.1875
88595	10.625	37.8125	46.875
88667	11.25	38.4375	47.8125
88739	11.5625	38.4375	47.1875
88811	11.5625	39.375	48.125
88883	12.1875	40.3125	48.4375
88955	13.125	38.75	49.0625
89027	13.75	39.6875	48.125
89099	15.3125	39.0625	47.1875
89171	15.3125	39.375	46.875
89243	14.375	38.125	46.875
89315	14.375	39.6875	48.125
89387	14.375	40.0	46.875
89459	13.75	38.4375	47.1875
89531	13.4375	37.8125	46.875
89603	14.375	33.4375	44.6875