# BASE VAL1 VAL2
# color 0:255:0 0:0:255 100:100:100
17	39.0625	18.125	29.6875
53	39.0625	18.4375	30.0
89	39.0625	18.125	30.9375
125	39.0625	17.8125	31.875
161	38.75	17.8125	32.8125
197	37.5	18.4375	32.8125
233	35.625	18.75	31.5625
269	36.5625	19.0625	29.6875
305	36.5625	18.125	28.125
341	36.25	17.8125	28.4375
377	35.625	18.4375	28.75
413	36.25	18.4375	28.4375
449	37.8125	16.875	29.375
485	37.8125	15.625	28.4375
521	39.375	14.6875	28.4375
557	40.3125	15.0	29.375
593	40.625	15.0	29.0625
629	41.5625	13.75	29.6875
665	40.625	14.6875	29.0625
701	40.9375	14.375	29.0625
737	42.1875	13.75	28.75
773	42.5	14.0625	30.0
809	41.25	13.75	30.3125
845	40.9375	13.75	30.625
881	39.6875	13.4375	29.375
917	40.0	13.4375	29.0625
953	39.6875	13.4375	28.4375
989	39.0625	13.4375	28.125
1025	39.6875	13.4375	27.8125
1061	40.625	14.0625	28.4375
1097	40.9375	14.375	27.5
1133	41.25	14.0625	27.1875
1169	41.875	14.0625	27.5
1205	42.5	13.75	28.4375
1241	42.8125	12.8125	29.375
1277	44.0625	10.625	29.6875
1313	43.75	10.9375	30.625
1349	45.0	9.6875	30.9375
1385	43.4375	10.0	30.3125
1421	41.5625	11.25	29.6875
1457	41.5625	11.875	31.5625
1493	39.6875	13.125	32.8125
1529	37.8125	14.6875	33.4375
1565	36.25	15.3125	34.375
1601	34.0625	16.25	34.6875
1637	33.4375	16.5625	35.3125
1673	30.9375	17.8125	35.9375
1709	29.0625	18.4375	36.875
1745	27.5	20.3125	37.1875
1781	27.1875	21.25	37.8125
1817	25.9375	22.1875	39.6875
1853	24.6875	24.0625	40.9375
1889	24.375	25.3125	41.25
1925	22.8125	26.5625	42.5
1961	21.875	27.8125	43.4375
1997	20.3125	29.375	44.375
2033	18.75	29.0625	44.375
2069	17.5	29.6875	45.9375
2105	15.9375	30.3125	46.875
2141	16.25	30.3125	45.625
2177	16.25	30.3125	45.9375
2213	15.625	30.625	46.5625
2249	15.0	30.625	46.5625
2285	15.3125	30.625	47.8125
2321	15.0	30.0	48.125
2357	16.5625	30.3125	49.0625
2393	18.125	28.75	49.375
2429	19.375	27.1875	48.75
2465	21.875	25.9375	48.4375
2501	23.125	24.6875	46.875
2537	24.6875	24.0625	45.3125
2573	26.5625	23.75	45.3125
2609	28.125	22.8125	44.0625
2645	28.125	23.125	44.0625
2681	28.4375	23.4375	44.375
2717	28.125	22.8125	44.375
2753	27.8125	23.4375	43.75
2789	27.1875	24.0625	42.1875
2825	26.875	24.375	42.1875
2861	26.875	24.6875	42.1875
2897	27.8125	24.0625	41.25
2933	27.8125	23.75	40.9375
2969	28.125	23.75	40.9375
3005	28.125	23.75	40.625
3041	28.4375	23.75	40.9375
3077	28.4375	24.6875	41.25
3113	27.1875	25.3125	42.5
3149	26.5625	25.3125	42.5
3185	25.625	25.625	42.1875
3221	24.375	26.25	41.875
3257	23.125	25.9375	40.9375
3293	23.125	27.8125	40.625
3329	21.875	27.8125	39.375
3365	21.5625	29.375	38.4375
3401	21.25	29.375	37.5
3437	19.6875	29.375	37.5
3473	18.75	29.375	37.1875
3509	18.125	30.625	36.875
3545	17.8125	30.625	37.8125
3581	18.4375	30.625	36.25
3617	20.3125	29.6875	35.0
3653	21.5625	29.375	34.375
3689	23.4375	29.0625	33.4375
3725	24.6875	28.4375	31.875
3761	25.625	28.125	31.875
3797	25.9375	27.1875	31.25
3833	26.25	25.9375	29.0625
3869	26.25	25.0	29.0625
3905	26.25	26.25	29.0625
3941	26.875	25.3125	28.4375
3977	27.1875	25.3125	27.8125
4013	27.1875	23.75	27.8125
4049	27.1875	22.8125	28.4375
4085	28.75	21.875	26.875
4121	30.0	21.5625	26.5625
4157	30.9375	20.9375	26.25
4193	31.5625	20.0	27.8125
4229	32.1875	19.375	28.125
4265	30.9375	18.125	29.375
4301	31.25	17.1875	30.625
4337	31.875	16.5625	31.25
4373	31.25	16.25	32.1875
4409	30.9375	16.25	32.8125
4445	32.1875	16.5625	33.125
4481	33.125	15.0	33.75
4517	33.125	14.6875	33.125
4553	32.8125	15.0	33.75
4589	32.5	15.625	32.5
4625	31.25	14.6875	30.9375
4661	31.5625	15.0	32.5
4697	30.9375	16.5625	34.0625
4733	30.3125	15.9375	33.125
4769	30.0	16.875	32.5
4805	29.0625	16.875	33.75
4841	28.75	18.4375	33.4375
4877	29.375	17.1875	35.0
4913	28.125	18.75	35.0
4949	28.125	19.6875	35.625
4985	28.125	20.0	34.375
5021	28.75	20.625	35.0
5057	27.8125	20.9375	35.9375
5093	27.5	21.875	34.6875
5129	26.875	22.8125	34.375
5165	26.25	23.4375	32.5
5201	26.5625	24.0625	31.875
5237	27.5	24.375	31.5625
5273	26.875	24.375	31.875
5309	25.9375	25.0	32.1875
5345	25.625	25.3125	31.25
5381	25.625	26.25	30.0
5417	24.0625	26.875	30.625
5453	23.4375	27.5	31.875
5489	21.875	28.125	32.8125
5525	22.8125	26.875	34.375
5561	22.1875	26.5625	35.9375
5597	22.1875	26.5625	37.5
5633	22.5	24.375	39.375
5669	23.125	22.8125	38.4375
5705	24.0625	22.1875	40.625
5741	24.6875	22.1875	42.1875
5777	25.625	21.875	41.875
5813	26.5625	20.9375	42.8125
5849	27.5	20.9375	42.5
5885	29.0625	20.3125	43.125
5921	30.3125	19.6875	44.375
5957	30.3125	21.25	44.6875
5993	30.3125	22.5	44.0625
6029	30.9375	22.1875	44.6875
6065	31.5625	22.1875	45.9375
6101	32.1875	22.5	45.0
6137	32.5	23.4375	44.375
6173	33.4375	24.0625	43.75
6209	33.125	24.6875	42.5
6245	32.8125	25.0	42.1875
6281	33.4375	25.0	41.5625
6317	35.0	25.625	41.875
6353	35.0	25.625	41.875
6389	34.6875	25.625	40.3125
6425	34.375	25.3125	40.0
6461	34.375	25.3125	38.4375
6497	33.4375	25.9375	37.1875
6533	32.1875	26.875	36.25
6569	32.1875	27.5	35.3125
6605	34.0625	28.125	33.4375
6641	32.1875	30.0	33.4375
6677	31.25	30.3125	33.125
6713	30.9375	30.9375	32.8125
6749	29.6875	31.875	31.875
6785	28.75	31.875	31.25
6821	28.4375	31.25	30.625
6857	30.3125	30.625	29.375
6893	31.5625	30.3125	28.125
6929	31.875	30.0	26.875
6965	32.1875	30.0	25.625
7001	31.5625	30.0	24.6875
7037	31.5625	29.6875	24.375
7073	33.125	27.8125	25.0
7109	33.4375	28.4375	26.5625
7145	34.6875	28.125	28.125
7181	34.375	27.1875	30.0
7217	35.3125	26.25	29.375
7253	33.75	26.875	30.0
7289	33.125	27.8125	29.6875
7325	34.0625	27.5	30.625
7361	33.75	28.125	29.6875
7397	34.375	27.5	30.3125
7433	33.75	27.8125	30.3125
7469	33.125	27.5	30.0
7505	33.125	27.5	30.0
7541	32.1875	27.8125	28.75
7577	30.3125	27.1875	28.125
7613	30.9375	25.9375	27.1875
7649	31.875	25.0	25.625
7685	31.25	25.625	25.0
7721	31.875	26.5625	25.9375
7757	31.25	26.875	25.0
7793	29.375	27.8125	24.6875
7829	27.5	29.0625	24.375
7865	26.875	28.4375	25.3125
7901	26.25	26.875	25.625
7937	26.25	27.8125	24.375
7973	25.625	29.0625	23.75
8009	26.875	29.0625	23.125
8045	25.9375	30.625	22.8125
8081	25.9375	30.625	21.5625
8117	25.625	30.3125	19.6875
8153	25.3125	31.5625	18.125
8189	26.25	32.1875	17.1875
8225	26.875	31.5625	17.5
8261	26.5625	30.9375	17.1875
8297	26.5625	30.3125	16.5625
8333	26.875	30.3125	16.25
8369	27.1875	29.6875	16.5625
8405	28.125	29.375	16.875
8441	29.375	28.125	18.125
8477	30.625	27.8125	19.0625
8513	30.625	26.875	20.9375
8549	31.875	26.5625	22.1875
8585	32.1875	25.9375	22.8125
8621	32.5	24.6875	23.125
8657	33.125	22.8125	22.5
8693	32.8125	22.8125	22.8125
8729	33.125	22.8125	22.8125
8765	32.5	23.125	22.8125
8801	31.25	23.125	23.75
8837	30.3125	23.4375	22.8125
8873	30.3125	24.0625	22.5
8909	31.5625	23.75	22.5
8945	31.5625	23.75	22.8125
8981	30.9375	23.4375	22.8125
9017	29.6875	21.5625	22.5
9053	29.0625	22.1875	22.5
9089	29.0625	22.1875	21.875
9125	28.75	21.5625	21.5625
9161	28.4375	20.625	22.1875
9197	26.875	20.0	22.8125
9233	27.8125	19.6875	23.75
9269	27.1875	20.625	23.75
9305	28.4375	19.6875	23.125
9341	28.4375	19.375	24.0625
9377	28.125	18.75	23.75
9413	26.875	19.375	23.125
9449	26.875	19.0625	22.5
9485	26.875	19.6875	21.875
9521	25.3125	20.0	21.5625
9557	24.6875	20.625	20.625
9593	24.0625	23.125	21.25
9629	24.0625	23.4375	20.9375
9665	24.0625	25.0	20.9375
9701	23.75	24.0625	20.0
9737	25.0	22.8125	19.375
9773	27.1875	23.125	18.75
9809	28.75	22.8125	18.4375
9845	27.5	21.25	18.125
9881	27.8125	21.875	18.4375
9917	28.75	21.25	18.75
9953	29.6875	20.3125	19.0625
9989	30.3125	20.625	19.0625
10025	29.6875	21.25	19.0625
10061	29.375	21.25	18.75
10097	31.25	21.875	18.125
10133	32.5	23.125	17.1875
10169	32.8125	24.375	16.25
10205	32.8125	24.6875	15.3125
10241	33.125	24.6875	15.0
10277	32.8125	26.25	14.6875
10313	32.5	27.8125	14.0625
10349	32.5	28.75	14.0625
10385	32.8125	28.125	14.0625
10421	32.5	28.4375	14.6875
10457	33.4375	29.375	15.3125
10493	34.6875	30.9375	15.625
10529	34.6875	30.9375	15.9375
10565	35.0	29.6875	15.625
10601	35.0	27.8125	15.625
10637	34.6875	27.1875	15.625
10673	34.6875	27.5	16.5625
10709	33.4375	27.8125	17.1875
10745	31.25	27.8125	16.875
10781	29.6875	28.4375	17.5
10817	28.4375	29.6875	18.4375
10853	26.875	30.625	19.375
10889	25.0	30.625	19.6875
10925	24.6875	32.5	20.0
10961	23.75	32.5	20.625
10997	23.125	32.1875	22.8125
11033	22.8125	31.875	23.125
11069	22.8125	30.3125	25.3125
11105	21.5625	29.375	27.1875
11141	22.5	30.625	27.8125
11177	21.5625	29.375	28.125
11213	22.1875	29.6875	28.4375
11249	23.125	30.0	27.5
11285	24.0625	29.6875	26.5625
11321	25.0	30.625	25.9375
11357	26.5625	31.5625	25.0
11393	26.875	31.25	23.125
11429	27.1875	31.25	22.8125
11465	26.5625	31.25	23.125
11501	26.875	32.1875	24.0625
11537	26.875	32.1875	23.75
11573	27.5	31.875	23.4375
11609	28.75	31.25	23.75
11645	29.375	31.25	23.125
11681	30.3125	30.0	24.0625
11717	31.5625	30.3125	24.6875
11753	32.1875	31.5625	24.0625
11789	33.4375	31.875	23.75
11825	33.75	31.25	22.1875
11861	34.0625	30.9375	22.1875
11897	34.6875	30.0	23.125
11933	35.3125	29.6875	21.875
11969	36.25	29.0625	20.9375
12005	36.25	30.9375	20.625
12041	36.5625	32.5	17.8125
12077	37.1875	31.875	17.1875
12113	37.5	32.1875	16.5625
12149	37.1875	32.1875	16.5625
12185	37.5	31.875	16.25
12221	36.5625	31.25	16.25
12257	35.0	31.5625	16.25
12293	32.8125	31.875	16.5625
12329	30.625	33.4375	17.5
12365	29.0625	33.125	18.125
12401	29.0625	32.8125	18.4375
12437	29.6875	32.1875	18.75
12473	29.0625	30.625	19.0625
12509	29.375	32.1875	20.0
12545	28.4375	33.4375	20.3125
12581	27.1875	33.75	20.3125
12617	27.5	34.375	20.0
12653	26.25	34.375	19.6875
12689	25.625	33.75	20.0
12725	26.5625	33.125	20.0
12761	27.1875	32.1875	20.0
12797	27.5	32.5	20.3125
12833	27.5	33.125	19.0625
12869	26.875	33.75	18.75
12905	27.8125	35.0	18.4375
12941	27.8125	34.375	18.125
12977	27.8125	33.4375	18.4375
13013	27.8125	32.5	18.4375
13049	27.5	31.875	18.125
13085	26.5625	33.4375	19.375
13121	25.625	35.0	20.0
13157	23.75	35.625	21.5625
13193	23.125	36.5625	24.375
13229	22.8125	36.875	24.6875
13265	22.8125	35.9375	25.625
13301	22.8125	36.875	26.5625
13337	22.5	37.1875	27.1875
13373	21.875	38.125	25.9375
13409	20.9375	39.375	25.625
13445	20.9375	38.75	24.375
13481	20.625	39.6875	24.6875
13517	20.9375	40.0	25.3125
13553	21.25	41.875	25.625
13589	20.3125	41.5625	26.875
13625	20.0	43.4375	27.8125
13661	19.0625	43.4375	27.5
13697	16.875	43.75	28.125
13733	15.625	44.375	29.375
13769	15.3125	44.0625	30.3125
13805	14.375	43.75	31.25
13841	12.8125	43.4375	32.1875
13877	11.875	42.8125	34.0625
13913	10.9375	44.0625	35.0
13949	9.0625	45.3125	35.9375
13985	7.8125	46.25	36.5625
14021	6.875	45.625	36.875
14057	6.5625	45.3125	37.1875
14093	6.5625	44.6875	37.8125
14129	6.5625	44.375	35.9375
14165	6.5625	44.0625	35.3125
14201	6.875	43.125	35.9375
14237	6.875	42.1875	34.375
14273	7.5	41.5625	33.4375
14309	8.125	40.9375	34.375
14345	8.4375	40.625	34.6875
14381	7.5	41.25	34.6875
14417	7.1875	40.9375	35.0
14453	7.1875	40.0	35.9375
14489	7.1875	39.6875	35.3125
14525	8.4375	38.125	33.4375
14561	10.625	36.25	33.125
14597	11.25	34.375	33.75
14633	12.1875	33.4375	33.75
14669	12.1875	32.1875	33.125
14705	13.125	31.25	32.8125
14741	14.0625	29.375	34.0625
14777	15.0	30.3125	33.4375
14813	15.9375	30.625	32.8125
14849	15.9375	31.25	33.4375
14885	15.9375	30.0	32.1875
14921	15.9375	28.75	31.5625
14957	16.25	28.75	31.25
14993	15.625	29.6875	30.9375
15029	16.875	28.4375	29.6875
15065	18.4375	27.1875	29.0625
15101	19.6875	26.875	29.375
15137	21.875	26.875	28.125
15173	23.75	26.875	26.5625
15209	24.6875	26.875	26.25
15245	25.9375	26.25	25.0
15281	26.5625	25.0	24.375
15317	26.875	25.0	24.6875
15353	27.1875	24.375	23.75
15389	28.75	23.125	23.125
15425	30.625	23.125	21.5625
15461	30.9375	24.375	20.9375
15497	30.625	24.6875	20.9375
15533	30.9375	25.0	19.375
15569	30.3125	25.9375	18.4375
15605	32.1875	26.875	18.4375
15641	33.125	28.75	17.8125
15677	31.875	29.6875	17.5
15713	32.5	29.0625	16.5625
15749	33.4375	27.8125	15.9375
15785	34.6875	26.875	14.6875
15821	35.625	26.5625	14.6875
15857	36.875	27.8125	14.375
15893	37.1875	28.4375	14.0625
15929	38.75	29.0625	13.75
15965	40.3125	28.125	13.125
16001	39.375	28.4375	13.75
16037	40.9375	28.125	12.5
16073	40.625	27.8125	12.5
16109	40.0	28.125	13.125
16145	38.75	28.125	13.75
16181	39.6875	27.8125	14.0625
16217	39.375	28.125	14.0625
16253	39.6875	29.375	13.75
16289	41.875	28.75	12.5
16325	42.8125	29.0625	12.1875
16361	43.4375	30.3125	12.1875
16397	42.1875	30.625	12.1875
16433	42.8125	29.6875	12.8125
16469	42.8125	29.6875	12.8125
16505	43.75	30.0	12.8125
16541	44.6875	30.3125	11.5625
16577	44.375	30.3125	12.8125
16613	45.3125	29.375	12.5
16649	46.25	29.375	11.25
16685	46.25	30.9375	10.9375
16721	45.0	30.9375	11.5625
16757	45.3125	31.875	11.5625
16793	45.3125	31.25	10.9375
16829	45.625	30.9375	11.5625
16865	45.9375	30.625	11.5625
16901	45.625	30.9375	12.1875
16937	45.625	30.9375	12.1875
16973	45.9375	31.875	11.5625
17009	44.6875	32.5	11.875
17045	45.0	33.75	11.25
17081	44.375	33.125	11.5625
17117	44.375	32.8125	11.25
17153	44.375	32.5	10.9375
17189	44.0625	33.125	10.3125
17225	43.4375	32.1875	11.25
17261	43.4375	32.5	11.25
17297	42.8125	30.625	11.25
17333	41.875	29.6875	12.1875
17369	42.5	29.375	13.125
17405	42.1875	28.4375	15.0
17441	40.3125	28.75	15.625
17477	40.3125	27.8125	16.5625
17513	39.0625	27.5	17.1875
17549	38.4375	27.1875	18.4375
17585	38.125	26.5625	19.0625
17621	37.8125	25.3125	20.3125
17657	37.1875	24.375	20.9375
17693	36.25	24.0625	20.9375
17729	35.625	22.8125	22.5
17765	36.25	21.875	23.75
17801	35.9375	21.25	24.375
17837	35.0	21.5625	25.9375
17873	34.0625	21.25	27.5
17909	34.0625	19.0625	28.4375
17945	33.75	18.4375	29.375
17981	35.0	16.875	30.625
18017	34.6875	15.9375	32.1875
18053	34.6875	16.25	32.5
18089	34.6875	16.25	34.0625
18125	34.375	15.3125	36.25
18161	34.375	14.0625	38.4375
18197	32.5	14.0625	39.0625
18233	31.5625	14.0625	40.0
18269	30.9375	14.0625	41.875
18305	31.5625	13.4375	41.25
18341	30.9375	13.125	40.625
18377	31.5625	13.4375	40.9375
18413	31.5625	13.125	42.1875
18449	31.5625	13.125	42.5
18485	32.1875	13.125	42.8125
18521	31.25	13.125	42.1875
18557	31.25	13.75	42.5
18593	30.9375	13.75	43.4375
18629	31.5625	13.4375	44.6875
18665	31.875	14.0625	44.375
18701	31.5625	14.6875	43.125
18737	30.9375	15.3125	42.1875
18773	30.625	16.875	40.3125
18809	30.3125	16.5625	38.4375
18845	30.9375	16.25	36.875
18881	30.9375	18.4375	35.9375
18917	30.625	20.0	35.0
18953	29.6875	20.0	32.8125
18989	29.375	19.6875	31.875
19025	28.75	19.375	31.25
19061	28.75	20.625	29.375
19097	28.125	20.625	26.875
19133	29.0625	20.625	25.0
19169	30.3125	21.5625	23.75
19205	29.375	23.4375	22.1875
19241	28.4375	24.375	21.5625
19277	28.75	25.0	20.625
19313	27.8125	25.9375	20.625
19349	28.125	27.8125	20.0
19385	27.1875	27.5	20.3125
19421	27.8125	28.125	19.6875
19457	27.5	29.6875	20.0
19493	28.4375	29.375	20.3125
19529	27.5	29.0625	20.0
19565	27.1875	29.375	19.0625
19601	26.875	29.0625	19.6875
19637	27.5	29.375	20.3125
19673	26.875	28.4375	21.25
19709	27.1875	28.125	22.1875
19745	26.25	28.125	24.375
19781	26.25	27.5	25.625
19817	25.3125	26.25	27.1875
19853	25.625	25.0	28.4375
19889	26.25	25.625	30.0
19925	26.25	25.9375	31.5625
19961	25.9375	25.625	32.8125
19997	26.25	25.625	33.4375
20033	27.5	25.3125	34.6875
20069	27.1875	25.0	36.875
20105	27.5	24.375	38.75
20141	27.8125	22.8125	40.0
20177	28.75	21.5625	41.875
20213	29.0625	20.9375	42.1875
20249	28.4375	21.5625	42.8125
20285	29.6875	19.6875	44.0625
20321	30.3125	18.125	43.75
20357	30.3125	18.125	44.375
20393	29.6875	16.5625	44.375
20429	29.375	16.25	45.0
20465	30.0	16.5625	44.375
20501	31.5625	16.25	44.6875
20537	32.1875	15.9375	45.625
20573	32.8125	16.25	45.3125
20609	32.8125	15.9375	45.3125
20645	32.8125	15.9375	45.625
20681	33.125	14.0625	45.3125
20717	34.0625	13.75	43.4375
20753	34.375	14.375	44.375
20789	35.0	15.3125	43.125
20825	35.9375	14.0625	43.75
20861	35.3125	15.0	44.375
20897	34.375	15.0	45.0
20933	34.6875	15.0	45.9375
20969	35.0	14.6875	46.875
21005	35.3125	14.6875	47.1875
21041	35.625	15.0	47.8125
21077	36.25	15.625	48.125
21113	34.6875	17.1875	48.75
21149	35.9375	16.5625	49.6875
21185	35.9375	16.5625	50.625
21221	35.0	17.1875	50.9375
21257	35.0	17.5	50.3125
21293	35.625	17.5	49.375
21329	36.25	18.125	49.0625
21365	36.25	19.0625	48.75
21401	35.0	20.0	48.4375
21437	34.6875	20.625	49.375
21473	33.125	21.25	49.375
21509	34.0625	20.9375	49.0625
21545	34.0625	22.1875	47.5
21581	34.375	22.5	46.875
21617	34.375	23.4375	46.5625
21653	34.375	25.0	46.875
21689	33.4375	25.625	45.3125
21725	34.375	25.625	44.0625
21761	34.375	27.1875	43.4375
21797	33.4375	28.125	41.25
21833	35.0	26.875	40.9375
21869	35.9375	28.4375	38.75
21905	36.5625	29.375	36.25
21941	36.25	30.3125	34.0625
21977	36.5625	30.625	33.75
22013	36.875	31.25	30.9375
22049	38.125	31.25	30.0
22085	39.375	30.9375	27.8125
22121	39.0625	31.25	26.5625
22157	41.25	30.9375	23.75
22193	43.4375	30.0	21.875
22229	42.8125	30.625	22.1875
22265	43.4375	31.25	20.625
22301	44.0625	30.9375	19.6875
22337	44.6875	30.625	19.0625
22373	45.9375	32.1875	18.4375
22409	46.875	32.1875	17.1875
22445	47.5	32.1875	15.3125
22481	47.1875	31.875	15.9375
22517	48.125	31.875	16.25
22553	49.375	33.75	15.9375
22589	51.25	35.0	15.3125
22625	53.4375	35.625	15.625
22661	54.375	36.5625	15.625
22697	53.75	36.875	16.25
22733	53.125	35.9375	15.9375
22769	53.125	35.625	15.9375
22805	53.4375	35.3125	15.3125
22841	52.1875	35.3125	15.9375
22877	51.875	35.3125	15.9375
22913	52.8125	35.625	15.9375
22949	53.125	35.625	16.25
22985	52.1875	35.0	16.25
23021	51.5625	34.6875	15.625
23057	50.9375	35.0	14.6875
23093	48.75	35.625	14.0625
23129	48.75	35.9375	14.375
23165	47.5	36.25	15.3125
23201	47.1875	37.1875	14.375
23237	46.5625	36.875	15.0
23273	46.875	36.25	14.6875
23309	46.875	35.9375	13.75
23345	46.25	35.9375	13.125
23381	45.9375	35.3125	12.5
23417	45.625	35.3125	12.1875
23453	45.3125	36.25	11.875
23489	46.5625	36.25	10.625
23525	44.0625	34.0625	10.9375
23561	43.4375	33.125	11.25
23597	42.5	31.875	12.1875
23633	41.5625	31.875	11.5625
23669	42.1875	30.9375	10.9375
23705	42.5	29.6875	11.25
23741	42.1875	30.625	11.875
23777	41.875	30.0	11.25
23813	42.8125	30.3125	10.9375
23849	43.125	29.0625	11.25
23885	42.1875	28.4375	11.25
23921	41.875	28.125	10.9375
23957	40.0	29.0625	11.5625
23993	39.375	29.375	12.5
24029	38.4375	31.25	12.8125
24065	37.8125	31.875	14.0625
24101	36.25	33.125	15.0
24137	34.6875	35.3125	14.6875
24173	33.125	35.625	14.375
24209	32.1875	35.625	14.375
24245	30.625	36.5625	15.625
24281	29.6875	36.875	17.1875
24317	28.4375	36.25	18.125
24353	27.1875	37.5	19.0625
24389	26.5625	36.875	18.75
24425	26.875	35.625	19.6875
24461	27.5	35.625	20.3125
24497	27.8125	35.625	19.6875
24533	26.875	35.3125	18.75
24569	26.875	35.9375	18.75
24605	27.5	35.9375	18.75
24641	27.1875	36.25	19.6875
24677	26.875	35.9375	19.6875
24713	27.1875	36.25	19.0625
24749	26.5625	37.1875	19.0625
24785	27.1875	37.5	19.0625
24821	26.5625	38.125	18.4375
24857	26.5625	38.125	20.0
24893	26.875	37.1875	20.9375
24929	27.8125	35.625	21.875
24965	29.0625	34.6875	22.5
25001	29.375	33.4375	23.75
25037	30.0	31.5625	24.6875
25073	30.9375	30.0	25.625
25109	32.5	27.8125	26.25
25145	33.125	27.5	28.125
25181	34.375	25.9375	28.75
25217	35.3125	24.375	28.125
25253	36.25	23.75	29.375
25289	37.5	22.5	29.6875
25325	37.8125	21.875	30.625
25361	36.875	21.5625	30.9375
25397	35.9375	20.9375	33.4375
25433	35.3125	21.25	34.0625
25469	35.3125	20.625	35.0
25505	35.0	18.75	36.5625
25541	34.0625	18.125	38.125
25577	33.75	18.125	39.0625
25613	34.0625	16.875	39.375
25649	34.0625	15.9375	40.625
25685	34.0625	15.3125	42.1875
25721	33.4375	13.125	44.6875
25757	33.4375	12.5	45.9375
25793	33.75	11.5625	46.25
25829	32.8125	10.625	46.5625
25865	32.5	10.625	45.9375
25901	32.1875	10.625	46.25
25937	31.875	10.0	45.9375
25973	33.125	10.3125	45.9375
26009	32.5	10.625	45.9375
26045	31.875	10.3125	45.0
26081	31.25	10.625	45.0
26117	31.5625	9.6875	44.0625
26153	31.25	9.375	43.4375
26189	30.0	9.375	44.0625
26225	30.9375	9.0625	44.0625
26261	30.3125	9.375	42.5
26297	30.0	8.75	42.8125
26333	30.625	8.75	41.875
26369	30.3125	8.75	41.875
26405	29.6875	8.75	41.875
26441	30.625	8.75	42.5
26477	30.3125	10.625	42.5
26513	29.0625	12.1875	42.5
26549	29.0625	12.8125	43.75
26585	28.75	15.3125	42.5
26621	28.125	15.3125	42.1875
26657	28.75	15.3125	41.5625
26693	27.8125	15.625	40.3125
26729	27.8125	15.9375	39.6875
26765	27.1875	16.25	38.125
26801	26.5625	16.5625	38.4375
26837	26.5625	17.8125	37.8125
26873	25.9375	19.0625	36.875
26909	24.6875	20.0	36.875
26945	23.75	20.9375	35.0
26981	23.4375	21.875	34.375
27017	23.125	22.5	35.0
27053	23.125	23.4375	34.6875
27089	21.875	24.375	35.625
27125	21.5625	25.625	34.375
27161	20.3125	27.8125	33.125
27197	18.4375	29.375	32.5
27233	17.8125	30.625	32.1875
27269	17.8125	31.5625	31.875
27305	17.5	31.875	31.5625
27341	17.5	33.125	30.3125
27377	16.25	33.4375	29.0625
27413	15.3125	34.0625	28.75
27449	14.6875	32.8125	27.5
27485	14.6875	32.8125	26.5625
27521	13.4375	32.8125	26.5625
27557	13.125	32.1875	27.1875
27593	11.875	33.75	26.875
27629	10.625	34.375	26.25
27665	10.3125	35.625	27.1875
27701	10.0	37.1875	28.125
27737	9.375	38.125	29.6875
27773	9.375	39.0625	29.375
27809	9.0625	38.125	30.625
27845	9.375	38.75	30.0
27881	9.375	38.4375	29.6875
27917	9.0625	39.0625	30.625
27953	8.75	39.0625	31.5625
27989	8.4375	39.0625	31.5625
28025	8.4375	39.6875	30.3125
28061	9.375	39.375	29.375
28097	8.75	39.0625	29.6875
28133	8.75	38.125	31.5625
28169	8.75	38.125	31.875
28205	9.0625	39.375	31.875
28241	8.75	38.4375	30.9375
28277	10.0	38.4375	30.625
28313	11.875	38.4375	30.0
28349	12.5	38.125	28.4375
28385	13.75	38.75	27.1875
28421	14.6875	38.75	26.5625
28457	15.0	38.75	26.875
28493	15.625	39.0625	26.25
28529	15.9375	37.5	25.3125
28565	16.5625	39.375	25.9375
28601	16.875	39.6875	25.0
28637	16.875	39.6875	24.6875
28673	16.875	39.375	24.6875
28709	18.125	39.0625	24.375
28745	18.125	37.1875	24.6875
28781	18.75	37.5	24.0625
28817	19.0625	35.9375	24.0625
28853	20.9375	35.3125	24.375
28889	21.875	34.6875	24.375
28925	23.4375	32.5	23.75
28961	23.4375	31.875	25.0
28997	23.4375	30.625	26.25
29033	25.625	31.5625	25.625
29069	26.875	32.1875	24.375
29105	28.4375	31.25	23.4375
29141	29.375	30.3125	22.5
29177	29.0625	30.0	22.5
29213	30.9375	28.75	21.875
29249	30.9375	29.6875	21.875
29285	30.625	29.6875	22.8125
29321	30.0	29.0625	22.8125
29357	30.3125	28.75	22.8125
29393	30.9375	30.0	23.125
29429	30.9375	29.0625	21.875
29465	32.8125	28.125	21.875
29501	34.0625	27.1875	21.5625
29537	35.3125	25.625	20.625
29573	37.1875	25.9375	20.0
29609	38.4375	25.9375	18.75
29645	39.0625	25.625	18.75
29681	39.375	26.25	17.1875
29717	40.625	26.5625	15.3125
29753	41.25	28.75	14.6875
29789	41.5625	28.75	14.375
29825	42.1875	28.75	12.8125
29861	42.8125	30.0	11.25
29897	43.125	30.625	10.0
29933	44.375	31.25	8.4375
29969	43.75	31.5625	7.5
30005	42.1875	30.3125	7.8125
30041	41.25	31.25	7.5
30077	39.6875	31.875	6.875
30113	40.0	31.25	7.8125
30149	40.625	31.25	8.4375
30185	40.3125	30.625	10.0
30221	39.375	30.0	11.5625
30257	39.6875	29.6875	12.1875
30293	39.6875	28.75	14.0625
30329	39.0625	27.1875	15.3125
30365	39.6875	26.25	15.9375
30401	39.375	25.625	16.5625
30437	37.1875	26.5625	16.875
30473	35.625	28.125	17.1875
30509	33.4375	29.6875	17.8125
30545	32.8125	29.375	17.8125
30581	31.25	30.3125	18.4375
30617	30.9375	29.6875	18.75
30653	30.3125	30.9375	20.0
30689	28.4375	30.625	21.25
30725	27.1875	30.0	22.1875
30761	25.0	31.5625	22.8125
30797	23.4375	31.875	23.4375
30833	21.5625	32.5	24.6875
30869	19.6875	33.4375	25.3125
30905	19.6875	34.6875	26.875
30941	19.0625	35.625	28.125
30977	19.375	35.625	29.0625
31013	19.375	35.625	30.0
31049	19.6875	35.9375	30.0
31085	18.125	38.125	30.625
31121	17.1875	39.0625	30.3125
31157	16.25	40.3125	28.75
31193	15.0	40.0	28.125
31229	13.75	39.6875	28.4375
31265	14.0625	40.0	28.125
31301	13.4375	40.0	27.5
31337	12.5	40.3125	28.4375
31373	12.8125	40.625	28.75
31409	14.375	38.4375	29.6875
31445	14.375	35.9375	30.9375
31481	15.9375	34.6875	32.1875
31517	17.5	33.75	33.125
31553	17.8125	31.5625	34.6875
31589	18.4375	31.25	33.75
31625	19.6875	28.4375	36.5625
31661	20.3125	27.8125	35.9375
31697	22.1875	26.875	35.9375
31733	23.4375	25.625	36.875
31769	25.0	23.75	38.125
31805	25.625	21.875	39.0625
31841	27.5	21.25	39.375
31877	28.4375	19.375	39.0625
31913	29.0625	17.5	38.75
31949	29.375	15.9375	39.6875
31985	30.0	14.6875	40.9375
32021	29.6875	12.8125	40.9375
32057	29.6875	12.1875	41.875
32093	29.6875	11.25	42.8125
32129	30.3125	10.3125	43.4375
32165	31.5625	10.625	43.75
32201	31.875	10.3125	43.75
32237	32.5	10.0	45.0
32273	32.8125	10.3125	44.6875
32309	32.8125	10.0	45.625
32345	32.5	9.6875	46.25
32381	32.1875	10.625	45.625
32417	31.875	10.3125	45.0
32453	30.3125	9.6875	44.0625
32489	29.375	9.6875	42.8125
32525	29.0625	9.375	42.1875
32561	27.8125	10.0	40.9375
32597	26.875	10.0	39.0625
32633	26.875	9.6875	38.4375
32669	26.5625	10.3125	36.875
32705	27.1875	11.5625	36.25
32741	28.4375	12.1875	34.6875
32777	28.125	13.4375	33.4375
32813	28.75	13.75	32.5
32849	28.4375	15.625	31.875
32885	29.0625	17.1875	30.3125
32921	29.375	19.0625	29.375
32957	29.6875	20.0	27.8125
32993	30.9375	21.5625	26.25
33029	31.875	21.25	25.0
33065	33.4375	21.5625	24.0625
33101	34.375	22.8125	23.125
33137	36.25	24.6875	22.5
33173	35.3125	25.9375	21.25
33209	34.6875	26.875	20.9375
33245	33.75	28.4375	20.9375
33281	33.125	29.6875	18.75
33317	32.1875	31.25	18.125
33353	31.25	32.1875	19.0625
33389	32.5	32.5	18.125
33425	32.8125	32.8125	18.125
33461	32.1875	34.0625	19.6875
33497	31.875	35.0	19.0625
33533	31.25	35.3125	18.75
33569	31.25	35.9375	19.375
33605	30.3125	36.25	20.3125
33641	28.75	35.3125	20.0
33677	28.4375	35.0	20.0
33713	29.0625	35.0	19.0625
33749	28.125	34.6875	18.75
33785	28.125	33.75	18.4375
33821	27.1875	34.0625	18.125
33857	26.875	34.0625	17.8125
33893	26.875	32.5	16.875
33929	27.5	32.8125	17.8125
33965	27.5	31.875	17.8125
34001	26.875	32.1875	17.5
34037	27.5	32.5	18.75
34073	27.1875	32.8125	19.375
34109	27.1875	31.5625	19.375
34145	28.75	32.8125	18.75
34181	29.375	32.5	20.0
34217	30.0	31.25	20.9375
34253	32.1875	29.375	20.0
34289	32.5	28.4375	18.75
34325	32.5	27.1875	17.8125
34361	31.875	27.1875	18.125
34397	31.875	26.875	18.125
34433	32.5	25.9375	18.4375
34469	33.75	25.0	20.625
34505	36.5625	25.0	21.5625
34541	38.125	24.6875	21.875
34577	38.4375	24.0625	22.1875
34613	37.8125	23.125	23.75
34649	37.1875	22.8125	24.6875
34685	36.875	22.5	25.625
34721	35.9375	22.8125	26.875
34757	35.0	23.125	27.8125
34793	34.0625	23.4375	28.75
34829	32.8125	23.75	29.6875
34865	33.125	23.4375	31.5625
34901	31.875	22.8125	31.875
34937	30.625	24.0625	34.0625
34973	28.75	23.4375	35.0
35009	27.1875	23.75	33.75
35045	25.3125	23.125	33.75
35081	23.4375	22.5	34.0625
35117	22.5	21.875	33.125
35153	20.9375	23.4375	30.9375
35189	20.0	24.375	30.3125
35225	20.0	25.625	30.9375
35261	20.3125	26.25	31.5625
35297	20.625	27.8125	31.875
35333	20.9375	29.0625	31.25
35369	22.1875	30.0	30.0
35405	22.8125	30.9375	28.4375
35441	21.875	32.8125	27.1875
35477	20.625	34.0625	25.625
35513	20.9375	35.625	24.6875
35549	21.5625	37.1875	24.0625
35585	21.875	40.0	23.4375
35621	21.5625	41.875	22.1875
35657	22.8125	42.5	21.25
35693	22.8125	43.75	20.625
35729	23.4375	43.4375	20.0
35765	24.0625	43.4375	19.375
35801	24.6875	44.0625	18.125
35837	25.0	44.6875	17.5
35873	26.25	45.3125	15.9375
35909	27.8125	45.625	14.0625
35945	28.4375	46.875	14.375
35981	30.625	46.875	14.375
36017	31.25	47.8125	13.4375
36053	31.875	49.0625	13.4375
36089	33.125	48.125	13.4375
36125	33.125	48.75	12.8125
36161	34.0625	49.375	12.8125
36197	32.8125	50.0	13.4375
36233	32.8125	50.3125	13.4375
36269	33.125	50.0	12.8125
36305	33.125	49.0625	12.8125
36341	33.125	49.375	13.125
36377	32.1875	49.6875	13.125
36413	32.1875	48.75	13.125
36449	32.5	47.8125	13.125
36485	32.1875	48.125	12.8125
36521	30.9375	47.8125	12.8125
36557	32.1875	47.8125	12.8125
36593	30.9375	47.1875	13.125
36629	30.0	45.9375	13.125
36665	30.625	45.625	13.75
36701	30.9375	45.9375	14.375
36737	30.9375	46.5625	14.6875
36773	31.25	46.5625	14.375
36809	31.875	46.875	14.6875
36845	31.875	47.1875	14.6875
36881	30.625	46.25	14.375
36917	30.625	45.625	14.0625
36953	30.3125	46.25	13.75
36989	31.25	45.3125	13.75
37025	31.25	45.3125	14.375
37061	30.9375	45.625	14.375
37097	30.9375	44.6875	15.0
37133	30.9375	44.375	14.375
37169	31.5625	44.6875	14.375
37205	31.25	45.3125	14.375
37241	32.1875	46.25	14.375
37277	32.5	46.875	14.375
37313	31.5625	46.5625	14.375
37349	32.5	46.5625	14.6875
37385	32.1875	45.9375	15.3125
37421	31.875	47.1875	14.6875
37457	32.5	46.5625	14.0625
37493	31.5625	47.1875	13.75
37529	30.3125	45.9375	13.75
37565	31.25	45.625	13.75
37601	31.25	45.9375	13.125
37637	31.875	45.3125	12.5
37673	31.5625	45.0	13.125
37709	32.1875	45.3125	12.5
37745	30.9375	45.625	12.8125
37781	29.6875	45.3125	13.75
37817	29.6875	44.375	14.375
37853	30.0	45.3125	14.0625
37889	29.6875	45.625	13.75
37925	28.75	45.9375	14.375
37961	28.4375	46.25	14.6875
37997	28.125	45.3125	14.0625
38033	28.4375	45.3125	14.375
38069	28.4375	44.0625	15.0
38105	29.375	44.0625	15.0
38141	29.6875	44.0625	14.0625
38177	30.3125	43.125	14.0625
38213	30.3125	43.125	14.0625
38249	30.3125	43.4375	13.75
38285	30.0	44.375	14.0625
38321	29.6875	44.375	14.0625
38357	30.0	45.0	13.4375
38393	30.0	45.0	13.75
38429	29.375	45.0	14.6875
38465	29.6875	43.75	14.6875
38501	29.6875	45.9375	14.375
38537	28.75	46.5625	14.6875
38573	29.0625	46.875	14.6875
38609	28.4375	47.8125	14.0625
38645	28.125	48.125	12.8125
38681	27.5	47.5	13.125
38717	27.5	47.8125	12.5
38753	28.125	47.1875	11.25
38789	28.75	48.125	10.9375
38825	28.4375	48.4375	10.9375
38861	28.75	48.4375	10.625
38897	28.75	48.75	10.3125
38933	29.6875	49.375	10.0
38969	29.375	48.75	9.6875
39005	28.4375	49.0625	9.0625
39041	27.5	49.375	9.375
39077	27.8125	50.9375	9.375
39113	28.125	51.25	9.0625
39149	28.125	50.625	8.75
39185	28.125	50.0	8.4375
39221	27.1875	50.0	8.75
39257	27.1875	48.4375	7.8125
39293	26.25	47.8125	8.125
39329	27.1875	47.5	8.125
39365	27.1875	47.1875	7.8125
39401	27.8125	47.5	7.5
39437	29.0625	48.125	7.5
39473	30.0	48.125	7.5
39509	30.3125	47.8125	7.5
39545	28.4375	47.1875	8.125
39581	30.0	45.9375	8.125
39617	29.6875	46.25	8.125
39653	30.0	45.0	8.125
39689	30.625	45.0	8.125
39725	29.375	44.6875	8.4375
39761	29.0625	44.6875	8.125
39797	29.375	42.8125	8.4375
39833	29.0625	42.8125	8.4375
39869	30.0	41.875	8.125
39905	29.6875	42.8125	8.125
39941	30.3125	44.375	8.4375
39977	31.5625	44.6875	8.125
40013	31.25	43.4375	8.4375
40049	30.3125	41.25	9.375
40085	29.375	41.25	9.6875
40121	30.0	41.5625	9.6875
40157	30.0	40.9375	9.375
40193	30.0	41.875	10.0
40229	30.625	42.1875	11.25
40265	30.625	42.5	10.9375
40301	30.3125	42.8125	10.625
40337	30.3125	42.8125	10.9375
40373	30.3125	42.1875	10.625
40409	30.3125	42.5	10.0
40445	29.6875	41.875	10.0
40481	30.3125	42.5	9.6875
40517	31.875	42.5	9.375
40553	31.5625	42.1875	11.25
40589	32.1875	42.5	11.875
40625	32.5	42.8125	11.875
40661	33.4375	42.5	12.1875
40697	34.0625	42.5	12.1875
40733	34.375	41.5625	11.875
40769	34.0625	43.4375	11.875
40805	34.375	43.125	12.1875
40841	33.4375	44.0625	12.5
40877	33.4375	42.1875	12.8125
40913	33.4375	42.5	12.1875
40949	32.8125	42.1875	11.5625
40985	32.8125	43.125	10.9375
41021	32.8125	43.4375	10.9375
41057	33.4375	43.75	10.625
41093	33.125	44.0625	10.625
41129	33.125	44.6875	10.625
41165	32.8125	44.0625	10.3125
41201	32.8125	44.0625	9.6875
41237	32.5	44.0625	9.6875
41273	33.125	44.0625	9.375
41309	32.5	43.125	9.6875
41345	32.8125	42.1875	9.6875
41381	32.1875	41.875	10.625
41417	31.875	41.5625	10.9375
41453	32.1875	40.625	11.5625
41489	32.5	40.3125	10.9375
41525	31.25	39.6875	9.6875
41561	31.5625	40.3125	9.6875
41597	30.625	40.625	9.0625
41633	31.5625	41.5625	9.0625
41669	30.0	43.125	9.375
41705	29.6875	42.5	9.6875
41741	30.0	42.5	9.0625
41777	29.375	41.875	9.375
41813	29.375	42.1875	9.0625
41849	28.125	42.8125	8.75
41885	28.125	43.125	9.0625
41921	28.75	43.4375	9.375
41957	30.0	42.5	8.75
41993	30.3125	43.75	8.75
42029	29.0625	42.8125	8.4375
42065	28.75	42.8125	8.75
42101	29.0625	43.125	9.0625
42137	29.0625	43.125	9.0625
42173	29.375	42.8125	9.0625
42209	28.75	44.375	9.6875
42245	29.6875	44.0625	10.3125
42281	30.3125	44.6875	10.3125
42317	29.375	44.375	10.0
42353	29.375	45.625	10.0
42389	30.9375	45.625	10.9375
42425	30.625	46.875	11.5625
42461	30.625	46.25	13.4375
42497	30.9375	46.875	14.6875
42533	31.875	46.875	15.0
42569	32.1875	46.25	15.0
42605	31.875	45.9375	14.6875
42641	32.8125	46.25	15.0
42677	32.5	46.25	15.9375
42713	32.8125	45.9375	15.9375
42749	33.125	46.875	16.25
42785	33.4375	47.5	16.875
42821	33.4375	48.125	16.25
42857	33.125	47.5	15.9375
42893	31.875	47.8125	15.9375
42929	32.1875	49.6875	16.875
42965	32.5	49.375	18.125
43001	33.125	50.3125	18.125
43037	33.4375	51.25	18.125
43073	32.8125	50.625	18.4375
43109	32.5	50.9375	18.4375
43145	33.4375	50.9375	17.8125
43181	32.8125	50.625	17.8125
43217	32.5	51.5625	17.5
43253	32.5	52.5	17.1875
43289	32.8125	52.1875	17.1875
43325	32.8125	51.25	16.5625
43361	31.5625	50.9375	16.5625
43397	31.5625	51.875	15.0
43433	31.25	53.125	13.125
43469	31.25	52.1875	12.5
43505	32.1875	52.1875	12.1875
43541	31.5625	52.1875	11.875
43577	32.1875	51.5625	12.1875
43613	32.1875	51.25	11.875
43649	33.75	51.25	11.25
43685	33.125	50.9375	11.5625
43721	33.4375	50.625	11.5625
43757	33.75	50.3125	11.25
43793	32.5	48.75	11.875
43829	33.125	48.4375	12.1875
43865	32.5	47.5	13.125
43901	32.1875	48.125	13.125
43937	31.5625	46.25	12.8125
43973	30.9375	46.5625	12.8125
44009	31.5625	45.9375	13.125
44045	32.1875	45.0	13.4375
44081	31.875	44.6875	14.0625
44117	31.5625	44.6875	15.0
44153	31.25	44.375	15.0
44189	30.625	45.0	14.6875
44225	29.375	45.0	15.3125
44261	30.0	45.3125	15.3125
44297	29.375	45.625	13.75
44333	30.3125	46.25	13.125
44369	30.9375	45.0	13.125
44405	30.3125	44.6875	13.4375
44441	29.0625	45.0	13.4375
44477	28.75	45.625	13.4375
44513	28.75	44.0625	13.75
44549	28.4375	44.6875	13.125
44585	27.5	45.3125	12.8125
44621	27.5	45.9375	12.1875
44657	27.1875	44.6875	12.5
44693	26.5625	44.6875	12.5
44729	26.5625	44.0625	12.5
44765	28.125	45.3125	11.5625
44801	28.125	45.625	11.5625
44837	28.125	45.3125	10.625
44873	29.0625	45.3125	10.3125
44909	28.125	46.25	9.6875
44945	29.0625	46.5625	9.6875
44981	30.0	47.8125	10.0
45017	29.0625	48.125	9.6875
45053	29.0625	48.125	8.75
45089	27.8125	46.875	8.75
45125	27.8125	46.25	9.0625
45161	28.4375	45.9375	9.0625
45197	29.0625	46.25	8.75
45233	29.375	45.9375	8.75
45269	29.6875	46.875	8.75
45305	29.6875	47.1875	9.0625
45341	27.5	47.1875	9.375
45377	27.8125	46.25	8.75
45413	28.4375	45.3125	9.0625
45449	29.375	45.9375	9.375
45485	29.0625	47.1875	9.0625
45521	29.0625	46.25	9.6875
45557	29.6875	45.0	10.3125
45593	29.6875	44.375	10.9375
45629	29.0625	44.375	10.9375
45665	30.625	45.625	10.9375
45701	30.0	45.625	10.9375
45737	29.6875	44.0625	10.9375
45773	30.0	44.0625	10.3125
45809	30.625	43.75	10.9375
45845	30.0	43.125	10.625
45881	29.375	42.1875	10.625
45917	29.6875	41.875	11.25
45953	29.375	41.25	9.6875
45989	29.375	41.5625	9.0625
46025	30.3125	41.875	10.0
46061	30.9375	41.5625	9.6875
46097	31.5625	41.5625	9.0625
46133	30.9375	41.5625	9.375
46169	30.9375	40.3125	10.0
46205	30.0	39.6875	10.3125
46241	29.375	39.375	10.625
46277	30.0	37.1875	10.625
46313	30.0	37.5	10.3125
46349	30.3125	38.4375	10.3125
46385	28.75	39.0625	10.625
46421	29.6875	39.0625	10.9375
46457	30.3125	39.6875	10.3125
46493	29.6875	39.0625	10.0
46529	29.6875	39.375	10.0
46565	30.625	39.6875	9.0625
46601	30.3125	39.6875	9.375
46637	30.625	40.3125	9.0625
46673	30.625	40.625	9.375
46709	31.875	40.9375	9.375
46745	32.5	40.0	9.0625
46781	31.875	40.0	9.375
46817	32.8125	40.625	9.6875
46853	32.8125	41.5625	10.3125
46889	31.5625	43.125	9.6875
46925	31.5625	42.5	10.3125
46961	31.5625	41.875	10.0
46997	30.9375	41.875	10.3125
47033	31.25	41.5625	9.6875
47069	30.3125	42.1875	9.6875
47105	29.375	42.8125	9.6875
47141	30.0	43.4375	9.375
47177	30.625	44.375	9.375
47213	30.9375	44.0625	9.0625
47249	31.25	44.6875	8.75
47285	30.625	44.0625	9.375
47321	30.9375	43.125	10.0
47357	30.625	42.5	10.0
47393	29.375	42.5	11.25
47429	30.0	41.25	12.1875
47465	30.3125	40.625	12.8125
47501	30.3125	39.375	13.125
47537	29.0625	38.4375	13.4375
47573	29.375	36.5625	14.6875
47609	29.6875	36.875	15.9375
47645	28.75	36.875	16.875
47681	30.0	37.1875	18.125
47717	29.6875	38.125	19.0625
47753	30.3125	37.1875	20.625
47789	30.625	35.0	21.25
47825	31.875	32.8125	21.875
47861	33.125	30.3125	20.9375
47897	32.8125	30.0	22.5
47933	33.125	28.75	23.75
47969	33.75	27.8125	24.0625
48005	33.75	26.25	25.0
48041	34.6875	25.625	26.875
48077	35.9375	25.0	28.4375
48113	37.1875	23.4375	28.4375
48149	36.875	22.1875	29.0625
48185	36.875	21.5625	29.6875
48221	36.5625	20.625	30.3125
48257	37.8125	19.0625	30.3125
48293	39.0625	18.125	29.6875
48329	39.0625	17.1875	29.375
48365	39.6875	16.25	30.0
48401	39.6875	17.1875	30.625
48437	38.125	18.125	30.9375
48473	37.5	19.375	32.1875
48509	36.5625	21.25	33.4375
48545	36.25	21.875	34.0625
48581	35.3125	21.25	33.75
48617	33.75	21.25	33.4375
48653	31.5625	20.0	33.75
48689	30.625	20.3125	33.125
48725	29.6875	21.25	32.8125
48761	28.125	21.875	32.1875
48797	26.875	22.5	33.125
48833	25.0	24.375	33.75
48869	24.0625	24.375	33.4375
48905	23.4375	26.25	32.8125
48941	21.875	27.8125	33.75
48977	21.5625	29.375	33.125
49013	20.0	30.0	32.1875
49049	18.4375	30.625	32.5
49085	16.25	32.5	33.75
49121	15.9375	33.125	34.375
49157	15.3125	33.125	34.375
49193	14.0625	34.6875	35.625
49229	12.1875	35.9375	36.875
49265	10.625	36.5625	37.5
49301	9.0625	38.4375	36.5625
49337	7.5	39.6875	36.5625
49373	6.875	39.0625	37.1875
49409	6.875	39.0625	37.1875
49445	7.1875	38.4375	36.25
49481	7.5	36.875	35.3125
49517	6.875	36.875	35.0
49553	7.1875	38.125	35.0
49589	7.1875	38.125	34.375
49625	8.125	38.125	34.375
49661	8.125	37.8125	35.0
49697	8.75	37.8125	35.0
49733	8.125	37.5	35.9375
49769	8.4375	37.8125	35.625
49805	8.4375	36.875	35.3125
49841	8.4375	38.125	35.625
49877	8.125	37.1875	35.0
49913	8.4375	35.0	35.625
49949	8.4375	34.0625	35.9375
49985	8.75	34.375	35.3125
50021	9.0625	33.125	35.625
50057	9.0625	33.4375	35.625
50093	8.125	33.75	36.5625
50129	8.125	33.125	37.8125
50165	9.0625	32.8125	36.25
50201	9.0625	33.125	37.1875
50237	9.0625	32.8125	36.875
50273	9.0625	32.8125	36.875
50309	9.375	33.125	37.1875
50345	9.375	32.1875	36.875
50381	10.3125	31.875	36.875
50417	10.9375	31.5625	36.875
50453	10.625	31.25	37.1875
50489	10.0	30.9375	37.1875
50525	9.0625	29.6875	38.4375
50561	9.0625	30.625	40.0
50597	8.125	31.25	41.25
50633	8.4375	31.25	41.25
50669	7.8125	31.875	42.5
50705	7.8125	31.875	42.1875
50741	8.125	31.5625	42.5
50777	8.4375	32.1875	41.875
50813	8.4375	30.9375	41.5625
50849	8.125	31.5625	42.1875
50885	7.8125	30.9375	42.5
50921	7.5	31.25	43.75
50957	6.5625	32.1875	45.3125
50993	6.5625	33.4375	45.0
51029	7.5	32.8125	45.3125
51065	7.5	33.125	45.0
51101	7.1875	34.0625	45.0
51137	6.5625	35.0	46.875
51173	6.5625	34.375	46.5625
51209	6.5625	34.0625	47.5
51245	6.5625	33.75	47.8125
51281	6.5625	33.75	47.8125
51317	6.5625	34.0625	47.5
51353	5.9375	34.6875	48.125
51389	6.25	34.0625	49.375
51425	6.875	34.0625	48.75
51461	7.1875	34.0625	48.125
51497	7.1875	33.75	48.125
51533	7.1875	33.125	47.1875
51569	7.5	32.1875	46.875
51605	7.8125	31.5625	46.875
51641	7.8125	32.1875	46.25
51677	7.1875	31.875	45.625
51713	6.875	32.1875	47.5
51749	7.5	30.9375	47.8125
51785	7.5	31.5625	49.0625
51821	8.125	31.25	48.4375
51857	8.125	31.5625	48.75
51893	8.75	31.25	48.75
51929	8.75	30.0	48.4375
51965	8.4375	30.3125	48.125
52001	8.4375	29.0625	48.125
52037	8.125	28.75	48.125
52073	8.125	29.0625	48.125
52109	8.125	29.375	48.125
52145	8.4375	28.75	49.0625
52181	8.4375	28.75	48.75
52217	7.8125	28.75	49.0625
52253	8.125	29.375	50.0
52289	9.0625	29.375	49.0625
52325	8.75	30.625	49.0625
52361	8.125	31.25	49.375
52397	8.4375	31.25	50.3125
52433	8.125	31.875	50.3125
52469	8.4375	31.875	50.625
52505	8.4375	32.1875	51.875
52541	8.125	32.8125	51.875
52577	8.125	33.75	52.8125
52613	9.375	35.3125	52.8125
52649	9.6875	35.625	53.4375
52685	9.6875	37.1875	52.1875
52721	9.6875	37.1875	53.125
52757	9.6875	37.1875	52.5
52793	8.75	38.75	53.125
52829	8.75	40.0	52.5
52865	8.4375	39.375	53.125
52901	9.0625	39.0625	52.8125
52937	8.75	38.75	53.75
52973	9.375	40.3125	53.4375
53009	9.6875	40.625	52.5
53045	9.6875	39.6875	52.5
53081	9.6875	40.625	51.25
53117	9.6875	41.875	50.9375
53153	10.0	43.4375	50.0
53189	10.625	43.75	49.0625
53225	10.9375	43.125	49.6875
53261	10.3125	43.125	50.9375
53297	10.0	43.125	50.3125
53333	10.3125	43.75	50.3125
53369	10.3125	44.0625	51.25
53405	10.3125	44.375	51.875
53441	10.625	45.625	50.9375
53477	10.625	45.0	51.25
53513	11.25	45.0	50.3125
53549	10.3125	45.0	50.0
53585	9.0625	43.4375	50.3125
53621	8.75	42.1875	49.6875
53657	9.375	42.8125	50.625
53693	9.375	43.4375	49.375
53729	10.9375	41.875	49.375
53765	12.1875	40.0	48.4375
53801	14.0625	39.375	46.875
53837	15.0	38.4375	46.25
53873	16.875	37.8125	45.0
53909	19.375	36.25	43.4375
53945	20.3125	34.0625	43.4375
53981	22.5	33.125	43.125
54017	23.75	32.5	42.5
54053	25.0	30.3125	42.1875
54089	27.1875	27.8125	42.8125
54125	28.75	26.5625	43.75
54161	29.0625	25.625	43.4375
54197	30.0	25.0	42.8125
54233	31.25	22.8125	41.875
54269	32.8125	22.1875	42.5
54305	33.125	21.875	41.5625
54341	35.3125	19.6875	39.6875
54377	37.5	17.8125	39.0625
54413	39.0625	17.1875	39.375
54449	41.5625	15.9375	38.125
54485	42.8125	15.625	38.125
54521	44.0625	14.0625	38.125
54557	45.3125	13.75	37.5
54593	46.875	11.875	37.1875
54629	47.8125	9.6875	37.1875
54665	49.0625	9.0625	38.4375
54701	49.0625	8.75	37.1875
54737	50.3125	8.4375	38.75
54773	49.375	8.4375	37.8125
54809	49.375	8.125	39.375
54845	49.6875	8.75	40.625
54881	48.4375	9.0625	40.0
54917	48.125	9.375	40.0
54953	48.75	9.0625	40.9375
54989	48.75	8.75	41.25
55025	48.4375	8.4375	40.0
55061	46.25	10.625	38.125
55097	46.875	10.3125	37.8125
55133	46.5625	10.625	38.4375
55169	48.4375	10.3125	38.4375
55205	47.1875	10.3125	36.5625
55241	47.1875	10.0	36.5625
55277	47.1875	9.0625	37.1875
55313	47.1875	9.0625	37.5
55349	45.9375	9.0625	37.1875
55385	46.5625	8.4375	36.875
55421	45.9375	8.125	37.1875
55457	45.625	7.1875	37.1875
55493	47.1875	7.5	38.125
55529	46.875	6.875	37.8125
55565	46.875	6.875	38.75
55601	46.5625	7.8125	37.8125
55637	46.5625	8.125	37.5
55673	45.3125	8.4375	38.125
55709	45.9375	8.75	39.0625
55745	47.8125	8.75	40.3125
55781	47.1875	8.75	38.75
55817	46.875	8.75	39.0625
55853	48.4375	8.4375	39.6875
55889	50.0	8.75	39.6875
55925	49.375	8.75	39.0625
55961	50.625	8.75	39.375
55997	51.25	8.125	41.25
56033	52.1875	7.1875	41.5625
56069	52.8125	6.875	41.25
56105	52.8125	6.5625	39.375
56141	53.75	6.5625	39.6875
56177	55.3125	5.9375	41.5625
56213	55.0	6.25	42.1875
56249	55.625	6.875	41.25
56285	55.9375	7.1875	40.625
56321	56.5625	7.5	40.9375
56357	56.5625	7.8125	41.25
56393	57.5	8.125	41.25
56429	57.1875	8.125	40.9375
56465	56.25	9.375	40.0
56501	56.875	10.3125	38.4375
56537	55.625	11.5625	36.875
56573	55.625	12.1875	36.25
56609	55.3125	14.0625	34.6875
56645	55.3125	15.0	33.4375
56681	53.4375	16.25	30.9375
56717	51.875	17.5	30.3125
56753	51.875	19.0625	29.0625
56789	49.6875	20.625	27.1875
56825	47.8125	21.875	26.25
56861	47.5	24.375	24.6875
56897	47.8125	26.5625	24.6875
56933	47.1875	28.125	22.8125
56969	46.5625	29.375	21.5625
57005	46.25	31.5625	20.3125
57041	46.25	32.8125	20.3125
57077	45.625	34.375	19.6875
57113	44.0625	36.875	17.8125
57149	44.375	37.8125	15.625
57185	43.4375	38.4375	14.6875
57221	41.875	39.375	13.75
57257	40.9375	40.3125	13.125
57293	38.4375	40.9375	12.5
57329	37.1875	42.5	10.625
57365	36.25	43.75	8.75
57401	35.9375	44.6875	7.5
57437	34.0625	43.4375	7.5
57473	34.375	42.8125	7.8125
57509	34.6875	43.125	8.125
57545	33.75	43.4375	9.0625
57581	33.4375	43.4375	9.375
57617	33.4375	43.4375	9.6875
57653	34.375	42.1875	10.3125
57689	35.3125	41.5625	10.0
57725	34.6875	40.3125	9.6875
57761	34.375	40.9375	9.375
57797	35.3125	40.3125	9.6875
57833	34.375	39.375	9.6875
57869	32.8125	39.375	10.0
57905	33.4375	40.3125	10.0
57941	33.75	40.9375	11.875
57977	33.75	40.3125	12.5
58013	32.5	40.625	12.1875
58049	32.5	40.3125	12.1875
58085	33.125	40.3125	13.4375
58121	32.1875	41.25	14.375
58157	33.75	40.625	15.9375
58193	35.3125	42.1875	18.125
58229	35.9375	42.5	18.4375
58265	37.5	43.4375	18.4375
58301	38.4375	43.4375	18.75
58337	37.8125	43.75	19.375
58373	38.125	44.375	20.0
58409	39.0625	45.9375	20.0
58445	39.6875	46.25	20.3125
58481	41.25	46.25	19.0625
58517	41.25	45.625	18.4375
58553	41.875	45.9375	18.125
58589	41.875	46.875	17.5
58625	40.9375	49.375	17.5
58661	41.5625	49.6875	17.5
58697	43.125	50.625	17.8125
58733	42.8125	49.375	17.8125
58769	41.25	49.0625	18.125
58805	40.625	49.6875	17.8125
58841	41.5625	47.5	17.5
58877	41.25	46.25	18.4375
58913	40.3125	45.0	17.5
58949	39.6875	45.0	16.5625
58985	40.3125	44.0625	16.5625
59021	40.0	43.75	15.9375
59057	40.625	43.125	15.0
59093	39.375	42.5	13.75
59129	37.5	41.875	12.5
59165	38.125	41.25	10.625
59201	37.8125	42.1875	10.0
59237	36.5625	41.5625	10.0
59273	35.625	39.6875	10.0
59309	35.3125	38.75	9.6875
59345	35.625	37.5	9.0625
59381	35.625	37.1875	9.375
59417	35.3125	38.4375	9.0625
59453	34.0625	37.8125	9.0625
59489	34.0625	37.1875	9.375
59525	33.75	36.875	9.375
59561	34.0625	35.3125	10.0
59597	34.0625	35.625	10.0
59633	32.5	36.25	10.0
59669	31.25	36.875	9.375
59705	32.1875	36.875	9.375
59741	32.5	37.8125	8.4375
59777	32.8125	37.8125	8.4375
59813	33.125	39.0625	8.125
59849	32.8125	39.6875	6.875
59885	32.5	40.0	7.1875
59921	31.25	39.6875	8.125
59957	30.3125	39.0625	8.4375
59993	30.625	39.0625	8.4375
60029	30.625	40.9375	8.75
60065	30.9375	41.25	9.0625
60101	30.0	41.5625	8.4375
60137	30.3125	40.9375	9.0625
60173	30.9375	40.0	9.0625
60209	30.9375	40.625	9.0625
60245	31.875	41.5625	9.0625
60281	31.875	42.5	8.75
60317	31.875	42.8125	8.4375
60353	31.25	41.25	8.75
60389	31.5625	40.3125	9.0625
60425	31.875	40.0	9.0625
60461	32.8125	40.3125	9.0625
60497	32.8125	41.25	8.75
60533	33.125	41.25	8.4375
60569	31.5625	39.6875	8.125
60605	33.4375	39.375	8.4375
60641	33.4375	38.75	8.75
60677	33.75	38.125	8.75
60713	34.375	37.5	8.4375
60749	34.375	36.875	8.4375
60785	34.0625	38.125	8.125
60821	35.0	38.125	7.8125
60857	35.3125	37.5	8.125
60893	35.9375	37.8125	8.125
60929	35.9375	37.1875	8.125
60965	34.6875	36.5625	8.4375
61001	35.3125	35.0	9.0625
61037	35.9375	35.3125	9.375
61073	36.25	35.9375	9.375
61109	35.3125	36.25	9.375
61145	34.6875	36.5625	9.375
61181	34.375	35.625	10.0
61217	35.0	36.25	10.0
61253	34.375	35.9375	10.0
61289	34.375	36.25	10.0
61325	34.6875	37.5	9.6875
61361	34.6875	38.4375	8.75
61397	34.6875	38.75	8.4375
61433	34.375	38.75	8.75
61469	34.6875	38.4375	9.0625
61505	35.0	36.5625	9.6875
61541	35.0	36.875	10.3125
61577	34.6875	36.5625	10.0
61613	34.6875	36.875	10.3125
61649	34.6875	38.4375	10.0
61685	35.625	39.6875	10.0
61721	35.3125	39.375	10.3125
61757	34.375	38.125	10.3125
61793	34.375	38.125	9.6875
61829	34.6875	38.4375	9.6875
61865	34.6875	40.0	9.6875
61901	35.3125	41.25	10.0
61937	35.625	41.25	10.0
61973	35.625	41.875	9.0625
62009	35.3125	43.125	8.4375
62045	35.0	41.875	8.75
62081	35.3125	41.875	8.4375
62117	35.3125	41.5625	9.6875
62153	34.0625	42.1875	9.0625
62189	34.0625	41.5625	9.0625
62225	34.6875	41.875	9.6875
62261	33.75	42.1875	9.6875
62297	32.5	41.25	10.625
62333	32.1875	41.25	10.9375
62369	31.5625	40.625	10.3125
62405	32.5	40.9375	10.3125
62441	32.5	40.3125	10.0
62477	33.125	41.5625	9.0625
62513	33.125	39.6875	9.0625
62549	33.125	39.0625	9.6875
62585	32.1875	39.0625	9.375
62621	32.5	38.125	10.0
62657	30.9375	37.5	10.625
62693	31.25	37.5	11.25
62729	31.875	37.8125	11.25
62765	31.5625	38.4375	11.5625
62801	32.1875	38.4375	11.5625
62837	31.25	37.1875	11.875
62873	30.0	37.8125	11.25
62909	30.3125	37.5	11.5625
62945	30.0	37.5	11.875
62981	30.9375	37.5	11.875
63017	30.0	38.75	11.875
63053	30.3125	38.75	12.1875
63089	30.0	39.6875	13.125
63125	28.75	39.0625	15.0
63161	27.8125	38.75	17.1875
63197	26.5625	38.4375	18.75
63233	27.5	38.4375	18.4375
63269	26.875	38.75	19.6875
63305	26.5625	38.125	20.625
63341	25.0	38.4375	22.5
63377	24.0625	36.875	23.75
63413	22.5	37.8125	25.3125
63449	20.9375	38.125	26.25
63485	20.3125	39.375	28.75
63521	19.0625	40.3125	29.375
63557	18.75	40.0	30.9375
63593	17.5	40.625	31.875
63629	18.125	41.5625	32.8125
63665	17.8125	40.3125	33.75
63701	17.8125	40.0	35.9375
63737	15.9375	38.4375	36.25
63773	16.5625	38.4375	38.4375
63809	17.1875	37.1875	39.0625
63845	17.1875	36.25	40.0
63881	18.4375	34.6875	40.3125
63917	18.4375	33.125	41.25
63953	18.75	31.25	41.875
63989	19.0625	29.6875	43.125
64025	19.6875	28.75	43.4375
64061	21.25	28.75	41.875
64097	24.0625	27.1875	41.5625
64133	25.0	27.1875	39.6875
64169	25.3125	27.1875	39.375
64205	25.3125	26.25	39.6875
64241	27.1875	25.3125	39.0625
64277	28.4375	24.375	38.4375
64313	30.0	23.75	37.5
64349	30.3125	23.4375	36.25
64385	31.25	22.1875	35.9375
64421	31.5625	21.25	35.625
64457	33.75	20.0	34.0625
64493	34.375	19.0625	34.375
64529	35.9375	18.125	32.8125
64565	36.875	16.5625	32.8125
64601	36.875	16.25	31.25
64637	37.8125	16.25	30.9375
64673	39.6875	15.0	29.375
64709	39.375	15.9375	27.8125
64745	39.375	15.625	27.5
64781	38.75	16.25	27.8125
64817	37.8125	16.5625	27.5
64853	37.8125	16.875	29.0625
64889	37.8125	17.1875	30.0
64925	36.5625	17.5	29.6875
64961	35.625	18.75	30.3125
64997	34.375	18.75	30.625
65033	32.8125	19.375	31.25
65069	31.25	20.625	31.875
65105	30.625	20.0	32.8125
65141	30.0	20.3125	33.4375
65177	28.75	22.1875	35.0
65213	27.5	23.4375	35.0
65249	26.5625	24.375	37.1875
65285	25.0	25.0	38.125
65321	25.9375	25.625	38.4375
65357	25.625	27.1875	38.4375
65393	25.0	27.8125	39.6875
65429	23.125	28.125	40.3125
65465	22.5	28.4375	39.6875
65501	21.5625	28.75	39.0625
65537	20.9375	29.375	38.75
65573	20.9375	30.0	39.6875
65609	19.375	30.3125	39.6875
65645	17.8125	31.875	40.9375
65681	18.125	33.4375	41.25
65717	18.75	34.0625	41.5625
65753	19.6875	35.3125	40.0
65789	19.0625	36.5625	40.9375
65825	18.125	36.5625	38.125
65861	17.5	36.5625	37.1875
65897	19.375	35.625	36.5625
65933	20.0	34.6875	35.625
65969	21.875	33.75	35.9375
66005	22.5	32.1875	35.0
66041	23.125	32.1875	34.0625
66077	24.375	30.9375	33.75
66113	25.625	29.6875	32.1875
66149	26.5625	28.75	30.3125
66185	26.25	27.8125	29.375
66221	26.25	27.8125	27.8125
66257	27.1875	28.125	28.4375
66293	26.875	27.1875	27.5
66329	27.8125	25.9375	28.4375
66365	29.375	25.0	27.5
66401	30.625	24.6875	28.75
66437	31.5625	24.0625	31.5625
66473	31.5625	23.75	32.5
66509	31.875	23.125	34.375
66545	32.8125	21.5625	33.75
66581	32.5	20.3125	34.375
66617	33.125	18.125	33.4375
66653	32.5	16.25	33.125
66689	32.8125	14.6875	33.125
66725	32.5	12.8125	33.4375
66761	33.4375	11.5625	34.0625
66797	33.75	10.9375	35.9375
66833	33.125	10.9375	36.875
66869	33.75	10.625	36.25
66905	34.0625	10.625	35.9375
66941	33.125	10.9375	35.9375
66977	32.1875	10.9375	35.625
67013	31.875	11.25	36.5625
67049	31.25	10.9375	37.5
67085	30.0	11.25	39.6875
67121	32.1875	10.3125	39.6875
67157	32.1875	9.375	40.625
67193	33.125	9.375	40.3125
67229	32.5	8.125	40.625
67265	31.875	8.75	40.625
67301	31.25	8.75	39.375
67337	30.625	8.4375	40.0
67373	31.25	7.8125	38.125
67409	31.25	7.1875	36.25
67445	31.25	6.875	35.9375
67481	30.625	6.5625	35.625
67517	30.625	6.875	36.25
67553	30.625	6.5625	37.1875
67589	31.25	6.5625	37.1875
67625	31.5625	6.875	39.0625
67661	31.5625	6.875	38.75
67697	31.25	6.25	39.0625
67733	30.625	7.1875	39.6875
67769	31.5625	7.8125	39.6875
67805	31.875	7.8125	40.3125
67841	30.625	8.125	40.625
67877	30.625	7.8125	40.9375
67913	31.875	9.0625	41.875
67949	33.4375	8.75	41.25
67985	34.6875	8.4375	41.875
68021	35.0	7.8125	40.9375
68057	33.75	7.8125	39.6875
68093	32.8125	7.8125	38.75
68129	32.8125	8.125	39.6875
68165	33.125	7.8125	39.375
68201	34.0625	7.5	38.4375
68237	34.6875	6.875	39.0625
68273	34.375	6.875	38.75
68309	33.75	7.1875	39.0625
68345	33.4375	7.5	39.375
68381	33.75	8.125	40.3125
68417	34.6875	8.4375	40.0
68453	34.375	8.125	40.625
68489	35.625	7.8125	40.0
68525	35.0	7.8125	40.9375
68561	33.75	8.125	40.0
68597	35.0	7.8125	39.0625
68633	35.625	7.8125	39.375
68669	37.1875	8.4375	38.75
68705	36.875	7.1875	38.125
68741	36.875	6.25	37.8125
68777	37.1875	6.25	37.1875
68813	38.4375	6.25	37.5
68849	37.5	6.875	36.5625
68885	36.5625	5.625	36.875
68921	35.3125	5.3125	37.1875
68957	34.375	5.3125	37.5
68993	36.25	5.625	38.4375
69029	37.1875	5.3125	39.0625
69065	38.125	5.9375	40.3125
69101	37.8125	5.9375	39.0625
69137	37.1875	5.9375	39.375
69173	37.1875	6.25	40.0
69209	37.8125	7.1875	40.0
69245	39.375	7.1875	40.3125
69281	38.4375	6.875	38.75
69317	37.8125	6.25	39.0625
69353	37.5	5.625	39.0625
69389	37.5	5.625	38.75
69425	37.1875	6.25	37.8125
69461	37.1875	6.25	38.125
69497	38.4375	5.9375	37.1875
69533	38.75	6.25	37.5
69569	37.5	6.5625	37.1875
69605	36.875	6.875	35.9375
69641	35.9375	7.1875	36.25
69677	35.9375	7.8125	36.25
69713	35.9375	8.125	35.625
69749	36.25	8.125	35.9375
69785	35.0	8.4375	35.9375
69821	35.0	8.4375	36.25
69857	35.3125	8.75	34.6875
69893	35.9375	9.375	34.0625
69929	35.625	10.3125	33.4375
69965	35.3125	10.9375	31.875
70001	35.9375	11.25	30.9375
70037	35.9375	11.5625	30.625
70073	36.25	11.875	30.3125
70109	36.875	11.5625	29.6875
70145	36.875	11.25	29.6875
70181	35.625	10.9375	30.625
70217	36.25	10.625	30.3125
70253	37.8125	10.9375	30.0
70289	38.4375	12.8125	29.6875
70325	37.8125	13.125	28.75
70361	36.875	14.0625	27.1875
70397	37.5	14.375	27.5
70433	36.875	15.3125	26.5625
70469	35.3125	15.3125	24.6875
70505	34.6875	15.625	24.375
70541	35.9375	16.875	23.4375
70577	36.25	17.5	22.1875
70613	36.5625	18.4375	21.25
70649	36.875	20.625	20.3125
70685	36.5625	21.25	19.6875
70721	37.5	22.1875	18.75
70757	37.8125	22.1875	17.5
70793	38.125	23.4375	16.5625
70829	39.0625	25.3125	16.5625
70865	39.0625	26.5625	15.625
70901	38.75	26.5625	15.625
70937	39.375	28.4375	15.0
70973	38.4375	29.6875	14.6875
71009	37.8125	31.5625	14.0625
71045	37.8125	32.1875	13.125
71081	38.4375	34.375	12.5
71117	37.5	35.9375	10.625
71153	36.875	37.5	9.0625
71189	36.875	38.4375	8.4375
71225	36.5625	39.0625	7.8125
71261	37.1875	39.375	7.5
71297	38.75	39.0625	7.5
71333	39.375	40.0	7.5
71369	39.375	40.0	7.1875
71405	40.3125	40.3125	7.1875
71441	40.3125	41.875	7.1875
71477	40.625	42.8125	7.5
71513	41.5625	41.875	7.5
71549	41.875	41.875	7.1875
71585	42.5	40.625	7.1875
71621	43.4375	39.6875	7.8125
71657	44.6875	40.0	7.8125
71693	43.75	40.0	8.125
71729	43.4375	40.9375	8.4375
71765	44.375	40.0	9.0625
71801	44.6875	39.0625	9.375
71837	43.75	39.0625	9.0625
71873	44.6875	38.75	8.75
71909	43.75	38.125	9.375
71945	43.4375	36.875	9.375
71981	43.75	36.5625	9.375
72017	43.75	35.625	9.0625
72053	42.1875	34.6875	9.375
72089	42.1875	34.0625	9.375
72125	43.75	34.375	9.6875
72161	43.125	34.375	10.0
72197	44.0625	34.375	10.3125
72233	43.125	35.625	9.6875
72269	42.1875	35.9375	9.375
72305	43.125	35.625	9.375
72341	42.5	35.3125	9.0625
72377	42.1875	35.625	9.0625
72413	42.8125	34.0625	9.0625
72449	42.5	34.0625	9.0625
72485	42.5	35.9375	9.0625
72521	41.875	35.3125	9.0625
72557	40.625	36.25	8.4375
72593	40.625	36.25	8.75
72629	39.6875	37.5	8.4375
72665	40.0	36.875	8.4375
72701	40.0	37.1875	8.4375
72737	39.0625	37.1875	7.8125
72773	38.4375	37.1875	7.8125
72809	38.4375	37.1875	7.5
72845	37.5	37.5	7.8125
72881	36.5625	37.5	7.1875
72917	36.25	37.1875	7.5
72953	35.625	35.625	9.6875
72989	35.9375	35.625	11.25
73025	36.875	35.0	11.5625
73061	37.5	33.125	13.125
73097	37.1875	32.1875	15.0
73133	37.5	31.25	16.5625
73169	36.5625	29.0625	18.4375
73205	35.3125	27.1875	19.375
73241	35.625	25.625	21.5625
73277	35.3125	25.0	23.125
73313	35.9375	24.375	24.6875
73349	35.9375	23.4375	26.25
73385	36.25	22.8125	27.1875
73421	36.25	20.625	28.125
73457	36.5625	19.0625	30.3125
73493	35.9375	18.75	31.875
73529	35.625	18.125	33.4375
73565	36.25	16.25	35.3125
73601	36.875	14.6875	37.5
73637	36.5625	14.375	37.8125
73673	35.3125	13.125	40.0
73709	35.9375	12.5	41.875
73745	35.9375	11.25	43.125
73781	36.25	10.0	44.375
73817	36.25	9.0625	45.9375
73853	36.25	7.5	47.8125
73889	36.5625	7.5	48.125
73925	37.5	7.8125	47.1875
73961	37.1875	7.8125	47.8125
73997	36.5625	7.1875	47.5
74033	35.3125	7.1875	46.25
74069	34.0625	8.125	45.625
74105	34.375	8.125	45.3125
74141	35.625	8.125	44.6875
74177	35.625	8.4375	45.3125
74213	35.625	8.4375	45.0
74249	35.3125	8.4375	44.6875
74285	35.3125	8.125	45.0
74321	35.9375	8.4375	45.3125
74357	35.0	9.0625	45.0
74393	33.75	9.0625	44.6875
74429	33.4375	9.0625	43.75
74465	32.1875	9.0625	44.6875
74501	32.8125	8.75	43.125
74537	34.0625	8.75	42.5
74573	34.0625	8.75	42.5
74609	34.375	8.75	42.8125
74645	34.6875	8.4375	41.5625
74681	34.6875	8.4375	42.1875
74717	36.25	8.125	41.5625
74753	35.625	8.4375	42.1875
74789	36.875	8.75	41.5625
74825	38.125	9.6875	42.1875
74861	38.125	10.0	42.5
74897	37.5	10.0	42.8125
74933	37.8125	9.6875	42.1875
74969	37.8125	9.6875	41.875
75005	37.5	10.0	42.5
75041	38.125	10.3125	43.125
75077	37.1875	10.3125	43.125
75113	36.25	10.625	43.125
75149	36.25	10.3125	43.4375
75185	37.8125	10.3125	43.125
75221	38.125	10.0	42.5
75257	38.125	9.6875	41.875
75293	37.8125	9.6875	41.5625
75329	38.75	9.375	41.5625
75365	39.0625	9.6875	41.875
75401	39.6875	9.375	41.25
75437	39.6875	9.6875	40.9375
75473	38.125	9.6875	41.5625
75509	37.8125	9.375	40.9375
75545	37.5	9.375	40.3125
75581	36.5625	9.375	40.0
75617	37.1875	9.375	39.6875
75653	37.1875	10.0	39.6875
75689	37.5	8.75	39.6875
75725	37.1875	8.75	39.375
75761	37.8125	8.125	39.0625
75797	37.5	7.5	38.4375
75833	37.8125	7.8125	39.0625
75869	38.75	7.5	38.75
75905	38.4375	7.5	38.4375
75941	39.6875	8.4375	39.6875
75977	41.25	7.1875	39.0625
76013	40.9375	7.5	39.375
76049	41.25	7.8125	38.125
76085	41.5625	8.4375	37.1875
76121	40.9375	8.75	37.5
76157	40.625	9.6875	37.1875
76193	40.625	10.0	36.875
76229	40.625	10.0	36.875
76265	40.0	9.375	36.875
76301	39.375	9.6875	36.5625
76337	39.0625	9.375	36.5625
76373	39.375	9.375	36.25
76409	40.0	8.4375	35.3125
76445	40.3125	8.75	35.625
76481	39.375	9.0625	35.9375
76517	40.3125	9.0625	36.875
76553	40.9375	8.75	35.9375
76589	41.25	8.4375	36.25
76625	41.25	8.125	35.0
76661	41.875	8.4375	34.6875
76697	41.5625	8.125	34.6875
76733	42.8125	9.0625	35.0
76769	43.4375	9.0625	34.375
76805	42.5	9.375	34.375
76841	42.1875	10.0	33.75
76877	42.1875	10.0	32.1875
76913	42.5	10.3125	32.5
76949	42.5	10.625	31.875
76985	43.125	9.6875	32.5
77021	43.125	9.375	32.5
77057	43.75	9.6875	31.875
77093	45.3125	9.6875	32.5
77129	46.5625	9.375	32.8125
77165	46.875	9.0625	32.8125
77201	46.875	10.3125	32.1875
77237	47.8125	10.9375	32.5
77273	49.0625	10.625	32.8125
77309	48.75	10.9375	33.4375
77345	48.4375	10.9375	33.4375
77381	49.375	10.9375	34.375
77417	49.0625	11.875	32.8125
77453	48.75	12.8125	33.4375
77489	49.0625	12.5	32.8125
77525	50.0	12.8125	33.4375
77561	49.375	12.5	34.0625
77597	49.375	13.4375	34.375
77633	49.6875	13.125	34.0625
77669	49.0625	13.75	33.4375
77705	49.0625	12.5	33.125
77741	48.75	12.8125	32.8125
77777	49.6875	11.875	32.8125
77813	50.3125	11.875	34.0625
77849	50.3125	11.875	34.6875
77885	48.75	12.5	33.4375
77921	49.6875	12.1875	32.5
77957	49.6875	11.5625	31.5625
77993	49.0625	12.1875	31.25
78029	48.4375	11.875	30.625
78065	47.1875	12.1875	30.3125
78101	45.9375	13.125	30.0
78137	46.5625	14.6875	30.9375
78173	47.1875	14.6875	33.125
78209	46.5625	14.6875	33.125
78245	45.0	14.6875	33.125
78281	44.0625	15.9375	32.5
78317	42.1875	16.5625	32.5
78353	41.25	16.875	32.1875
78389	40.3125	16.25	32.5
78425	39.6875	17.1875	32.1875
78461	38.125	18.125	32.5
78497	35.9375	19.0625	31.875
78533	34.375	18.75	31.5625
78569	31.875	19.0625	31.875
78605	30.625	20.3125	32.5
78641	30.3125	20.625	33.75
78677	29.0625	21.25	34.0625
78713	28.125	21.875	33.75
78749	25.625	23.125	32.5
78785	24.0625	22.8125	33.125
78821	24.375	23.125	32.5
78857	24.0625	23.4375	32.1875
78893	22.5	24.6875	33.125
78929	23.4375	25.625	34.6875
78965	24.375	26.25	36.5625
79001	25.625	26.25	36.875
79037	25.3125	26.25	37.1875
79073	23.75	25.625	38.125
79109	23.125	25.3125	37.5
79145	23.125	25.0	35.9375
79181	24.0625	24.6875	35.9375
79217	25.9375	24.375	37.8125
79253	28.4375	23.125	37.5
79289	29.375	22.1875	39.0625
79325	30.625	21.875	39.375
79361	32.8125	20.9375	40.3125
79397	33.4375	21.25	40.625
79433	34.6875	20.625	40.0
79469	36.25	21.25	40.625
79505	37.8125	20.9375	42.1875
79541	38.75	19.375	43.4375
79577	40.3125	20.0	42.8125
79613	41.875	19.375	42.5
79649	42.8125	18.4375	42.8125
79685	45.0	18.75	44.375
79721	47.1875	17.1875	46.25
79757	48.4375	17.1875	47.1875
79793	47.1875	17.1875	47.1875
79829	47.8125	17.8125	46.875
79865	46.875	18.125	45.3125
79901	46.25	20.0	44.0625
79937	45.0	20.9375	43.125
79973	43.75	21.875	42.1875
80009	43.125	21.875	41.5625
80045	44.375	22.5	40.3125
80081	44.0625	23.75	38.4375
80117	43.75	24.0625	38.125
80153	41.875	25.3125	36.25
80189	41.25	26.875	34.0625
80225	40.3125	28.4375	33.125
80261	40.0	30.0	30.625
80297	38.75	30.9375	30.3125
80333	38.125	32.8125	29.375
80369	37.8125	34.375	28.75
80405	37.8125	34.6875	29.375
80441	36.25	35.3125	29.6875
80477	35.3125	35.625	28.125
80513	34.6875	37.1875	28.125
80549	33.75	37.8125	26.875
80585	32.5	38.75	26.25
80621	31.5625	41.25	24.375
80657	30.0	42.5	22.5
80693	28.4375	43.4375	20.0
80729	27.5	45.0	19.0625
80765	28.125	45.3125	19.0625
80801	28.125	45.625	20.0
80837	28.125	45.625	20.0
80873	27.8125	45.3125	20.3125
80909	27.5	46.25	20.0
80945	27.8125	45.9375	19.6875
80981	27.8125	47.1875	19.0625
81017	27.1875	47.8125	19.375
81053	28.125	48.125	19.375
81089	28.125	49.6875	19.0625
81125	28.4375	50.0	19.375
81161	27.1875	49.6875	19.375
81197	27.5	50.0	19.375
81233	28.125	49.0625	19.6875
81269	28.4375	49.375	19.375
81305	28.125	49.0625	18.75
81341	29.375	47.1875	18.4375
81377	30.0	47.8125	15.9375
81413	30.9375	48.4375	14.6875
81449	31.875	48.75	13.125
81485	31.875	48.75	12.1875
81521	32.5	49.375	11.5625
81557	34.6875	49.375	11.5625
81593	34.6875	47.8125	10.9375
81629	34.375	47.5	11.5625
81665	35.3125	47.5	11.875
81701	36.5625	45.625	12.1875
81737	36.875	44.6875	13.4375
81773	38.125	43.125	14.6875
81809	38.75	42.5	15.3125
81845	40.625	40.3125	15.625
81881	40.9375	39.0625	16.25
81917	42.1875	37.1875	17.8125
81953	43.125	36.25	19.375
81989	43.75	34.6875	19.6875
82025	43.4375	33.75	20.9375
82061	44.375	32.1875	21.5625
82097	46.25	30.9375	22.8125
82133	47.8125	30.0	24.0625
82169	47.8125	29.0625	25.0
82205	48.4375	28.4375	25.0
82241	48.125	27.1875	25.625
82277	48.75	26.5625	26.5625
82313	48.125	26.25	27.8125
82349	48.125	24.375	29.6875
82385	48.125	24.0625	30.3125
82421	49.0625	24.0625	30.9375
82457	49.375	23.125	32.1875
82493	48.75	21.875	33.125
82529	47.5	20.625	34.375
82565	48.4375	20.0	35.625
82601	48.4375	20.625	37.8125
82637	48.125	19.375	37.8125
82673	49.0625	19.0625	38.75
82709	49.375	18.75	37.8125
82745	50.0	19.0625	38.125
82781	49.6875	18.4375	38.4375
82817	49.6875	18.125	39.6875
82853	50.0	17.8125	38.125
82889	49.0625	19.0625	37.8125
82925	49.375	18.75	39.375
82961	50.3125	17.8125	39.6875
82997	49.0625	18.125	39.0625
83033	49.375	19.0625	39.375
83069	49.0625	18.125	40.0
83105	47.8125	17.8125	39.0625
83141	45.9375	18.4375	39.0625
83177	44.6875	18.4375	39.0625
83213	44.0625	19.0625	38.75
83249	41.875	19.375	39.0625
83285	40.3125	20.3125	39.375
83321	39.375	20.9375	40.3125
83357	38.4375	20.625	41.25
83393	37.5	20.625	41.5625
83429	36.5625	21.25	41.875
83465	36.25	22.5	42.5
83501	34.0625	22.5	42.8125
83537	33.4375	23.4375	42.8125
83573	32.5	25.3125	44.375
83609	31.25	25.625	45.3125
83645	29.0625	26.5625	45.0
83681	26.25	27.8125	45.3125
83717	25.3125	27.8125	45.9375
83753	23.75	28.4375	46.25
83789	22.5	28.75	45.625
83825	21.25	28.75	46.875
83861	20.625	28.75	46.5625
83897	17.5	30.0	46.875
83933	15.3125	30.625	46.5625
83969	14.375	31.25	48.125
84005	12.8125	30.3125	48.75
84041	10.625	30.9375	48.75
84077	11.25	30.625	51.25
84113	11.5625	31.25	51.5625
84149	11.25	31.5625	53.4375
84185	11.25	30.625	54.375
84221	12.5	31.875	55.0
84257	13.125	30.9375	55.3125
84293	13.125	31.875	54.6875
84329	13.4375	32.5	55.625
84365	13.125	32.1875	55.3125
84401	11.875	32.5	56.5625
84437	12.1875	31.25	55.0
84473	13.4375	30.0	53.75
84509	14.375	28.75	52.5
84545	15.0	27.5	49.6875
84581	15.3125	27.1875	49.375
84617	17.5	26.25	48.75
84653	18.125	25.625	48.125
84689	19.6875	26.25	46.875
84725	19.6875	27.8125	46.25
84761	20.625	28.4375	45.625
84797	20.625	29.0625	45.625
84833	20.3125	28.4375	45.3125
84869	20.625	29.0625	44.6875
84905	20.625	29.0625	44.375
84941	21.25	30.0	44.6875
84977	21.5625	30.0	45.0
85013	20.625	30.3125	44.375
85049	20.625	30.3125	44.375
85085	20.3125	30.9375	44.375
85121	20.9375	29.6875	43.4375
85157	20.625	28.4375	43.4375
85193	20.0	28.125	42.8125
85229	20.0	29.0625	42.1875
85265	20.0	29.0625	42.8125
85301	20.3125	28.4375	42.5
85337	20.9375	27.8125	41.25
85373	20.625	28.125	41.875
85409	20.0	29.6875	41.5625
85445	19.6875	30.625	42.5
85481	19.0625	30.9375	43.125
85517	18.125	32.1875	42.8125
85553	17.8125	33.75	44.0625
85589	15.625	34.0625	45.625
85625	15.0	34.6875	45.9375
85661	13.4375	33.4375	47.1875
85697	12.8125	32.8125	46.5625
85733	12.5	32.5	47.8125
85769	12.5	32.8125	47.8125
85805	12.8125	32.8125	48.125
85841	14.0625	31.25	47.1875
85877	14.0625	30.625	47.1875
85913	14.375	30.625	47.8125
85949	14.375	30.9375	47.5
85985	15.3125	31.25	48.125
86021	15.625	32.1875	47.5
86057	16.25	31.5625	46.25
86093	15.3125	32.5	45.9375
86129	14.375	33.125	46.5625
86165	14.0625	33.125	46.5625
86201	14.375	33.125	46.5625
86237	13.4375	32.1875	45.9375
86273	13.125	33.125	45.3125
86309	13.125	33.125	45.625
86345	13.4375	33.4375	44.6875
86381	14.0625	32.1875	44.375
86417	14.375	31.25	45.3125
86453	14.0625	31.5625	46.875
86489	13.75	30.625	47.5
86525	13.75	30.3125	46.5625
86561	13.125	30.3125	45.625
86597	13.75	30.3125	45.625
86633	13.75	30.0	47.1875
86669	13.75	29.6875	47.5
86705	14.0625	28.75	47.1875
86741	13.75	28.75	48.125
86777	12.5	28.75	50.625
86813	11.5625	28.75	51.875
86849	11.5625	29.375	50.9375
86885	10.625	29.6875	51.875
86921	10.3125	28.4375	51.5625
86957	9.6875	27.1875	51.5625
86993	10.0	27.8125	51.875
87029	10.0	28.4375	50.9375
87065	10.3125	28.75	51.5625
87101	10.3125	28.4375	52.1875
87137	10.3125	28.4375	52.1875
87173	10.9375	29.375	51.875
87209	11.25	29.375	51.875
87245	10.625	28.4375	51.25
87281	10.9375	29.375	51.25
87317	10.9375	28.125	53.125
87353	10.3125	30.0	52.8125
87389	10.3125	30.0	53.125
87425	10.625	30.3125	52.8125
87461	10.625	29.375	52.1875
87497	11.5625	29.375	52.5
87533	11.25	29.0625	53.75
87569	11.25	30.3125	53.125
87605	10.9375	29.6875	52.5
87641	11.5625	30.625	52.8125
87677	11.25	30.9375	51.5625
87713	11.5625	31.25	50.0
87749	12.1875	31.25	49.6875
87785	12.5	32.5	49.6875
87821	12.8125	32.8125	48.4375
87857	12.8125	32.8125	47.1875
87893	12.8125	32.1875	47.1875
87929	12.1875	34.0625	46.875
87965	11.875	33.125	47.1875
88001	11.875	34.0625	47.8125
88037	12.1875	34.375	47.5
88073	11.875	34.0625	47.1875
88109	10.9375	33.125	47.5
88145	10.9375	32.1875	46.875
88181	10.9375	32.8125	47.8125
88217	11.25	33.125	49.0625
88253	11.25	34.0625	49.375
88289	11.25	35.0	48.125
88325	11.5625	34.375	46.875
88361	10.625	34.0625	47.1875
88397	10.625	34.375	47.8125
88433	11.25	35.3125	48.4375
88469	10.3125	35.9375	47.8125
88505	10.9375	35.625	47.1875
88541	10.9375	35.3125	47.1875
88577	10.625	37.8125	46.875
88613	10.0	39.375	47.8125
88649	11.25	38.4375	47.8125
88685	12.1875	37.8125	47.8125
88721	11.5625	38.4375	47.1875
88757	11.875	39.375	46.5625
88793	11.5625	39.375	48.125
88829	12.1875	40.0	48.75
88865	12.1875	40.3125	48.4375
88901	13.125	39.375	47.5
88937	13.125	38.75	49.0625
88973	13.4375	38.4375	47.8125
89009	13.75	39.6875	48.125
89045	13.75	38.75	47.8125
89081	15.3125	39.0625	47.1875
89117	15.9375	39.375	46.875
89153	15.3125	39.375	46.875
89189	15.0	39.0625	47.1875
89225	14.375	38.125	46.875
89261	14.375	39.0625	48.4375
89297	14.375	39.6875	48.125
89333	14.375	40.0	48.4375
89369	14.375	40.0	46.875
89405	13.75	38.75	46.5625
89441	13.75	38.4375	47.1875
89477	13.75	37.8125	46.25
89513	13.4375	37.8125	46.875
89549	13.125	36.25	46.25
89585	14.375	33.4375	44.6875
89621	14.0625	34.0625	45.3125