# BASE VAL1 VAL2
# color 0:255:0 0:0:255 100:100:100
17	40.0	0.0	15.0
53	30.0	15.0	15.0
89	45.0	10.0	10.0
125	50.0	5.0	15.0
161	45.0	0.0	30.0
197	45.0	20.0	45.0
233	20.0	50.0	60.0
269	30.0	50.0	35.0
305	40.0	30.0	15.0
341	30.0	15.0	30.0
377	15.0	35.0	25.0
413	25.0	50.0	20.0
449	20.0	45.0	25.0
485	15.0	25.0	30.0
521	35.0	0.0	20.0
557	40.0	10.0	40.0
593	45.0	25.0	30.0
629	55.0	10.0	35.0
665	40.0	15.0	35.0
701	45.0	15.0	25.0
737	55.0	5.0	20.0
773	60.0	5.0	30.0
809	55.0	15.0	40.0
845	65.0	5.0	55.0
881	45.0	5.0	50.0
917	45.0	5.0	45.0
953	45.0	5.0	25.0
989	35.0	0.0	30.0
1025	35.0	5.0	35.0
1061	40.0	10.0	40.0
1097	25.0	15.0	35.0
1133	10.0	15.0	15.0
1169	25.0	40.0	5.0
1205	25.0	45.0	10.0
1241	15.0	40.0	10.0
1277	30.0	25.0	20.0
1313	25.0	25.0	20.0
1349	55.0	5.0	35.0
1385	45.0	10.0	20.0
1421	30.0	20.0	20.0
1457	60.0	5.0	35.0
1493	55.0	5.0	35.0
1529	55.0	0.0	45.0
1565	45.0	20.0	30.0
1601	35.0	15.0	30.0
1637	65.0	10.0	30.0
1673	60.0	10.0	30.0
1709	45.0	5.0	40.0
1745	35.0	10.0	35.0
1781	45.0	0.0	25.0
1817	50.0	0.0	35.0
1853	40.0	5.0	35.0
1889	30.0	10.0	25.0
1925	40.0	5.0	20.0
1961	55.0	10.0	35.0
1997	50.0	20.0	35.0
2033	45.0	15.0	20.0
2069	45.0	5.0	30.0
2105	35.0	15.0	35.0
2141	40.0	15.0	30.0
2177	50.0	10.0	25.0
2213	40.0	15.0	35.0
2249	45.0	15.0	25.0
2285	30.0	15.0	15.0
2321	15.0	25.0	15.0
2357	10.0	45.0	45.0
2393	10.0	40.0	65.0
2429	10.0	45.0	50.0
2465	10.0	25.0	65.0
2501	0.0	30.0	60.0
2537	5.0	30.0	40.0
2573	0.0	40.0	55.0
2609	5.0	30.0	50.0
2645	10.0	45.0	55.0
2681	15.0	50.0	55.0
2717	15.0	30.0	55.0
2753	20.0	40.0	65.0
2789	30.0	35.0	55.0
2825	15.0	40.0	50.0
2861	5.0	35.0	55.0
2897	10.0	40.0	40.0
2933	10.0	25.0	45.0
2969	5.0	25.0	50.0
3005	5.0	25.0	45.0
3041	35.0	15.0	30.0
3077	35.0	10.0	30.0
3113	25.0	15.0	50.0
3149	30.0	10.0	45.0
3185	40.0	15.0	50.0
3221	40.0	5.0	40.0
3257	45.0	15.0	35.0
3293	55.0	15.0	35.0
3329	40.0	0.0	45.0
3365	65.0	10.0	40.0
3401	60.0	10.0	20.0
3437	45.0	5.0	30.0
3473	50.0	10.0	35.0
3509	55.0	20.0	30.0
3545	15.0	30.0	35.0
3581	10.0	40.0	50.0
3617	5.0	40.0	65.0
3653	5.0	45.0	45.0
3689	5.0	55.0	30.0
3725	10.0	50.0	45.0
3761	25.0	55.0	55.0
3797	25.0	35.0	50.0
3833	15.0	25.0	30.0
3869	10.0	30.0	45.0
3905	10.0	30.0	50.0
3941	10.0	20.0	50.0
3977	20.0	40.0	45.0
4013	20.0	25.0	45.0
4049	0.0	20.0	55.0
4085	0.0	15.0	45.0
4121	0.0	30.0	35.0
4157	10.0	15.0	25.0
4193	20.0	30.0	25.0
4229	30.0	35.0	15.0
4265	25.0	35.0	15.0
4301	40.0	15.0	25.0
4337	35.0	10.0	20.0
4373	20.0	10.0	20.0
4409	15.0	20.0	25.0
4445	45.0	35.0	35.0
4481	50.0	25.0	25.0
4517	50.0	25.0	5.0
4553	55.0	25.0	35.0
4589	50.0	40.0	30.0
4625	40.0	35.0	5.0
4661	30.0	35.0	15.0
4697	30.0	35.0	35.0
4733	35.0	10.0	20.0
4769	30.0	10.0	15.0
4805	15.0	35.0	30.0
4841	15.0	35.0	30.0
4877	20.0	10.0	35.0
4913	5.0	15.0	40.0
4949	20.0	5.0	55.0
4985	40.0	0.0	30.0
5021	45.0	0.0	30.0
5057	25.0	5.0	35.0
5093	25.0	5.0	50.0
5129	30.0	0.0	60.0
5165	10.0	5.0	45.0
5201	20.0	10.0	45.0
5237	50.0	10.0	40.0
5273	35.0	5.0	45.0
5309	20.0	10.0	40.0
5345	35.0	10.0	50.0
5381	55.0	5.0	45.0
5417	55.0	5.0	25.0
5453	45.0	30.0	20.0
5489	40.0	30.0	5.0
5525	40.0	15.0	0.0
5561	40.0	35.0	30.0
5597	30.0	65.0	45.0
5633	15.0	45.0	30.0
5669	15.0	30.0	15.0
5705	10.0	25.0	35.0
5741	10.0	45.0	40.0
5777	25.0	35.0	45.0
5813	10.0	35.0	50.0
5849	5.0	40.0	40.0
5885	5.0	30.0	30.0
5921	30.0	15.0	50.0
5957	40.0	10.0	55.0
5993	25.0	20.0	30.0
6029	10.0	35.0	10.0
6065	10.0	30.0	20.0
6101	25.0	10.0	20.0
6137	25.0	15.0	35.0
6173	40.0	10.0	40.0
6209	25.0	20.0	45.0
6245	15.0	20.0	20.0
6281	15.0	20.0	5.0
6317	25.0	25.0	50.0
6353	15.0	20.0	70.0
6389	20.0	35.0	50.0
6425	35.0	20.0	55.0
6461	40.0	10.0	45.0
6497	35.0	15.0	50.0
6533	35.0	10.0	65.0
6569	40.0	10.0	45.0
6605	50.0	5.0	45.0
6641	35.0	20.0	60.0
6677	30.0	20.0	50.0
6713	45.0	25.0	60.0
6749	45.0	35.0	60.0
6785	55.0	25.0	55.0
6821	40.0	20.0	60.0
6857	25.0	45.0	55.0
6893	40.0	50.0	40.0
6929	45.0	15.0	55.0
6965	45.0	15.0	50.0
7001	20.0	45.0	15.0
7037	25.0	40.0	0.0
7073	40.0	25.0	10.0
7109	30.0	30.0	15.0
7145	30.0	25.0	25.0
7181	30.0	30.0	30.0
7217	45.0	25.0	5.0
7253	45.0	25.0	20.0
7289	15.0	20.0	40.0
7325	10.0	25.0	40.0
7361	20.0	30.0	20.0
7397	20.0	25.0	20.0
7433	10.0	40.0	25.0
7469	20.0	35.0	25.0
7505	60.0	25.0	25.0
7541	35.0	45.0	25.0
7577	5.0	45.0	50.0
7613	15.0	35.0	45.0
7649	15.0	35.0	30.0
7685	5.0	35.0	45.0
7721	35.0	25.0	50.0
7757	75.0	10.0	30.0
7793	70.0	15.0	20.0
7829	50.0	45.0	10.0
7865	50.0	40.0	10.0
7901	40.0	5.0	30.0
7937	30.0	25.0	15.0
7973	40.0	25.0	15.0
8009	65.0	25.0	30.0
8045	50.0	30.0	55.0
8081	45.0	15.0	65.0
8117	35.0	10.0	40.0
8153	10.0	35.0	20.0
8189	20.0	45.0	0.0
8225	40.0	30.0	35.0
8261	10.0	25.0	40.0
8297	20.0	20.0	35.0
8333	20.0	20.0	25.0
8369	5.0	30.0	25.0
8405	5.0	35.0	15.0
8441	20.0	35.0	5.0
8477	20.0	20.0	0.0
8513	15.0	15.0	10.0
8549	25.0	20.0	15.0
8585	15.0	40.0	5.0
8621	15.0	55.0	35.0
8657	15.0	35.0	35.0
8693	15.0	35.0	30.0
8729	30.0	35.0	20.0
8765	35.0	25.0	30.0
8801	40.0	20.0	25.0
8837	40.0	25.0	10.0
8873	35.0	40.0	0.0
8909	45.0	40.0	0.0
8945	50.0	50.0	10.0
8981	50.0	40.0	10.0
9017	45.0	15.0	15.0
9053	35.0	25.0	20.0
9089	40.0	40.0	10.0
9125	40.0	25.0	5.0
9161	45.0	20.0	5.0
9197	15.0	15.0	15.0
9233	20.0	20.0	30.0
9269	20.0	15.0	30.0
9305	35.0	15.0	30.0
9341	35.0	10.0	55.0
9377	40.0	20.0	40.0
9413	30.0	15.0	45.0
9449	40.0	0.0	40.0
9485	40.0	0.0	45.0
9521	25.0	0.0	25.0
9557	25.0	10.0	15.0
9593	10.0	30.0	40.0
9629	15.0	30.0	35.0
9665	10.0	45.0	30.0
9701	0.0	35.0	35.0
9737	10.0	25.0	25.0
9773	25.0	35.0	10.0
9809	60.0	30.0	5.0
9845	45.0	30.0	5.0
9881	30.0	45.0	10.0
9917	25.0	25.0	10.0
9953	30.0	20.0	5.0
9989	40.0	30.0	5.0
10025	25.0	25.0	10.0
10061	25.0	10.0	20.0
10097	30.0	0.0	25.0
10133	35.0	5.0	30.0
10169	20.0	25.0	25.0
10205	30.0	10.0	25.0
10241	40.0	0.0	30.0
10277	25.0	0.0	50.0
10313	15.0	15.0	40.0
10349	20.0	25.0	30.0
10385	35.0	20.0	20.0
10421	20.0	15.0	25.0
10457	10.0	15.0	20.0
10493	15.0	55.0	15.0
10529	10.0	55.0	25.0
10565	10.0	55.0	35.0
10601	10.0	35.0	15.0
10637	20.0	10.0	10.0
10673	55.0	20.0	15.0
10709	60.0	20.0	10.0
10745	45.0	5.0	0.0
10781	50.0	15.0	5.0
10817	60.0	25.0	15.0
10853	55.0	20.0	15.0
10889	40.0	15.0	10.0
10925	35.0	35.0	5.0
10961	20.0	35.0	0.0
10997	45.0	35.0	0.0
11033	55.0	40.0	0.0
11069	55.0	30.0	5.0
11105	35.0	30.0	5.0
11141	30.0	30.0	10.0
11177	30.0	30.0	10.0
11213	25.0	35.0	20.0
11249	25.0	25.0	30.0
11285	20.0	10.0	30.0
11321	20.0	20.0	40.0
11357	35.0	40.0	40.0
11393	40.0	45.0	30.0
11429	30.0	45.0	30.0
11465	15.0	25.0	15.0
11501	10.0	10.0	30.0
11537	5.0	20.0	25.0
11573	10.0	20.0	30.0
11609	10.0	25.0	30.0
11645	5.0	30.0	10.0
11681	5.0	20.0	15.0
11717	10.0	30.0	25.0
11753	10.0	45.0	30.0
11789	15.0	40.0	35.0
11825	25.0	50.0	20.0
11861	20.0	50.0	20.0
11897	15.0	30.0	50.0
11933	25.0	25.0	25.0
11969	45.0	5.0	40.0
12005	35.0	5.0	60.0
12041	45.0	35.0	30.0
12077	35.0	15.0	15.0
12113	35.0	30.0	15.0
12149	50.0	45.0	10.0
12185	55.0	35.0	5.0
12221	55.0	30.0	10.0
12257	65.0	35.0	5.0
12293	50.0	30.0	10.0
12329	40.0	40.0	5.0
12365	30.0	50.0	25.0
12401	25.0	65.0	45.0
12437	25.0	40.0	30.0
12473	15.0	5.0	20.0
12509	35.0	10.0	30.0
12545	30.0	15.0	30.0
12581	30.0	15.0	30.0
12617	40.0	25.0	25.0
12653	30.0	50.0	15.0
12689	35.0	50.0	10.0
12725	25.0	35.0	5.0
12761	25.0	30.0	15.0
12797	30.0	30.0	30.0
12833	35.0	20.0	20.0
12869	35.0	25.0	10.0
12905	40.0	50.0	10.0
12941	55.0	45.0	5.0
12977	50.0	35.0	15.0
13013	55.0	25.0	10.0
13049	30.0	25.0	5.0
13085	40.0	35.0	5.0
13121	40.0	35.0	0.0
13157	15.0	30.0	10.0
13193	10.0	45.0	15.0
13229	0.0	65.0	30.0
13265	0.0	40.0	30.0
13301	20.0	30.0	20.0
13337	35.0	35.0	40.0
13373	30.0	35.0	40.0
13409	15.0	40.0	40.0
13445	10.0	30.0	30.0
13481	0.0	30.0	35.0
13517	15.0	25.0	35.0
13553	25.0	30.0	20.0
13589	10.0	20.0	25.0
13625	45.0	35.0	20.0
13661	60.0	20.0	10.0
13697	35.0	30.0	15.0
13733	30.0	45.0	10.0
13769	30.0	40.0	10.0
13805	50.0	40.0	5.0
13841	35.0	35.0	0.0
13877	45.0	25.0	10.0
13913	50.0	15.0	5.0
13949	45.0	15.0	10.0
13985	30.0	40.0	25.0
14021	5.0	60.0	30.0
14057	0.0	60.0	40.0
14093	0.0	55.0	70.0
14129	5.0	45.0	45.0
14165	0.0	50.0	45.0
14201	0.0	65.0	60.0
14237	0.0	45.0	45.0
14273	5.0	50.0	20.0
14309	15.0	55.0	25.0
14345	20.0	50.0	20.0
14381	10.0	50.0	30.0
14417	10.0	45.0	35.0
14453	10.0	50.0	50.0
14489	5.0	45.0	55.0
14525	0.0	60.0	40.0
14561	0.0	45.0	30.0
14597	10.0	30.0	20.0
14633	10.0	40.0	30.0
14669	10.0	35.0	40.0
14705	5.0	45.0	30.0
14741	5.0	30.0	35.0
14777	10.0	15.0	45.0
14813	10.0	40.0	40.0
14849	10.0	50.0	40.0
14885	5.0	40.0	35.0
14921	10.0	20.0	30.0
14957	10.0	40.0	35.0
14993	0.0	45.0	40.0
15029	0.0	45.0	25.0
15065	5.0	35.0	25.0
15101	5.0	25.0	45.0
15137	5.0	30.0	30.0
15173	10.0	35.0	20.0
15209	20.0	35.0	40.0
15245	15.0	40.0	40.0
15281	5.0	50.0	25.0
15317	0.0	60.0	35.0
15353	5.0	40.0	45.0
15389	10.0	30.0	45.0
15425	30.0	10.0	20.0
15461	50.0	5.0	20.0
15497	35.0	5.0	50.0
15533	25.0	0.0	35.0
15569	15.0	5.0	15.0
15605	25.0	0.0	30.0
15641	40.0	5.0	50.0
15677	25.0	45.0	30.0
15713	30.0	45.0	30.0
15749	15.0	40.0	40.0
15785	5.0	30.0	20.0
15821	5.0	20.0	15.0
15857	10.0	15.0	20.0
15893	5.0	40.0	20.0
15929	20.0	35.0	15.0
15965	40.0	20.0	15.0
16001	40.0	25.0	25.0
16037	55.0	35.0	10.0
16073	65.0	30.0	0.0
16109	40.0	30.0	5.0
16145	40.0	30.0	5.0
16181	45.0	10.0	15.0
16217	25.0	20.0	30.0
16253	10.0	35.0	30.0
16289	30.0	25.0	15.0
16325	50.0	30.0	15.0
16361	50.0	45.0	15.0
16397	30.0	35.0	5.0
16433	45.0	15.0	10.0
16469	30.0	20.0	15.0
16505	50.0	25.0	20.0
16541	50.0	40.0	5.0
16577	25.0	40.0	30.0
16613	30.0	25.0	25.0
16649	55.0	15.0	10.0
16685	60.0	20.0	5.0
16721	40.0	20.0	15.0
16757	40.0	40.0	15.0
16793	25.0	40.0	10.0
16829	40.0	40.0	15.0
16865	50.0	25.0	5.0
16901	30.0	25.0	15.0
16937	50.0	15.0	15.0
16973	50.0	20.0	10.0
17009	40.0	40.0	15.0
17045	35.0	30.0	15.0
17081	30.0	25.0	20.0
17117	40.0	30.0	10.0
17153	40.0	35.0	10.0
17189	60.0	25.0	0.0
17225	60.0	25.0	5.0
17261	55.0	45.0	10.0
17297	35.0	40.0	20.0
17333	35.0	30.0	25.0
17369	40.0	20.0	10.0
17405	50.0	25.0	10.0
17441	50.0	35.0	5.0
17477	60.0	25.0	20.0
17513	55.0	20.0	15.0
17549	50.0	25.0	5.0
17585	45.0	45.0	5.0
17621	45.0	30.0	15.0
17657	40.0	35.0	10.0
17693	45.0	30.0	5.0
17729	35.0	30.0	15.0
17765	40.0	30.0	20.0
17801	45.0	30.0	20.0
17837	40.0	35.0	15.0
17873	30.0	40.0	5.0
17909	35.0	25.0	15.0
17945	35.0	55.0	10.0
17981	50.0	40.0	10.0
18017	30.0	20.0	20.0
18053	35.0	25.0	5.0
18089	35.0	45.0	0.0
18125	30.0	25.0	15.0
18161	55.0	20.0	10.0
18197	55.0	15.0	5.0
18233	30.0	10.0	20.0
18269	35.0	20.0	55.0
18305	40.0	10.0	50.0
18341	20.0	15.0	40.0
18377	30.0	20.0	30.0
18413	35.0	15.0	35.0
18449	30.0	15.0	40.0
18485	45.0	5.0	40.0
18521	35.0	10.0	30.0
18557	25.0	20.0	25.0
18593	15.0	20.0	20.0
18629	20.0	5.0	35.0
18665	45.0	5.0	40.0
18701	35.0	15.0	40.0
18737	30.0	30.0	50.0
18773	30.0	30.0	60.0
18809	25.0	10.0	45.0
18845	30.0	0.0	30.0
18881	40.0	5.0	45.0
18917	55.0	15.0	50.0
18953	40.0	30.0	35.0
18989	30.0	25.0	40.0
19025	35.0	15.0	55.0
19061	20.0	15.0	65.0
19097	5.0	10.0	45.0
19133	20.0	20.0	35.0
19169	35.0	10.0	45.0
19205	30.0	5.0	45.0
19241	30.0	5.0	40.0
19277	35.0	15.0	50.0
19313	25.0	20.0	60.0
19349	35.0	20.0	50.0
19385	35.0	15.0	40.0
19421	35.0	5.0	35.0
19457	35.0	15.0	40.0
19493	35.0	20.0	50.0
19529	30.0	20.0	50.0
19565	20.0	25.0	35.0
19601	20.0	10.0	15.0
19637	30.0	25.0	5.0
19673	25.0	45.0	5.0
19709	30.0	40.0	0.0
19745	40.0	15.0	10.0
19781	35.0	40.0	10.0
19817	20.0	45.0	5.0
19853	30.0	10.0	5.0
19889	40.0	10.0	10.0
19925	25.0	20.0	20.0
19961	25.0	35.0	10.0
19997	20.0	30.0	0.0
20033	25.0	15.0	0.0
20069	25.0	35.0	0.0
20105	30.0	50.0	5.0
20141	5.0	40.0	15.0
20177	25.0	25.0	20.0
20213	30.0	25.0	35.0
20249	25.0	60.0	50.0
20285	25.0	35.0	60.0
20321	25.0	30.0	40.0
20357	35.0	45.0	40.0
20393	40.0	15.0	40.0
20429	25.0	5.0	45.0
20465	25.0	20.0	30.0
20501	30.0	30.0	45.0
20537	25.0	15.0	50.0
20573	20.0	5.0	35.0
20609	25.0	15.0	30.0
20645	5.0	45.0	50.0
20681	25.0	15.0	50.0
20717	30.0	0.0	40.0
20753	25.0	20.0	45.0
20789	35.0	40.0	35.0
20825	35.0	25.0	40.0
20861	35.0	10.0	50.0
20897	20.0	20.0	45.0
20933	40.0	30.0	30.0
20969	40.0	15.0	50.0
21005	25.0	15.0	55.0
21041	35.0	15.0	45.0
21077	45.0	5.0	55.0
21113	20.0	15.0	45.0
21149	20.0	15.0	40.0
21185	35.0	15.0	60.0
21221	50.0	10.0	60.0
21257	35.0	15.0	60.0
21293	20.0	15.0	45.0
21329	30.0	15.0	50.0
21365	40.0	5.0	40.0
21401	45.0	5.0	35.0
21437	45.0	20.0	55.0
21473	35.0	25.0	45.0
21509	25.0	10.0	45.0
21545	25.0	0.0	35.0
21581	25.0	0.0	25.0
21617	25.0	10.0	20.0
21653	40.0	20.0	45.0
21689	40.0	25.0	35.0
21725	55.0	15.0	40.0
21761	35.0	40.0	55.0
21797	15.0	30.0	50.0
21833	30.0	5.0	80.0
21869	35.0	15.0	65.0
21905	50.0	15.0	55.0
21941	50.0	20.0	55.0
21977	40.0	25.0	65.0
22013	20.0	45.0	55.0
22049	45.0	20.0	70.0
22085	40.0	10.0	70.0
22121	10.0	25.0	70.0
22157	30.0	30.0	45.0
22193	50.0	10.0	40.0
22229	40.0	25.0	45.0
22265	30.0	45.0	40.0
22301	20.0	40.0	45.0
22337	25.0	25.0	50.0
22373	20.0	30.0	60.0
22409	35.0	20.0	50.0
22445	40.0	40.0	10.0
22481	25.0	25.0	20.0
22517	35.0	20.0	25.0
22553	30.0	40.0	20.0
22589	20.0	35.0	10.0
22625	45.0	25.0	10.0
22661	55.0	45.0	5.0
22697	40.0	60.0	10.0
22733	45.0	35.0	15.0
22769	50.0	40.0	15.0
22805	50.0	40.0	5.0
22841	40.0	40.0	5.0
22877	45.0	35.0	20.0
22913	55.0	30.0	15.0
22949	65.0	45.0	15.0
22985	60.0	25.0	15.0
23021	50.0	10.0	25.0
23057	70.0	10.0	10.0
23093	80.0	10.0	0.0
23129	60.0	25.0	20.0
23165	50.0	30.0	25.0
23201	50.0	40.0	10.0
23237	45.0	35.0	20.0
23273	50.0	50.0	25.0
23309	60.0	45.0	15.0
23345	50.0	30.0	20.0
23381	45.0	25.0	25.0
23417	40.0	25.0	25.0
23453	50.0	50.0	25.0
23489	80.0	75.0	10.0
23525	75.0	65.0	15.0
23561	70.0	55.0	10.0
23597	55.0	35.0	20.0
23633	30.0	40.0	15.0
23669	35.0	35.0	15.0
23705	50.0	30.0	5.0
23741	35.0	35.0	15.0
23777	35.0	40.0	5.0
23813	60.0	50.0	5.0
23849	55.0	35.0	20.0
23885	55.0	35.0	20.0
23921	50.0	30.0	5.0
23957	30.0	20.0	5.0
23993	20.0	25.0	5.0
24029	45.0	20.0	5.0
24065	55.0	20.0	20.0
24101	45.0	35.0	20.0
24137	40.0	45.0	20.0
24173	45.0	35.0	20.0
24209	55.0	30.0	5.0
24245	45.0	45.0	0.0
24281	50.0	30.0	0.0
24317	45.0	25.0	10.0
24353	40.0	45.0	10.0
24389	45.0	40.0	0.0
24425	30.0	20.0	10.0
24461	35.0	35.0	30.0
24497	50.0	35.0	30.0
24533	40.0	20.0	0.0
24569	45.0	15.0	0.0
24605	45.0	15.0	15.0
24641	40.0	35.0	30.0
24677	35.0	30.0	15.0
24713	45.0	30.0	0.0
24749	55.0	25.0	10.0
24785	35.0	15.0	15.0
24821	35.0	30.0	10.0
24857	15.0	45.0	25.0
24893	10.0	30.0	25.0
24929	10.0	45.0	20.0
24965	10.0	55.0	20.0
25001	15.0	50.0	35.0
25037	5.0	65.0	20.0
25073	5.0	60.0	5.0
25109	5.0	45.0	20.0
25145	10.0	45.0	40.0
25181	15.0	50.0	40.0
25217	10.0	30.0	30.0
25253	5.0	40.0	35.0
25289	30.0	35.0	20.0
25325	45.0	25.0	20.0
25361	55.0	15.0	15.0
25397	40.0	20.0	15.0
25433	35.0	40.0	15.0
25469	40.0	45.0	10.0
25505	55.0	20.0	0.0
25541	45.0	20.0	15.0
25577	30.0	25.0	25.0
25613	45.0	30.0	10.0
25649	30.0	45.0	0.0
25685	55.0	45.0	0.0
25721	40.0	25.0	5.0
25757	40.0	25.0	30.0
25793	40.0	25.0	50.0
25829	20.0	10.0	50.0
25865	40.0	5.0	50.0
25901	25.0	20.0	50.0
25937	25.0	5.0	60.0
25973	30.0	10.0	55.0
26009	35.0	15.0	35.0
26045	35.0	25.0	45.0
26081	30.0	20.0	55.0
26117	45.0	10.0	40.0
26153	50.0	5.0	45.0
26189	30.0	5.0	50.0
26225	35.0	10.0	50.0
26261	15.0	25.0	35.0
26297	20.0	10.0	65.0
26333	30.0	15.0	50.0
26369	35.0	15.0	35.0
26405	30.0	5.0	50.0
26441	25.0	5.0	50.0
26477	40.0	15.0	35.0
26513	30.0	10.0	35.0
26549	40.0	0.0	50.0
26585	40.0	15.0	45.0
26621	30.0	10.0	65.0
26657	40.0	5.0	45.0
26693	35.0	10.0	25.0
26729	40.0	0.0	40.0
26765	20.0	10.0	35.0
26801	20.0	5.0	50.0
26837	30.0	5.0	45.0
26873	45.0	15.0	50.0
26909	35.0	10.0	60.0
26945	15.0	10.0	30.0
26981	20.0	15.0	35.0
27017	30.0	15.0	35.0
27053	35.0	10.0	30.0
27089	30.0	0.0	45.0
27125	45.0	0.0	45.0
27161	45.0	5.0	30.0
27197	15.0	15.0	30.0
27233	15.0	15.0	35.0
27269	25.0	15.0	55.0
27305	20.0	15.0	45.0
27341	45.0	15.0	50.0
27377	30.0	35.0	55.0
27413	15.0	55.0	50.0
27449	25.0	35.0	50.0
27485	30.0	55.0	30.0
27521	25.0	40.0	20.0
27557	40.0	10.0	40.0
27593	25.0	10.0	40.0
27629	25.0	15.0	15.0
27665	25.0	15.0	0.0
27701	15.0	15.0	20.0
27737	10.0	35.0	40.0
27773	15.0	40.0	25.0
27809	5.0	35.0	40.0
27845	10.0	40.0	25.0
27881	10.0	30.0	15.0
27917	10.0	30.0	30.0
27953	15.0	35.0	35.0
27989	15.0	40.0	45.0
28025	15.0	35.0	35.0
28061	10.0	50.0	10.0
28097	5.0	50.0	10.0
28133	10.0	35.0	20.0
28169	5.0	35.0	25.0
28205	10.0	40.0	35.0
28241	15.0	30.0	25.0
28277	15.0	30.0	20.0
28313	10.0	35.0	35.0
28349	0.0	30.0	25.0
28385	10.0	30.0	20.0
28421	15.0	35.0	30.0
28457	5.0	45.0	35.0
28493	10.0	50.0	25.0
28529	5.0	35.0	30.0
28565	5.0	40.0	50.0
28601	15.0	55.0	35.0
28637	10.0	45.0	35.0
28673	5.0	50.0	40.0
28709	10.0	45.0	50.0
28745	15.0	30.0	40.0
28781	10.0	45.0	25.0
28817	0.0	40.0	40.0
28853	0.0	35.0	55.0
28889	0.0	40.0	45.0
28925	10.0	35.0	15.0
28961	30.0	40.0	15.0
28997	5.0	35.0	25.0
29033	0.0	35.0	50.0
29069	5.0	40.0	40.0
29105	15.0	45.0	25.0
29141	10.0	40.0	10.0
29177	25.0	35.0	15.0
29213	65.0	25.0	0.0
29249	50.0	35.0	0.0
29285	35.0	45.0	0.0
29321	30.0	35.0	5.0
29357	30.0	25.0	25.0
29393	25.0	50.0	30.0
29429	15.0	30.0	10.0
29465	20.0	60.0	25.0
29501	20.0	55.0	35.0
29537	10.0	45.0	30.0
29573	15.0	45.0	35.0
29609	25.0	30.0	25.0
29645	20.0	20.0	45.0
29681	20.0	25.0	40.0
29717	25.0	10.0	20.0
29753	35.0	20.0	25.0
29789	30.0	20.0	45.0
29825	35.0	10.0	35.0
29861	20.0	0.0	45.0
29897	25.0	5.0	40.0
29933	60.0	45.0	15.0
29969	50.0	55.0	0.0
30005	40.0	25.0	15.0
30041	40.0	20.0	15.0
30077	15.0	25.0	5.0
30113	35.0	15.0	5.0
30149	55.0	30.0	5.0
30185	60.0	35.0	15.0
30221	25.0	35.0	15.0
30257	30.0	35.0	0.0
30293	45.0	45.0	10.0
30329	40.0	35.0	10.0
30365	50.0	20.0	10.0
30401	55.0	20.0	5.0
30437	55.0	30.0	10.0
30473	60.0	30.0	10.0
30509	45.0	45.0	10.0
30545	40.0	40.0	15.0
30581	35.0	35.0	10.0
30617	40.0	35.0	0.0
30653	50.0	60.0	5.0
30689	45.0	35.0	10.0
30725	55.0	20.0	5.0
30761	45.0	40.0	0.0
30797	45.0	25.0	10.0
30833	40.0	15.0	5.0
30869	30.0	35.0	0.0
30905	30.0	40.0	5.0
30941	15.0	45.0	5.0
30977	10.0	40.0	5.0
31013	15.0	20.0	25.0
31049	40.0	10.0	15.0
31085	30.0	15.0	40.0
31121	40.0	10.0	50.0
31157	50.0	20.0	40.0
31193	35.0	10.0	50.0
31229	25.0	0.0	45.0
31265	50.0	5.0	35.0
31301	45.0	10.0	20.0
31337	15.0	25.0	25.0
31373	5.0	70.0	15.0
31409	15.0	75.0	25.0
31445	15.0	45.0	20.0
31481	15.0	50.0	20.0
31517	25.0	40.0	25.0
31553	30.0	40.0	30.0
31589	10.0	55.0	25.0
31625	0.0	30.0	45.0
31661	0.0	45.0	30.0
31697	0.0	55.0	15.0
31733	0.0	50.0	30.0
31769	0.0	40.0	35.0
31805	10.0	45.0	40.0
31841	20.0	65.0	40.0
31877	20.0	50.0	40.0
31913	15.0	45.0	30.0
31949	5.0	45.0	30.0
31985	10.0	50.0	35.0
32021	5.0	40.0	20.0
32057	0.0	50.0	15.0
32093	5.0	20.0	15.0
32129	10.0	10.0	40.0
32165	25.0	10.0	35.0
32201	35.0	5.0	35.0
32237	30.0	10.0	35.0
32273	30.0	15.0	40.0
32309	40.0	5.0	45.0
32345	30.0	5.0	45.0
32381	35.0	20.0	50.0
32417	55.0	20.0	50.0
32453	35.0	5.0	60.0
32489	40.0	5.0	40.0
32525	50.0	0.0	60.0
32561	30.0	10.0	50.0
32597	40.0	10.0	35.0
32633	45.0	20.0	40.0
32669	35.0	10.0	40.0
32705	25.0	0.0	55.0
32741	40.0	10.0	45.0
32777	40.0	15.0	30.0
32813	40.0	5.0	30.0
32849	35.0	0.0	45.0
32885	25.0	10.0	50.0
32921	10.0	15.0	45.0
32957	10.0	15.0	45.0
32993	5.0	30.0	40.0
33029	10.0	10.0	40.0
33065	35.0	10.0	40.0
33101	25.0	10.0	35.0
33137	40.0	0.0	60.0
33173	40.0	10.0	40.0
33209	35.0	5.0	40.0
33245	30.0	5.0	65.0
33281	35.0	15.0	45.0
33317	25.0	15.0	25.0
33353	10.0	5.0	25.0
33389	15.0	10.0	20.0
33425	25.0	5.0	25.0
33461	20.0	10.0	25.0
33497	15.0	10.0	20.0
33533	20.0	0.0	15.0
33569	45.0	20.0	10.0
33605	55.0	45.0	15.0
33641	55.0	30.0	15.0
33677	50.0	30.0	20.0
33713	55.0	35.0	10.0
33749	35.0	45.0	15.0
33785	45.0	45.0	10.0
33821	40.0	50.0	15.0
33857	25.0	55.0	15.0
33893	35.0	45.0	5.0
33929	35.0	40.0	0.0
33965	40.0	30.0	15.0
34001	50.0	25.0	20.0
34037	70.0	45.0	15.0
34073	40.0	50.0	20.0
34109	15.0	30.0	40.0
34145	20.0	40.0	25.0
34181	15.0	40.0	15.0
34217	5.0	50.0	30.0
34253	10.0	45.0	45.0
34289	25.0	30.0	20.0
34325	30.0	15.0	15.0
34361	10.0	35.0	45.0
34397	5.0	40.0	25.0
34433	5.0	30.0	10.0
34469	5.0	15.0	25.0
34505	10.0	20.0	30.0
34541	15.0	15.0	20.0
34577	35.0	25.0	5.0
34613	50.0	20.0	5.0
34649	45.0	30.0	0.0
34685	40.0	15.0	0.0
34721	35.0	30.0	5.0
34757	30.0	40.0	5.0
34793	25.0	25.0	0.0
34829	35.0	35.0	20.0
34865	40.0	30.0	15.0
34901	35.0	35.0	0.0
34937	45.0	50.0	30.0
34973	50.0	40.0	45.0
35009	60.0	40.0	20.0
35045	55.0	50.0	20.0
35081	40.0	40.0	50.0
35117	45.0	10.0	55.0
35153	45.0	5.0	15.0
35189	30.0	10.0	5.0
35225	20.0	10.0	10.0
35261	15.0	10.0	15.0
35297	25.0	10.0	30.0
35333	15.0	15.0	45.0
35369	35.0	20.0	55.0
35405	70.0	10.0	60.0
35441	65.0	15.0	50.0
35477	30.0	5.0	40.0
35513	25.0	0.0	40.0
35549	30.0	5.0	35.0
35585	35.0	25.0	35.0
35621	15.0	40.0	30.0
35657	15.0	25.0	25.0
35693	10.0	50.0	30.0
35729	5.0	45.0	30.0
35765	20.0	25.0	45.0
35801	15.0	20.0	40.0
35837	5.0	35.0	55.0
35873	5.0	40.0	45.0
35909	0.0	40.0	20.0
35945	5.0	35.0	25.0
35981	10.0	30.0	25.0
36017	10.0	30.0	10.0
36053	15.0	55.0	10.0
36089	20.0	40.0	10.0
36125	20.0	35.0	10.0
36161	40.0	30.0	20.0
36197	15.0	45.0	25.0
36233	25.0	50.0	20.0
36269	40.0	35.0	15.0
36305	40.0	40.0	5.0
36341	40.0	50.0	10.0
36377	35.0	55.0	15.0
36413	35.0	50.0	20.0
36449	45.0	40.0	20.0
36485	35.0	65.0	10.0
36521	30.0	65.0	10.0
36557	50.0	65.0	5.0
36593	30.0	60.0	10.0
36629	20.0	40.0	10.0
36665	30.0	45.0	10.0
36701	30.0	55.0	10.0
36737	25.0	45.0	15.0
36773	30.0	40.0	10.0
36809	45.0	50.0	10.0
36845	30.0	60.0	25.0
36881	35.0	50.0	20.0
36917	35.0	45.0	10.0
36953	20.0	55.0	5.0
36989	45.0	40.0	10.0
37025	35.0	50.0	5.0
37061	25.0	55.0	5.0
37097	20.0	50.0	25.0
37133	20.0	40.0	25.0
37169	30.0	45.0	10.0
37205	25.0	30.0	15.0
37241	30.0	35.0	20.0
37277	30.0	50.0	15.0
37313	35.0	40.0	10.0
37349	35.0	40.0	20.0
37385	40.0	40.0	25.0
37421	20.0	50.0	15.0
37457	35.0	55.0	15.0
37493	25.0	50.0	15.0
37529	15.0	35.0	5.0
37565	20.0	35.0	25.0
37601	25.0	40.0	25.0
37637	30.0	55.0	20.0
37673	30.0	55.0	15.0
37709	45.0	50.0	10.0
37745	45.0	65.0	5.0
37781	25.0	50.0	10.0
37817	25.0	45.0	20.0
37853	40.0	50.0	15.0
37889	35.0	35.0	5.0
37925	40.0	40.0	15.0
37961	40.0	50.0	20.0
37997	35.0	45.0	10.0
38033	25.0	50.0	0.0
38069	20.0	45.0	20.0
38105	30.0	55.0	20.0
38141	40.0	70.0	5.0
38177	40.0	55.0	10.0
38213	25.0	40.0	15.0
38249	35.0	35.0	15.0
38285	40.0	30.0	20.0
38321	30.0	45.0	15.0
38357	40.0	50.0	5.0
38393	25.0	60.0	0.0
38429	5.0	45.0	15.0
38465	25.0	15.0	15.0
38501	35.0	40.0	5.0
38537	40.0	35.0	10.0
38573	40.0	35.0	25.0
38609	30.0	55.0	20.0
38645	20.0	55.0	15.0
38681	15.0	40.0	35.0
38717	20.0	35.0	25.0
38753	25.0	55.0	10.0
38789	30.0	65.0	5.0
38825	20.0	60.0	15.0
38861	25.0	50.0	10.0
38897	25.0	30.0	15.0
38933	40.0	35.0	20.0
38969	40.0	30.0	20.0
39005	40.0	40.0	5.0
39041	40.0	40.0	10.0
39077	40.0	45.0	10.0
39113	40.0	55.0	10.0
39149	45.0	55.0	10.0
39185	25.0	60.0	15.0
39221	30.0	55.0	20.0
39257	35.0	45.0	5.0
39293	30.0	45.0	10.0
39329	25.0	45.0	20.0
39365	20.0	45.0	10.0
39401	10.0	50.0	10.0
39437	15.0	60.0	10.0
39473	30.0	60.0	10.0
39509	40.0	60.0	5.0
39545	15.0	55.0	0.0
39581	15.0	50.0	5.0
39617	10.0	55.0	15.0
39653	25.0	25.0	10.0
39689	45.0	50.0	5.0
39725	25.0	60.0	10.0
39761	25.0	65.0	5.0
39797	30.0	55.0	5.0
39833	40.0	55.0	5.0
39869	40.0	30.0	5.0
39905	20.0	25.0	15.0
39941	20.0	45.0	15.0
39977	45.0	65.0	5.0
40013	45.0	65.0	0.0
40049	35.0	45.0	0.0
40085	30.0	30.0	5.0
40121	25.0	45.0	10.0
40157	20.0	35.0	0.0
40193	20.0	35.0	10.0
40229	40.0	40.0	15.0
40265	30.0	40.0	10.0
40301	35.0	45.0	10.0
40337	45.0	60.0	10.0
40373	35.0	50.0	10.0
40409	25.0	50.0	5.0
40445	15.0	40.0	15.0
40481	35.0	35.0	10.0
40517	35.0	40.0	0.0
40553	10.0	35.0	5.0
40589	20.0	25.0	15.0
40625	20.0	40.0	5.0
40661	20.0	40.0	10.0
40697	25.0	40.0	5.0
40733	25.0	40.0	5.0
40769	40.0	45.0	0.0
40805	40.0	55.0	0.0
40841	35.0	65.0	10.0
40877	45.0	55.0	20.0
40913	40.0	40.0	15.0
40949	25.0	10.0	20.0
40985	30.0	35.0	10.0
41021	35.0	35.0	10.0
41057	35.0	30.0	5.0
41093	30.0	50.0	15.0
41129	30.0	50.0	30.0
41165	30.0	40.0	20.0
41201	35.0	45.0	0.0
41237	25.0	40.0	10.0
41273	40.0	40.0	5.0
41309	50.0	55.0	0.0
41345	25.0	45.0	5.0
41381	25.0	55.0	0.0
41417	40.0	45.0	5.0
41453	55.0	35.0	35.0
41489	45.0	45.0	35.0
41525	25.0	30.0	25.0
41561	45.0	35.0	20.0
41597	35.0	20.0	15.0
41633	40.0	20.0	10.0
41669	20.0	60.0	5.0
41705	40.0	50.0	10.0
41741	30.0	55.0	5.0
41777	25.0	30.0	10.0
41813	45.0	40.0	10.0
41849	30.0	55.0	0.0
41885	25.0	45.0	5.0
41921	20.0	40.0	10.0
41957	45.0	40.0	5.0
41993	35.0	40.0	5.0
42029	25.0	40.0	5.0
42065	40.0	50.0	10.0
42101	30.0	45.0	20.0
42137	25.0	40.0	10.0
42173	45.0	45.0	0.0
42209	20.0	25.0	10.0
42245	40.0	25.0	10.0
42281	35.0	40.0	20.0
42317	20.0	45.0	20.0
42353	25.0	35.0	15.0
42389	50.0	25.0	5.0
42425	40.0	35.0	5.0
42461	25.0	45.0	10.0
42497	20.0	60.0	10.0
42533	40.0	55.0	5.0
42569	30.0	50.0	15.0
42605	5.0	40.0	15.0
42641	30.0	55.0	5.0
42677	25.0	45.0	5.0
42713	15.0	45.0	5.0
42749	20.0	45.0	5.0
42785	25.0	60.0	10.0
42821	35.0	60.0	5.0
42857	45.0	35.0	0.0
42893	40.0	50.0	0.0
42929	35.0	55.0	0.0
42965	10.0	25.0	10.0
43001	25.0	45.0	10.0
43037	45.0	60.0	15.0
43073	30.0	40.0	15.0
43109	25.0	65.0	15.0
43145	45.0	50.0	15.0
43181	45.0	25.0	15.0
43217	30.0	25.0	10.0
43253	20.0	60.0	15.0
43289	40.0	50.0	40.0
43325	40.0	45.0	35.0
43361	40.0	25.0	50.0
43397	45.0	35.0	45.0
43433	40.0	55.0	30.0
43469	30.0	40.0	15.0
43505	40.0	40.0	5.0
43541	30.0	40.0	15.0
43577	30.0	50.0	30.0
43613	30.0	50.0	15.0
43649	35.0	55.0	10.0
43685	25.0	60.0	15.0
43721	35.0	70.0	10.0
43757	30.0	60.0	0.0
43793	15.0	50.0	0.0
43829	30.0	70.0	15.0
43865	40.0	70.0	30.0
43901	50.0	65.0	20.0
43937	25.0	55.0	5.0
43973	20.0	50.0	15.0
44009	30.0	45.0	20.0
44045	40.0	50.0	5.0
44081	35.0	55.0	10.0
44117	35.0	55.0	10.0
44153	45.0	45.0	5.0
44189	35.0	50.0	0.0
44225	30.0	45.0	10.0
44261	30.0	40.0	30.0
44297	30.0	55.0	10.0
44333	45.0	60.0	0.0
44369	50.0	50.0	10.0
44405	55.0	45.0	10.0
44441	35.0	40.0	0.0
44477	35.0	40.0	10.0
44513	35.0	30.0	20.0
44549	50.0	40.0	10.0
44585	35.0	45.0	15.0
44621	30.0	50.0	10.0
44657	30.0	45.0	10.0
44693	15.0	35.0	10.0
44729	15.0	30.0	15.0
44765	25.0	35.0	20.0
44801	15.0	65.0	25.0
44837	30.0	45.0	20.0
44873	35.0	45.0	15.0
44909	25.0	50.0	15.0
44945	40.0	25.0	30.0
44981	35.0	35.0	30.0
45017	25.0	45.0	30.0
45053	25.0	50.0	20.0
45089	20.0	50.0	10.0
45125	15.0	40.0	10.0
45161	20.0	55.0	5.0
45197	25.0	50.0	0.0
45233	30.0	50.0	0.0
45269	50.0	45.0	0.0
45305	45.0	45.0	10.0
45341	20.0	55.0	15.0
45377	25.0	45.0	5.0
45413	30.0	20.0	5.0
45449	30.0	35.0	10.0
45485	25.0	60.0	0.0
45521	30.0	55.0	0.0
45557	25.0	40.0	10.0
45593	20.0	30.0	20.0
45629	15.0	25.0	10.0
45665	35.0	55.0	0.0
45701	30.0	55.0	10.0
45737	20.0	40.0	15.0
45773	25.0	50.0	5.0
45809	30.0	60.0	5.0
45845	40.0	65.0	5.0
45881	50.0	60.0	25.0
45917	45.0	60.0	30.0
45953	25.0	45.0	10.0
45989	10.0	30.0	10.0
46025	10.0	30.0	25.0
46061	30.0	25.0	20.0
46097	35.0	45.0	0.0
46133	35.0	55.0	0.0
46169	40.0	55.0	0.0
46205	30.0	65.0	5.0
46241	20.0	60.0	10.0
46277	25.0	25.0	10.0
46313	35.0	25.0	10.0
46349	50.0	35.0	15.0
46385	35.0	40.0	10.0
46421	25.0	45.0	15.0
46457	45.0	30.0	15.0
46493	30.0	25.0	15.0
46529	25.0	35.0	15.0
46565	40.0	45.0	10.0
46601	25.0	40.0	10.0
46637	20.0	35.0	0.0
46673	30.0	45.0	5.0
46709	35.0	50.0	10.0
46745	20.0	40.0	5.0
46781	15.0	45.0	0.0
46817	35.0	45.0	15.0
46853	40.0	45.0	15.0
46889	25.0	60.0	0.0
46925	35.0	55.0	15.0
46961	30.0	35.0	10.0
46997	25.0	30.0	15.0
47033	30.0	30.0	10.0
47069	25.0	30.0	15.0
47105	20.0	25.0	10.0
47141	10.0	25.0	15.0
47177	30.0	40.0	5.0
47213	30.0	30.0	5.0
47249	30.0	55.0	0.0
47285	15.0	50.0	15.0
47321	40.0	45.0	25.0
47357	45.0	45.0	0.0
47393	25.0	45.0	5.0
47429	25.0	25.0	15.0
47465	40.0	35.0	10.0
47501	45.0	40.0	5.0
47537	35.0	50.0	10.0
47573	30.0	35.0	5.0
47609	45.0	40.0	10.0
47645	50.0	35.0	5.0
47681	35.0	30.0	10.0
47717	25.0	45.0	10.0
47753	40.0	70.0	15.0
47789	25.0	75.0	15.0
47825	25.0	55.0	15.0
47861	35.0	35.0	5.0
47897	25.0	40.0	15.0
47933	30.0	40.0	10.0
47969	20.0	45.0	5.0
48005	10.0	45.0	15.0
48041	30.0	55.0	5.0
48077	35.0	45.0	10.0
48113	35.0	40.0	0.0
48149	40.0	30.0	0.0
48185	20.0	40.0	10.0
48221	25.0	30.0	20.0
48257	25.0	30.0	35.0
48293	30.0	30.0	40.0
48329	35.0	25.0	25.0
48365	30.0	15.0	20.0
48401	30.0	10.0	25.0
48437	20.0	10.0	10.0
48473	30.0	10.0	35.0
48509	40.0	30.0	35.0
48545	30.0	35.0	35.0
48581	50.0	45.0	40.0
48617	50.0	55.0	35.0
48653	25.0	25.0	50.0
48689	40.0	5.0	30.0
48725	60.0	15.0	30.0
48761	60.0	5.0	10.0
48797	45.0	10.0	25.0
48833	30.0	10.0	40.0
48869	40.0	5.0	30.0
48905	30.0	10.0	20.0
48941	20.0	15.0	50.0
48977	40.0	30.0	55.0
49013	55.0	20.0	30.0
49049	40.0	10.0	20.0
49085	35.0	15.0	20.0
49121	25.0	10.0	20.0
49157	40.0	0.0	20.0
49193	55.0	5.0	10.0
49229	45.0	10.0	30.0
49265	50.0	0.0	50.0
49301	35.0	25.0	40.0
49337	10.0	45.0	35.0
49373	0.0	45.0	40.0
49409	0.0	60.0	55.0
49445	15.0	55.0	60.0
49481	25.0	25.0	40.0
49517	5.0	30.0	25.0
49553	5.0	30.0	30.0
49589	0.0	40.0	35.0
49625	0.0	40.0	30.0
49661	5.0	35.0	20.0
49697	15.0	35.0	30.0
49733	5.0	40.0	35.0
49769	0.0	30.0	35.0
49805	15.0	30.0	25.0
49841	15.0	60.0	40.0
49877	10.0	60.0	30.0
49913	5.0	35.0	30.0
49949	5.0	40.0	35.0
49985	5.0	55.0	50.0
50021	15.0	40.0	45.0
50057	20.0	25.0	25.0
50093	5.0	35.0	35.0
50129	0.0	35.0	50.0
50165	5.0	35.0	35.0
50201	5.0	50.0	25.0
50237	5.0	35.0	40.0
50273	0.0	30.0	45.0
50309	0.0	35.0	50.0
50345	5.0	30.0	25.0
50381	5.0	35.0	25.0
50417	15.0	35.0	35.0
50453	20.0	50.0	30.0
50489	15.0	40.0	15.0
50525	15.0	25.0	25.0
50561	15.0	35.0	50.0
50597	15.0	35.0	35.0
50633	15.0	25.0	40.0
50669	10.0	40.0	40.0
50705	10.0	35.0	30.0
50741	5.0	30.0	35.0
50777	5.0	35.0	20.0
50813	15.0	20.0	40.0
50849	15.0	20.0	45.0
50885	10.0	25.0	25.0
50921	15.0	30.0	35.0
50957	0.0	40.0	55.0
50993	0.0	40.0	60.0
51029	5.0	15.0	60.0
51065	20.0	20.0	30.0
51101	15.0	25.0	50.0
51137	0.0	50.0	45.0
51173	5.0	45.0	35.0
51209	10.0	35.0	40.0
51245	5.0	25.0	45.0
51281	20.0	15.0	40.0
51317	25.0	15.0	30.0
51353	10.0	20.0	35.0
51389	0.0	35.0	40.0
51425	0.0	25.0	45.0
51461	0.0	40.0	55.0
51497	0.0	45.0	70.0
51533	5.0	45.0	55.0
51569	10.0	40.0	55.0
51605	5.0	35.0	55.0
51641	15.0	40.0	35.0
51677	15.0	40.0	25.0
51713	5.0	30.0	20.0
51749	0.0	20.0	30.0
51785	5.0	20.0	55.0
51821	5.0	15.0	55.0
51857	0.0	40.0	60.0
51893	0.0	65.0	55.0
51929	15.0	45.0	60.0
51965	5.0	35.0	50.0
52001	5.0	35.0	40.0
52037	5.0	40.0	50.0
52073	5.0	30.0	55.0
52109	0.0	40.0	50.0
52145	5.0	35.0	55.0
52181	10.0	30.0	45.0
52217	5.0	30.0	40.0
52253	5.0	35.0	45.0
52289	20.0	15.0	60.0
52325	20.0	20.0	40.0
52361	15.0	25.0	20.0
52397	5.0	20.0	45.0
52433	0.0	35.0	45.0
52469	5.0	25.0	45.0
52505	15.0	25.0	50.0
52541	15.0	40.0	40.0
52577	5.0	35.0	40.0
52613	5.0	40.0	50.0
52649	15.0	25.0	60.0
52685	10.0	25.0	40.0
52721	10.0	25.0	50.0
52757	15.0	20.0	50.0
52793	10.0	20.0	60.0
52829	10.0	35.0	40.0
52865	5.0	40.0	60.0
52901	10.0	35.0	55.0
52937	5.0	20.0	55.0
52973	0.0	45.0	45.0
53009	5.0	40.0	50.0
53045	5.0	25.0	65.0
53081	5.0	30.0	55.0
53117	0.0	30.0	55.0
53153	10.0	40.0	60.0
53189	20.0	35.0	35.0
53225	20.0	45.0	40.0
53261	5.0	40.0	60.0
53297	15.0	30.0	55.0
53333	10.0	30.0	40.0
53369	5.0	30.0	55.0
53405	5.0	25.0	65.0
53441	0.0	40.0	60.0
53477	10.0	50.0	60.0
53513	35.0	70.0	50.0
53549	30.0	65.0	45.0
53585	10.0	60.0	50.0
53621	10.0	40.0	50.0
53657	5.0	30.0	55.0
53693	0.0	55.0	55.0
53729	0.0	55.0	60.0
53765	5.0	35.0	55.0
53801	15.0	25.0	45.0
53837	0.0	25.0	70.0
53873	15.0	50.0	60.0
53909	15.0	50.0	35.0
53945	5.0	30.0	40.0
53981	5.0	40.0	40.0
54017	5.0	65.0	40.0
54053	10.0	60.0	30.0
54089	20.0	50.0	25.0
54125	25.0	35.0	50.0
54161	15.0	40.0	65.0
54197	5.0	50.0	50.0
54233	10.0	40.0	45.0
54269	15.0	50.0	60.0
54305	0.0	50.0	70.0
54341	10.0	45.0	45.0
54377	5.0	30.0	55.0
54413	10.0	35.0	55.0
54449	10.0	45.0	40.0
54485	5.0	45.0	40.0
54521	5.0	35.0	45.0
54557	15.0	55.0	50.0
54593	15.0	45.0	35.0
54629	30.0	15.0	40.0
54665	40.0	10.0	40.0
54701	40.0	15.0	20.0
54737	55.0	10.0	30.0
54773	45.0	5.0	30.0
54809	65.0	0.0	35.0
54845	60.0	0.0	40.0
54881	55.0	5.0	25.0
54917	45.0	10.0	30.0
54953	45.0	15.0	35.0
54989	60.0	10.0	55.0
55025	60.0	10.0	60.0
55061	35.0	15.0	35.0
55097	40.0	15.0	35.0
55133	35.0	5.0	50.0
55169	50.0	5.0	50.0
55205	40.0	25.0	25.0
55241	45.0	15.0	30.0
55277	65.0	0.0	30.0
55313	60.0	10.0	45.0
55349	60.0	15.0	35.0
55385	65.0	20.0	35.0
55421	45.0	15.0	40.0
55457	40.0	15.0	30.0
55493	55.0	15.0	40.0
55529	45.0	0.0	40.0
55565	50.0	0.0	60.0
55601	45.0	0.0	40.0
55637	55.0	5.0	40.0
55673	40.0	10.0	20.0
55709	40.0	5.0	40.0
55745	60.0	10.0	65.0
55781	45.0	10.0	35.0
55817	40.0	10.0	30.0
55853	45.0	0.0	45.0
55889	50.0	0.0	40.0
55925	40.0	5.0	20.0
55961	30.0	35.0	15.0
55997	40.0	25.0	30.0
56033	45.0	20.0	40.0
56069	70.0	10.0	50.0
56105	40.0	5.0	30.0
56141	40.0	10.0	15.0
56177	40.0	0.0	40.0
56213	40.0	0.0	35.0
56249	45.0	0.0	35.0
56285	45.0	0.0	35.0
56321	60.0	0.0	35.0
56357	45.0	0.0	45.0
56393	65.0	5.0	45.0
56429	65.0	5.0	40.0
56465	40.0	5.0	50.0
56501	45.0	15.0	45.0
56537	45.0	20.0	30.0
56573	45.0	5.0	50.0
56609	50.0	15.0	60.0
56645	75.0	10.0	60.0
56681	60.0	10.0	45.0
56717	50.0	5.0	45.0
56753	75.0	10.0	50.0
56789	75.0	10.0	40.0
56825	55.0	0.0	35.0
56861	60.0	5.0	20.0
56897	50.0	10.0	50.0
56933	55.0	10.0	35.0
56969	55.0	10.0	30.0
57005	60.0	10.0	10.0
57041	70.0	5.0	35.0
57077	75.0	0.0	55.0
57113	55.0	5.0	60.0
57149	50.0	15.0	30.0
57185	55.0	10.0	20.0
57221	55.0	10.0	30.0
57257	70.0	10.0	35.0
57293	55.0	5.0	50.0
57329	50.0	10.0	40.0
57365	45.0	25.0	20.0
57401	60.0	40.0	0.0
57437	25.0	35.0	15.0
57473	25.0	35.0	20.0
57509	45.0	50.0	5.0
57545	40.0	45.0	10.0
57581	30.0	45.0	5.0
57617	25.0	45.0	15.0
57653	40.0	45.0	15.0
57689	25.0	50.0	10.0
57725	20.0	45.0	10.0
57761	40.0	65.0	10.0
57797	70.0	60.0	15.0
57833	50.0	50.0	5.0
57869	30.0	45.0	5.0
57905	45.0	55.0	0.0
57941	55.0	55.0	10.0
57977	55.0	40.0	10.0
58013	40.0	55.0	5.0
58049	50.0	35.0	5.0
58085	45.0	30.0	10.0
58121	15.0	35.0	5.0
58157	15.0	25.0	10.0
58193	20.0	35.0	15.0
58229	15.0	40.0	0.0
58265	35.0	45.0	0.0
58301	40.0	40.0	0.0
58337	20.0	15.0	0.0
58373	30.0	20.0	5.0
58409	25.0	30.0	20.0
58445	15.0	45.0	35.0
58481	25.0	45.0	20.0
58517	30.0	45.0	15.0
58553	45.0	25.0	15.0
58589	60.0	20.0	10.0
58625	35.0	25.0	5.0
58661	10.0	30.0	5.0
58697	35.0	50.0	10.0
58733	45.0	40.0	15.0
58769	30.0	40.0	15.0
58805	35.0	75.0	5.0
58841	50.0	65.0	30.0
58877	50.0	60.0	35.0
58913	45.0	55.0	15.0
58949	40.0	55.0	5.0
58985	50.0	50.0	25.0
59021	40.0	45.0	30.0
59057	55.0	35.0	45.0
59093	50.0	45.0	55.0
59129	35.0	45.0	45.0
59165	50.0	50.0	15.0
59201	50.0	50.0	5.0
59237	40.0	55.0	15.0
59273	30.0	45.0	20.0
59309	35.0	50.0	15.0
59345	50.0	50.0	15.0
59381	45.0	35.0	15.0
59417	40.0	40.0	10.0
59453	25.0	45.0	10.0
59489	40.0	50.0	10.0
59525	35.0	75.0	5.0
59561	55.0	60.0	5.0
59597	55.0	50.0	5.0
59633	30.0	30.0	15.0
59669	10.0	35.0	15.0
59705	15.0	35.0	20.0
59741	35.0	25.0	5.0
59777	50.0	30.0	25.0
59813	35.0	35.0	20.0
59849	25.0	45.0	0.0
59885	50.0	35.0	0.0
59921	40.0	40.0	5.0
59957	45.0	40.0	5.0
59993	35.0	25.0	5.0
60029	15.0	30.0	15.0
60065	35.0	30.0	10.0
60101	30.0	60.0	5.0
60137	20.0	45.0	5.0
60173	25.0	15.0	5.0
60209	25.0	20.0	5.0
60245	35.0	15.0	5.0
60281	50.0	35.0	10.0
60317	40.0	60.0	5.0
60353	25.0	35.0	15.0
60389	15.0	30.0	15.0
60425	25.0	30.0	15.0
60461	40.0	35.0	20.0
60497	50.0	55.0	15.0
60533	40.0	70.0	5.0
60569	15.0	60.0	0.0
60605	25.0	40.0	5.0
60641	20.0	45.0	5.0
60677	25.0	35.0	5.0
60713	40.0	45.0	5.0
60749	45.0	45.0	5.0
60785	20.0	50.0	5.0
60821	20.0	45.0	15.0
60857	20.0	25.0	15.0
60893	35.0	40.0	10.0
60929	45.0	60.0	5.0
60965	25.0	50.0	15.0
61001	15.0	30.0	10.0
61037	35.0	40.0	10.0
61073	40.0	35.0	10.0
61109	30.0	35.0	10.0
61145	45.0	40.0	0.0
61181	45.0	45.0	0.0
61217	45.0	35.0	5.0
61253	40.0	25.0	10.0
61289	35.0	20.0	15.0
61325	30.0	20.0	20.0
61361	40.0	25.0	15.0
61397	35.0	50.0	10.0
61433	40.0	50.0	10.0
61469	20.0	40.0	5.0
61505	45.0	40.0	5.0
61541	45.0	35.0	10.0
61577	30.0	30.0	10.0
61613	35.0	15.0	5.0
61649	40.0	25.0	0.0
61685	40.0	60.0	0.0
61721	45.0	55.0	0.0
61757	35.0	30.0	10.0
61793	40.0	30.0	10.0
61829	35.0	15.0	15.0
61865	25.0	35.0	10.0
61901	30.0	30.0	20.0
61937	35.0	30.0	30.0
61973	30.0	45.0	15.0
62009	35.0	45.0	5.0
62045	15.0	40.0	10.0
62081	20.0	20.0	15.0
62117	50.0	40.0	10.0
62153	35.0	45.0	0.0
62189	40.0	30.0	5.0
62225	50.0	50.0	5.0
62261	35.0	55.0	0.0
62297	30.0	35.0	5.0
62333	30.0	40.0	15.0
62369	30.0	40.0	15.0
62405	45.0	20.0	25.0
62441	35.0	30.0	20.0
62477	40.0	45.0	5.0
62513	35.0	40.0	10.0
62549	30.0	50.0	5.0
62585	50.0	50.0	0.0
62621	50.0	45.0	5.0
62657	15.0	40.0	5.0
62693	25.0	40.0	0.0
62729	45.0	45.0	5.0
62765	35.0	50.0	15.0
62801	55.0	50.0	10.0
62837	45.0	40.0	15.0
62873	35.0	45.0	10.0
62909	25.0	70.0	10.0
62945	20.0	40.0	15.0
62981	30.0	40.0	10.0
63017	15.0	25.0	25.0
63053	15.0	30.0	20.0
63089	30.0	45.0	0.0
63125	35.0	35.0	10.0
63161	30.0	45.0	15.0
63197	15.0	35.0	20.0
63233	15.0	35.0	15.0
63269	25.0	35.0	5.0
63305	40.0	35.0	5.0
63341	45.0	35.0	15.0
63377	50.0	20.0	5.0
63413	45.0	20.0	5.0
63449	30.0	15.0	15.0
63485	20.0	40.0	15.0
63521	25.0	35.0	10.0
63557	35.0	30.0	15.0
63593	25.0	30.0	20.0
63629	35.0	50.0	5.0
63665	40.0	55.0	5.0
63701	50.0	55.0	20.0
63737	20.0	35.0	10.0
63773	25.0	45.0	5.0
63809	35.0	40.0	10.0
63845	35.0	55.0	10.0
63881	40.0	60.0	5.0
63917	20.0	70.0	15.0
63953	15.0	45.0	15.0
63989	10.0	40.0	40.0
64025	0.0	35.0	55.0
64061	5.0	35.0	55.0
64097	10.0	35.0	65.0
64133	30.0	40.0	30.0
64169	15.0	35.0	35.0
64205	0.0	35.0	40.0
64241	0.0	30.0	50.0
64277	10.0	20.0	50.0
64313	15.0	30.0	50.0
64349	10.0	35.0	40.0
64385	15.0	40.0	45.0
64421	5.0	50.0	45.0
64457	5.0	45.0	45.0
64493	5.0	45.0	55.0
64529	25.0	50.0	45.0
64565	35.0	25.0	45.0
64601	25.0	35.0	40.0
64637	20.0	35.0	45.0
64673	30.0	25.0	55.0
64709	25.0	15.0	40.0
64745	30.0	10.0	35.0
64781	50.0	10.0	30.0
64817	45.0	10.0	20.0
64853	40.0	20.0	30.0
64889	30.0	20.0	40.0
64925	30.0	15.0	35.0
64961	35.0	25.0	20.0
64997	60.0	10.0	25.0
65033	50.0	20.0	20.0
65069	30.0	40.0	20.0
65105	30.0	20.0	30.0
65141	45.0	5.0	25.0
65177	45.0	5.0	30.0
65213	35.0	5.0	25.0
65249	35.0	15.0	20.0
65285	20.0	15.0	35.0
65321	25.0	10.0	40.0
65357	45.0	15.0	20.0
65393	45.0	20.0	25.0
65429	35.0	15.0	25.0
65465	40.0	15.0	30.0
65501	35.0	20.0	30.0
65537	40.0	20.0	20.0
65573	65.0	20.0	15.0
65609	50.0	30.0	10.0
65645	30.0	25.0	30.0
65681	15.0	20.0	35.0
65717	15.0	25.0	40.0
65753	40.0	15.0	40.0
65789	45.0	15.0	65.0
65825	15.0	25.0	40.0
65861	5.0	40.0	50.0
65897	5.0	30.0	45.0
65933	5.0	30.0	35.0
65969	20.0	35.0	50.0
66005	10.0	25.0	40.0
66041	5.0	40.0	45.0
66077	5.0	50.0	60.0
66113	15.0	45.0	50.0
66149	15.0	40.0	60.0
66185	10.0	25.0	60.0
66221	25.0	30.0	45.0
66257	30.0	45.0	40.0
66293	15.0	40.0	45.0
66329	10.0	30.0	55.0
66365	10.0	25.0	15.0
66401	20.0	25.0	5.0
66437	30.0	25.0	20.0
66473	25.0	40.0	30.0
66509	20.0	40.0	25.0
66545	20.0	45.0	30.0
66581	25.0	65.0	50.0
66617	45.0	45.0	40.0
66653	35.0	50.0	25.0
66689	30.0	55.0	35.0
66725	20.0	25.0	10.0
66761	15.0	15.0	10.0
66797	35.0	15.0	25.0
66833	35.0	10.0	35.0
66869	45.0	5.0	35.0
66905	45.0	0.0	30.0
66941	35.0	10.0	20.0
66977	30.0	5.0	20.0
67013	45.0	10.0	15.0
67049	35.0	10.0	15.0
67085	10.0	15.0	25.0
67121	15.0	20.0	20.0
67157	25.0	20.0	50.0
67193	30.0	25.0	40.0
67229	40.0	5.0	40.0
67265	45.0	10.0	45.0
67301	45.0	15.0	50.0
67337	35.0	15.0	75.0
67373	30.0	10.0	55.0
67409	30.0	10.0	60.0
67445	35.0	10.0	40.0
67481	25.0	5.0	20.0
67517	25.0	5.0	20.0
67553	30.0	5.0	30.0
67589	30.0	5.0	25.0
67625	35.0	10.0	45.0
67661	35.0	10.0	40.0
67697	35.0	0.0	50.0
67733	15.0	10.0	50.0
67769	35.0	10.0	25.0
67805	45.0	5.0	30.0
67841	35.0	10.0	35.0
67877	15.0	15.0	30.0
67913	15.0	15.0	35.0
67949	25.0	10.0	40.0
67985	20.0	15.0	60.0
68021	50.0	5.0	40.0
68057	35.0	0.0	35.0
68093	40.0	5.0	30.0
68129	25.0	10.0	50.0
68165	15.0	15.0	45.0
68201	25.0	10.0	25.0
68237	30.0	0.0	35.0
68273	50.0	0.0	40.0
68309	45.0	0.0	30.0
68345	30.0	5.0	30.0
68381	30.0	0.0	50.0
68417	30.0	10.0	40.0
68453	20.0	5.0	45.0
68489	45.0	0.0	40.0
68525	40.0	10.0	55.0
68561	30.0	5.0	45.0
68597	20.0	0.0	40.0
68633	25.0	15.0	45.0
68669	40.0	25.0	55.0
68705	40.0	15.0	45.0
68741	25.0	5.0	30.0
68777	35.0	0.0	35.0
68813	50.0	25.0	50.0
68849	55.0	25.0	35.0
68885	60.0	5.0	40.0
68921	35.0	0.0	40.0
68957	10.0	5.0	25.0
68993	15.0	5.0	15.0
69029	25.0	5.0	30.0
69065	45.0	5.0	45.0
69101	40.0	5.0	25.0
69137	35.0	0.0	40.0
69173	30.0	0.0	30.0
69209	20.0	5.0	30.0
69245	45.0	10.0	50.0
69281	35.0	15.0	35.0
69317	45.0	10.0	55.0
69353	40.0	0.0	55.0
69389	40.0	0.0	35.0
69425	30.0	0.0	50.0
69461	30.0	10.0	45.0
69497	45.0	5.0	30.0
69533	45.0	0.0	50.0
69569	45.0	10.0	40.0
69605	40.0	10.0	35.0
69641	30.0	0.0	40.0
69677	40.0	5.0	25.0
69713	45.0	0.0	30.0
69749	40.0	15.0	25.0
69785	20.0	0.0	40.0
69821	25.0	0.0	45.0
69857	30.0	0.0	40.0
69893	45.0	5.0	60.0
69929	45.0	0.0	55.0
69965	40.0	10.0	40.0
70001	40.0	15.0	35.0
70037	25.0	10.0	35.0
70073	25.0	10.0	45.0
70109	45.0	20.0	45.0
70145	50.0	10.0	35.0
70181	25.0	5.0	25.0
70217	15.0	0.0	30.0
70253	25.0	0.0	35.0
70289	45.0	0.0	50.0
70325	35.0	10.0	30.0
70361	25.0	10.0	30.0
70397	55.0	0.0	35.0
70433	55.0	10.0	35.0
70469	25.0	10.0	25.0
70505	20.0	10.0	25.0
70541	30.0	15.0	35.0
70577	30.0	25.0	40.0
70613	35.0	10.0	30.0
70649	40.0	5.0	25.0
70685	35.0	20.0	25.0
70721	30.0	10.0	35.0
70757	30.0	5.0	25.0
70793	35.0	15.0	15.0
70829	40.0	30.0	25.0
70865	40.0	25.0	30.0
70901	40.0	5.0	20.0
70937	60.0	15.0	15.0
70973	40.0	15.0	25.0
71009	35.0	10.0	25.0
71045	40.0	5.0	35.0
71081	40.0	10.0	60.0
71117	35.0	5.0	30.0
71153	50.0	5.0	25.0
71189	35.0	35.0	15.0
71225	35.0	25.0	20.0
71261	20.0	20.0	10.0
71297	30.0	25.0	15.0
71333	30.0	25.0	15.0
71369	30.0	15.0	5.0
71405	25.0	10.0	5.0
71441	35.0	30.0	5.0
71477	35.0	30.0	0.0
71513	40.0	45.0	5.0
71549	35.0	65.0	10.0
71585	25.0	45.0	5.0
71621	45.0	35.0	5.0
71657	55.0	35.0	0.0
71693	45.0	25.0	0.0
71729	45.0	55.0	10.0
71765	45.0	65.0	5.0
71801	45.0	50.0	15.0
71837	40.0	50.0	20.0
71873	50.0	55.0	5.0
71909	40.0	50.0	5.0
71945	35.0	40.0	5.0
71981	45.0	50.0	5.0
72017	40.0	50.0	5.0
72053	20.0	55.0	0.0
72089	30.0	35.0	10.0
72125	35.0	35.0	10.0
72161	40.0	45.0	5.0
72197	60.0	15.0	15.0
72233	45.0	35.0	10.0
72269	25.0	30.0	10.0
72305	45.0	30.0	10.0
72341	40.0	45.0	5.0
72377	35.0	55.0	10.0
72413	55.0	25.0	0.0
72449	60.0	25.0	0.0
72485	65.0	30.0	10.0
72521	55.0	25.0	15.0
72557	45.0	30.0	5.0
72593	40.0	40.0	5.0
72629	35.0	45.0	5.0
72665	65.0	20.0	20.0
72701	65.0	35.0	20.0
72737	35.0	50.0	5.0
72773	40.0	40.0	10.0
72809	30.0	40.0	20.0
72845	30.0	30.0	10.0
72881	35.0	30.0	5.0
72917	45.0	30.0	5.0
72953	20.0	15.0	10.0
72989	25.0	35.0	10.0
73025	50.0	50.0	5.0
73061	50.0	25.0	15.0
73097	50.0	45.0	10.0
73133	55.0	60.0	5.0
73169	50.0	50.0	0.0
73205	35.0	35.0	5.0
73241	30.0	25.0	5.0
73277	30.0	30.0	5.0
73313	40.0	35.0	10.0
73349	35.0	30.0	5.0
73385	50.0	60.0	0.0
73421	50.0	40.0	5.0
73457	50.0	35.0	10.0
73493	40.0	35.0	15.0
73529	20.0	55.0	5.0
73565	25.0	45.0	0.0
73601	40.0	30.0	10.0
73637	50.0	35.0	5.0
73673	30.0	40.0	5.0
73709	40.0	50.0	5.0
73745	30.0	45.0	15.0
73781	10.0	40.0	5.0
73817	15.0	25.0	5.0
73853	30.0	0.0	40.0
73889	30.0	5.0	55.0
73925	40.0	10.0	35.0
73961	50.0	15.0	40.0
73997	50.0	5.0	55.0
74033	40.0	0.0	55.0
74069	30.0	0.0	55.0
74105	30.0	0.0	40.0
74141	35.0	0.0	40.0
74177	35.0	5.0	50.0
74213	40.0	5.0	50.0
74249	50.0	10.0	50.0
74285	35.0	5.0	40.0
74321	45.0	0.0	25.0
74357	50.0	5.0	40.0
74393	40.0	15.0	55.0
74429	45.0	15.0	55.0
74465	30.0	5.0	60.0
74501	35.0	5.0	55.0
74537	35.0	15.0	40.0
74573	25.0	15.0	50.0
74609	35.0	15.0	55.0
74645	30.0	15.0	40.0
74681	30.0	15.0	45.0
74717	30.0	10.0	50.0
74753	10.0	5.0	55.0
74789	30.0	0.0	40.0
74825	50.0	5.0	35.0
74861	35.0	10.0	50.0
74897	35.0	5.0	45.0
74933	25.0	5.0	15.0
74969	15.0	20.0	25.0
75005	25.0	10.0	45.0
75041	50.0	0.0	45.0
75077	40.0	5.0	45.0
75113	30.0	5.0	45.0
75149	25.0	5.0	40.0
75185	45.0	5.0	50.0
75221	50.0	10.0	60.0
75257	40.0	15.0	35.0
75293	25.0	10.0	25.0
75329	30.0	10.0	30.0
75365	30.0	20.0	60.0
75401	40.0	10.0	45.0
75437	60.0	0.0	30.0
75473	50.0	5.0	40.0
75509	35.0	10.0	45.0
75545	35.0	10.0	35.0
75581	40.0	10.0	45.0
75617	50.0	15.0	40.0
75653	30.0	20.0	50.0
75689	35.0	10.0	45.0
75725	45.0	20.0	50.0
75761	55.0	15.0	45.0
75797	30.0	10.0	40.0
75833	40.0	5.0	50.0
75869	40.0	0.0	30.0
75905	20.0	15.0	25.0
75941	30.0	30.0	45.0
75977	35.0	5.0	50.0
76013	25.0	5.0	50.0
76049	25.0	5.0	50.0
76085	50.0	0.0	45.0
76121	55.0	0.0	35.0
76157	50.0	0.0	40.0
76193	40.0	10.0	30.0
76229	50.0	10.0	25.0
76265	40.0	10.0	30.0
76301	50.0	15.0	35.0
76337	35.0	20.0	40.0
76373	20.0	15.0	50.0
76409	40.0	0.0	35.0
76445	45.0	5.0	35.0
76481	20.0	10.0	30.0
76517	35.0	10.0	30.0
76553	60.0	20.0	30.0
76589	50.0	10.0	50.0
76625	35.0	5.0	35.0
76661	45.0	5.0	45.0
76697	50.0	0.0	35.0
76733	50.0	10.0	50.0
76769	50.0	5.0	50.0
76805	40.0	0.0	30.0
76841	40.0	15.0	50.0
76877	50.0	5.0	35.0
76913	45.0	15.0	40.0
76949	35.0	15.0	25.0
76985	35.0	15.0	25.0
77021	30.0	5.0	35.0
77057	30.0	20.0	35.0
77093	45.0	15.0	35.0
77129	40.0	5.0	35.0
77165	35.0	0.0	30.0
77201	25.0	5.0	20.0
77237	30.0	10.0	30.0
77273	45.0	10.0	25.0
77309	40.0	5.0	30.0
77345	30.0	5.0	35.0
77381	40.0	5.0	45.0
77417	40.0	10.0	45.0
77453	40.0	5.0	35.0
77489	50.0	5.0	20.0
77525	55.0	10.0	25.0
77561	50.0	5.0	25.0
77597	35.0	5.0	40.0
77633	55.0	15.0	40.0
77669	65.0	20.0	30.0
77705	50.0	10.0	45.0
77741	35.0	20.0	25.0
77777	45.0	20.0	10.0
77813	50.0	15.0	35.0
77849	60.0	15.0	45.0
77885	50.0	10.0	30.0
77921	40.0	10.0	30.0
77957	45.0	5.0	20.0
77993	65.0	15.0	35.0
78029	75.0	10.0	40.0
78065	65.0	5.0	35.0
78101	40.0	20.0	20.0
78137	45.0	25.0	25.0
78173	60.0	10.0	40.0
78209	45.0	10.0	35.0
78245	40.0	10.0	35.0
78281	45.0	10.0	50.0
78317	40.0	15.0	25.0
78353	30.0	30.0	40.0
78389	45.0	10.0	40.0
78425	70.0	5.0	35.0
78461	55.0	10.0	35.0
78497	50.0	20.0	35.0
78533	55.0	5.0	25.0
78569	35.0	10.0	25.0
78605	40.0	10.0	25.0
78641	65.0	5.0	35.0
78677	55.0	5.0	35.0
78713	65.0	10.0	40.0
78749	50.0	20.0	25.0
78785	30.0	15.0	30.0
78821	60.0	10.0	15.0
78857	55.0	0.0	5.0
78893	30.0	10.0	10.0
78929	40.0	5.0	15.0
78965	35.0	15.0	25.0
79001	35.0	30.0	30.0
79037	55.0	40.0	45.0
79073	55.0	35.0	65.0
79109	50.0	20.0	55.0
79145	20.0	10.0	30.0
79181	5.0	30.0	20.0
79217	5.0	35.0	40.0
79253	10.0	20.0	35.0
79289	10.0	15.0	35.0
79325	5.0	25.0	40.0
79361	20.0	20.0	45.0
79397	10.0	35.0	35.0
79433	0.0	20.0	30.0
79469	0.0	20.0	35.0
79505	10.0	30.0	45.0
79541	15.0	20.0	55.0
79577	25.0	20.0	50.0
79613	25.0	20.0	30.0
79649	5.0	25.0	20.0
79685	10.0	35.0	30.0
79721	30.0	20.0	30.0
79757	40.0	30.0	10.0
79793	30.0	30.0	25.0
79829	45.0	35.0	50.0
79865	60.0	30.0	55.0
79901	70.0	15.0	50.0
79937	45.0	25.0	40.0
79973	20.0	25.0	50.0
80009	20.0	20.0	55.0
80045	50.0	25.0	45.0
80081	60.0	10.0	35.0
80117	60.0	10.0	60.0
80153	60.0	15.0	40.0
80189	50.0	5.0	50.0
80225	45.0	10.0	55.0
80261	60.0	15.0	45.0
80297	45.0	10.0	60.0
80333	40.0	25.0	40.0
80369	45.0	35.0	35.0
80405	50.0	15.0	60.0
80441	30.0	5.0	70.0
80477	40.0	20.0	50.0
80513	60.0	20.0	45.0
80549	60.0	5.0	45.0
80585	65.0	10.0	60.0
80621	60.0	15.0	60.0
80657	55.0	5.0	75.0
80693	30.0	20.0	30.0
80729	30.0	45.0	0.0
80765	30.0	35.0	10.0
80801	30.0	65.0	15.0
80837	40.0	60.0	20.0
80873	20.0	40.0	25.0
80909	20.0	50.0	20.0
80945	35.0	25.0	15.0
80981	30.0	45.0	5.0
81017	35.0	35.0	10.0
81053	30.0	25.0	15.0
81089	25.0	50.0	5.0
81125	35.0	55.0	5.0
81161	30.0	45.0	10.0
81197	35.0	55.0	10.0
81233	40.0	50.0	25.0
81269	30.0	60.0	30.0
81305	25.0	65.0	35.0
81341	25.0	35.0	60.0
81377	15.0	25.0	35.0
81413	15.0	35.0	50.0
81449	25.0	45.0	30.0
81485	30.0	40.0	15.0
81521	35.0	55.0	15.0
81557	30.0	65.0	10.0
81593	20.0	40.0	10.0
81629	15.0	50.0	25.0
81665	20.0	60.0	15.0
81701	40.0	40.0	15.0
81737	20.0	50.0	25.0
81773	30.0	60.0	20.0
81809	20.0	60.0	20.0
81845	20.0	55.0	15.0
81881	35.0	55.0	5.0
81917	25.0	50.0	10.0
81953	45.0	60.0	5.0
81989	40.0	60.0	5.0
82025	30.0	55.0	15.0
82061	5.0	50.0	5.0
82097	20.0	40.0	10.0
82133	40.0	35.0	15.0
82169	45.0	40.0	20.0
82205	40.0	40.0	15.0
82241	40.0	30.0	15.0
82277	55.0	40.0	5.0
82313	35.0	50.0	0.0
82349	35.0	40.0	5.0
82385	25.0	35.0	15.0
82421	40.0	50.0	10.0
82457	80.0	45.0	5.0
82493	50.0	45.0	5.0
82529	20.0	30.0	10.0
82565	35.0	30.0	15.0
82601	40.0	40.0	30.0
82637	45.0	15.0	35.0
82673	60.0	10.0	60.0
82709	50.0	20.0	40.0
82745	65.0	15.0	35.0
82781	45.0	15.0	35.0
82817	50.0	15.0	50.0
82853	60.0	15.0	45.0
82889	60.0	20.0	25.0
82925	40.0	30.0	30.0
82961	60.0	20.0	35.0
82997	60.0	25.0	35.0
83033	65.0	25.0	40.0
83069	50.0	15.0	40.0
83105	50.0	15.0	35.0
83141	45.0	20.0	30.0
83177	45.0	20.0	35.0
83213	50.0	20.0	40.0
83249	40.0	10.0	45.0
83285	30.0	25.0	30.0
83321	45.0	30.0	20.0
83357	40.0	30.0	40.0
83393	50.0	10.0	25.0
83429	35.0	10.0	40.0
83465	45.0	25.0	45.0
83501	30.0	20.0	55.0
83537	40.0	20.0	45.0
83573	55.0	10.0	40.0
83609	65.0	10.0	40.0
83645	70.0	20.0	45.0
83681	55.0	15.0	45.0
83717	55.0	5.0	55.0
83753	45.0	10.0	40.0
83789	40.0	30.0	25.0
83825	60.0	20.0	55.0
83861	75.0	5.0	50.0
83897	40.0	20.0	30.0
83933	40.0	35.0	30.0
83969	55.0	25.0	50.0
84005	40.0	10.0	30.0
84041	0.0	20.0	20.0
84077	5.0	15.0	40.0
84113	20.0	35.0	25.0
84149	10.0	35.0	45.0
84185	5.0	30.0	45.0
84221	0.0	45.0	65.0
84257	10.0	20.0	55.0
84293	20.0	25.0	55.0
84329	25.0	40.0	40.0
84365	30.0	30.0	45.0
84401	5.0	40.0	65.0
84437	5.0	40.0	50.0
84473	10.0	60.0	75.0
84509	15.0	45.0	80.0
84545	5.0	25.0	45.0
84581	0.0	45.0	45.0
84617	20.0	30.0	50.0
84653	25.0	20.0	50.0
84689	20.0	15.0	55.0
84725	10.0	25.0	50.0
84761	15.0	30.0	40.0
84797	10.0	35.0	50.0
84833	0.0	35.0	50.0
84869	5.0	35.0	45.0
84905	5.0	15.0	55.0
84941	10.0	20.0	55.0
84977	15.0	20.0	65.0
85013	5.0	20.0	60.0
85049	5.0	30.0	70.0
85085	10.0	30.0	75.0
85121	35.0	40.0	60.0
85157	25.0	30.0	65.0
85193	0.0	40.0	55.0
85229	20.0	40.0	60.0
85265	15.0	40.0	55.0
85301	5.0	30.0	50.0
85337	15.0	15.0	35.0
85373	30.0	10.0	25.0
85409	35.0	10.0	20.0
85445	35.0	25.0	20.0
85481	30.0	15.0	30.0
85517	40.0	20.0	30.0
85553	45.0	25.0	35.0
85589	40.0	30.0	25.0
85625	40.0	50.0	25.0
85661	30.0	45.0	40.0
85697	10.0	40.0	40.0
85733	10.0	30.0	40.0
85769	10.0	45.0	40.0
85805	10.0	50.0	35.0
85841	15.0	40.0	40.0
85877	20.0	30.0	50.0
85913	10.0	30.0	55.0
85949	5.0	25.0	50.0
85985	5.0	25.0	60.0
86021	10.0	20.0	60.0
86057	25.0	10.0	50.0
86093	25.0	25.0	45.0
86129	10.0	45.0	45.0
86165	10.0	45.0	60.0
86201	25.0	35.0	60.0
86237	20.0	15.0	40.0
86273	5.0	25.0	40.0
86309	5.0	40.0	35.0
86345	15.0	40.0	35.0
86381	15.0	35.0	35.0
86417	15.0	40.0	25.0
86453	10.0	55.0	50.0
86489	10.0	50.0	65.0
86525	10.0	40.0	55.0
86561	5.0	25.0	40.0
86597	20.0	25.0	35.0
86633	0.0	30.0	50.0
86669	5.0	35.0	55.0
86705	10.0	35.0	45.0
86741	30.0	20.0	30.0
86777	15.0	20.0	40.0
86813	15.0	25.0	60.0
86849	20.0	40.0	50.0
86885	20.0	50.0	60.0
86921	20.0	40.0	40.0
86957	15.0	20.0	35.0
86993	10.0	20.0	45.0
87029	0.0	25.0	55.0
87065	5.0	45.0	45.0
87101	15.0	45.0	60.0
87137	5.0	25.0	45.0
87173	10.0	30.0	40.0
87209	15.0	25.0	45.0
87245	10.0	35.0	25.0
87281	20.0	25.0	25.0
87317	25.0	10.0	60.0
87353	15.0	30.0	60.0
87389	10.0	25.0	65.0
87425	10.0	40.0	50.0
87461	5.0	35.0	40.0
87497	10.0	40.0	40.0
87533	20.0	20.0	65.0
87569	20.0	20.0	60.0
87605	10.0	10.0	50.0
87641	10.0	30.0	70.0
87677	0.0	25.0	80.0
87713	0.0	20.0	70.0
87749	5.0	20.0	50.0
87785	5.0	30.0	65.0
87821	5.0	25.0	65.0
87857	10.0	20.0	55.0
87893	15.0	25.0	40.0
87929	15.0	40.0	30.0
87965	10.0	25.0	55.0
88001	0.0	25.0	60.0
88037	10.0	50.0	50.0
88073	20.0	50.0	45.0
88109	10.0	40.0	40.0
88145	10.0	15.0	30.0
88181	10.0	30.0	30.0
88217	15.0	20.0	50.0
88253	10.0	35.0	60.0
88289	15.0	45.0	60.0
88325	20.0	35.0	55.0
88361	10.0	25.0	55.0
88397	20.0	25.0	50.0
88433	20.0	30.0	60.0
88469	0.0	45.0	55.0
88505	15.0	30.0	50.0
88541	20.0	25.0	50.0
88577	10.0	35.0	40.0
88613	5.0	45.0	45.0
88649	10.0	30.0	50.0
88685	10.0	45.0	60.0
88721	10.0	40.0	30.0
88757	10.0	30.0	30.0
88793	5.0	20.0	50.0
88829	5.0	50.0	45.0
88865	5.0	40.0	45.0
88901	10.0	40.0	40.0
88937	10.0	35.0	70.0
88973	5.0	35.0	45.0
89009	0.0	40.0	50.0
89045	5.0	20.0	40.0
89081	15.0	35.0	50.0
89117	20.0	40.0	55.0
89153	20.0	45.0	40.0
89189	10.0	45.0	30.0
89225	10.0	30.0	20.0
89261	10.0	30.0	50.0
89297	10.0	35.0	60.0
89333	20.0	45.0	70.0
89369	15.0	55.0	45.0
89405	10.0	40.0	45.0
89441	10.0	30.0	50.0
89477	15.0	50.0	45.0
89513	5.0	75.0	50.0
89549	25.0	50.0	55.0
89585	40.0	15.0	40.0
89621	10.0	45.0	50.0
89657	5.0	65.0	35.0
89693	10.0	50.0	45.0
89729	15.0	40.0	60.0
89765	10.0	40.0	45.0
89801	25.0	35.0	40.0
89837	15.0	30.0	55.0
89873	10.0	30.0	55.0
89909	20.0	40.0	50.0
89945	5.0	35.0	45.0
89981	25.0	20.0	30.0
90017	35.0	25.0	30.0
90053	10.0	40.0	55.0
90089	10.0	40.0	55.0
90125	10.0	25.0	40.0
90161	0.0	50.0	40.0
90197	10.0	50.0	45.0
90233	10.0	45.0	55.0
90269	15.0	45.0	45.0
90305	5.0	25.0	45.0
90341	10.0	30.0	45.0
90377	10.0	40.0	50.0
90413	10.0	30.0	55.0
90449	0.0	25.0	40.0
90485	25.0	15.0	30.0
90521	45.0	15.0	40.0