# BASE VAL1 VAL2
# color 0:255:0 0:0:255 100:100:100
17	42.5	10.0	23.75
53	37.5	18.75	31.25
89	38.75	23.75	31.25
125	37.5	25.0	32.5
161	32.5	26.25	35.0
197	30.0	33.75	31.25
233	25.0	38.75	30.0
269	25.0	38.75	25.0
305	26.25	32.5	22.5
341	26.25	26.25	23.75
377	25.0	26.25	28.75
413	31.25	27.5	26.25
449	35.0	21.25	30.0
485	35.0	16.25	31.25
521	41.25	12.5	30.0
557	45.0	13.75	31.25
593	47.5	13.75	30.0
629	51.25	12.5	32.5
665	51.25	11.25	35.0
701	52.5	10.0	36.25
737	52.5	6.25	36.25
773	52.5	7.5	37.5
809	46.25	6.25	38.75
845	46.25	5.0	40.0
881	41.25	5.0	37.5
917	36.25	7.5	36.25
953	30.0	8.75	28.75
989	30.0	15.0	25.0
1025	26.25	20.0	22.5
1061	25.0	25.0	20.0
1097	25.0	28.75	17.5
1133	23.75	28.75	16.25
1169	31.25	28.75	18.75
1205	33.75	27.5	18.75
1241	33.75	23.75	21.25
1277	41.25	16.25	26.25
1313	43.75	13.75	26.25
1349	50.0	7.5	31.25
1385	47.5	11.25	30.0
1421	43.75	12.5	31.25
1457	53.75	8.75	32.5
1493	53.75	10.0	35.0
1529	50.0	8.75	36.25
1565	47.5	11.25	35.0
1601	45.0	8.75	32.5
1637	48.75	6.25	33.75
1673	45.0	6.25	32.5
1709	40.0	6.25	32.5
1745	41.25	5.0	28.75
1781	46.25	5.0	30.0
1817	46.25	7.5	30.0
1853	43.75	8.75	28.75
1889	42.5	10.0	27.5
1925	41.25	11.25	27.5
1961	43.75	12.5	30.0
1997	42.5	12.5	30.0
2033	38.75	13.75	30.0
2069	41.25	11.25	31.25
2105	35.0	13.75	30.0
2141	31.25	16.25	25.0
2177	28.75	22.5	31.25
2213	23.75	25.0	35.0
2249	18.75	31.25	36.25
2285	15.0	31.25	42.5
2321	8.75	35.0	47.5
2357	7.5	36.25	51.25
2393	6.25	36.25	56.25
2429	6.25	33.75	52.5
2465	6.25	35.0	53.75
2501	6.25	36.25	53.75
2537	7.5	36.25	52.5
2573	10.0	40.0	57.5
2609	15.0	38.75	56.25
2645	15.0	40.0	58.75
2681	15.0	41.25	57.5
2717	15.0	38.75	53.75
2753	13.75	35.0	53.75
2789	11.25	35.0	52.5
2825	8.75	32.5	48.75
2861	12.5	27.5	45.0
2897	16.25	23.75	40.0
2933	18.75	22.5	41.25
2969	21.25	17.5	40.0
3005	26.25	17.5	41.25
3041	31.25	12.5	38.75
3077	36.25	13.75	40.0
3113	37.5	11.25	42.5
3149	41.25	8.75	43.75
3185	48.75	10.0	41.25
3221	51.25	7.5	37.5
3257	50.0	7.5	35.0
3293	53.75	10.0	35.0
3329	50.0	8.75	32.5
3365	45.0	15.0	32.5
3401	38.75	21.25	35.0
3437	28.75	25.0	42.5
3473	22.5	31.25	43.75
3509	17.5	40.0	42.5
3545	10.0	42.5	47.5
3581	10.0	47.5	47.5
3617	12.5	43.75	47.5
3653	12.5	41.25	42.5
3689	15.0	41.25	42.5
3725	15.0	36.25	42.5
3761	16.25	33.75	46.25
3797	16.25	32.5	45.0
3833	13.75	31.25	42.5
3869	10.0	28.75	46.25
3905	8.75	28.75	47.5
3941	7.5	26.25	45.0
3977	8.75	25.0	41.25
4013	12.5	23.75	37.5
4049	12.5	23.75	33.75
4085	16.25	26.25	27.5
4121	23.75	25.0	23.75
4157	27.5	23.75	20.0
4193	28.75	21.25	18.75
4229	28.75	23.75	18.75
4265	32.5	21.25	25.0
4301	35.0	20.0	23.75
4337	38.75	18.75	21.25
4373	37.5	22.5	26.25
4409	41.25	25.0	27.5
4445	46.25	30.0	21.25
4481	45.0	30.0	22.5
4517	41.25	31.25	21.25
4553	41.25	27.5	22.5
4589	36.25	27.5	21.25
4625	28.75	28.75	20.0
4661	26.25	26.25	23.75
4697	23.75	23.75	28.75
4733	21.25	18.75	31.25
4769	21.25	17.5	33.75
4805	22.5	16.25	35.0
4841	23.75	12.5	36.25
4877	26.25	6.25	37.5
4913	26.25	5.0	41.25
4949	30.0	2.5	42.5
4985	28.75	2.5	41.25
5021	30.0	3.75	41.25
5057	28.75	5.0	43.75
5093	28.75	5.0	43.75
5129	27.5	6.25	46.25
5165	28.75	7.5	42.5
5201	35.0	7.5	41.25
5237	43.75	7.5	37.5
5273	38.75	12.5	35.0
5309	40.0	15.0	28.75
5345	41.25	16.25	23.75
5381	45.0	22.5	25.0
5417	38.75	31.25	22.5
5453	33.75	36.25	20.0
5489	28.75	37.5	18.75
5525	26.25	32.5	23.75
5561	21.25	40.0	27.5
5597	20.0	40.0	35.0
5633	15.0	37.5	36.25
5669	12.5	35.0	36.25
5705	11.25	35.0	38.75
5741	15.0	32.5	45.0
5777	20.0	28.75	43.75
5813	20.0	25.0	40.0
5849	18.75	25.0	32.5
5885	20.0	22.5	30.0
5921	23.75	18.75	30.0
5957	25.0	18.75	30.0
5993	23.75	18.75	28.75
6029	21.25	21.25	30.0
6065	20.0	20.0	30.0
6101	23.75	17.5	27.5
6137	22.5	20.0	36.25
6173	23.75	20.0	40.0
6209	20.0	25.0	41.25
6245	23.75	23.75	41.25
6281	25.0	20.0	42.5
6317	30.0	20.0	51.25
6353	30.0	17.5	60.0
6389	35.0	17.5	50.0
6425	37.5	12.5	53.75
6461	38.75	13.75	53.75
6497	36.25	16.25	53.75
6533	37.5	17.5	53.75
6569	38.75	20.0	53.75
6605	42.5	21.25	52.5
6641	38.75	23.75	56.25
6677	36.25	28.75	53.75
6713	40.0	32.5	52.5
6749	41.25	30.0	53.75
6785	41.25	28.75	50.0
6821	35.0	32.5	42.5
6857	33.75	35.0	33.75
6893	36.25	35.0	27.5
6929	35.0	30.0	23.75
6965	32.5	30.0	22.5
7001	30.0	33.75	16.25
7037	32.5	32.5	13.75
7073	36.25	27.5	17.5
7109	28.75	27.5	23.75
7145	28.75	26.25	25.0
7181	26.25	26.25	26.25
7217	26.25	23.75	21.25
7253	21.25	26.25	26.25
7289	18.75	27.5	28.75
7325	26.25	28.75	26.25
7361	26.25	35.0	23.75
7397	25.0	35.0	30.0
7433	23.75	37.5	31.25
7469	22.5	37.5	31.25
7505	22.5	36.25	36.25
7541	22.5	35.0	36.25
7577	27.5	30.0	37.5
7613	36.25	26.25	35.0
7649	42.5	27.5	27.5
7685	45.0	26.25	26.25
7721	51.25	22.5	27.5
7757	51.25	23.75	21.25
7793	50.0	22.5	17.5
7829	46.25	27.5	21.25
7865	47.5	26.25	28.75
7901	43.75	16.25	37.5
7937	43.75	18.75	36.25
7973	37.5	23.75	36.25
8009	40.0	26.25	33.75
8045	36.25	25.0	38.75
8081	30.0	26.25	36.25
8117	26.25	25.0	30.0
8153	21.25	28.75	26.25
8189	18.75	28.75	23.75
8225	17.5	30.0	26.25
8261	13.75	28.75	23.75
8297	12.5	27.5	17.5
8333	13.75	26.25	13.75
8369	15.0	26.25	12.5
8405	15.0	28.75	8.75
8441	17.5	32.5	13.75
8477	17.5	31.25	17.5
8513	16.25	33.75	22.5
8549	18.75	37.5	23.75
8585	18.75	37.5	26.25
8621	22.5	36.25	27.5
8657	27.5	30.0	23.75
8693	28.75	30.0	17.5
8729	35.0	30.0	13.75
8765	40.0	33.75	12.5
8801	41.25	32.5	11.25
8837	42.5	32.5	10.0
8873	42.5	35.0	8.75
8909	43.75	37.5	10.0
8945	42.5	33.75	11.25
8981	42.5	31.25	11.25
9017	36.25	23.75	12.5
9053	31.25	25.0	17.5
9089	31.25	21.25	17.5
9125	31.25	18.75	21.25
9161	31.25	13.75	27.5
9197	27.5	16.25	31.25
9233	30.0	13.75	37.5
9269	32.5	12.5	38.75
9305	36.25	8.75	38.75
9341	35.0	7.5	38.75
9377	33.75	7.5	32.5
9413	28.75	12.5	33.75
9449	26.25	13.75	31.25
9485	21.25	20.0	30.0
9521	13.75	25.0	30.0
9557	12.5	28.75	26.25
9593	12.5	32.5	26.25
9629	21.25	31.25	21.25
9665	26.25	35.0	17.5
9701	27.5	32.5	13.75
9737	31.25	27.5	11.25
9773	35.0	30.0	6.25
9809	38.75	28.75	6.25
9845	32.5	26.25	6.25
9881	28.75	26.25	10.0
9917	27.5	20.0	12.5
9953	28.75	15.0	16.25
9989	28.75	18.75	18.75
10025	27.5	13.75	22.5
10061	28.75	8.75	26.25
10097	30.0	6.25	31.25
10133	27.5	10.0	31.25
10169	26.25	12.5	30.0
10205	27.5	11.25	28.75
10241	26.25	10.0	30.0
10277	20.0	12.5	28.75
10313	18.75	23.75	26.25
10349	16.25	30.0	23.75
10385	16.25	35.0	23.75
10421	12.5	36.25	21.25
10457	13.75	35.0	20.0
10493	22.5	37.5	17.5
10529	27.5	35.0	16.25
10565	31.25	26.25	13.75
10601	38.75	21.25	8.75
10637	45.0	17.5	8.75
10673	51.25	18.75	10.0
10709	50.0	17.5	10.0
10745	46.25	21.25	7.5
10781	41.25	25.0	7.5
10817	45.0	28.75	7.5
10853	45.0	30.0	5.0
10889	43.75	31.25	3.75
10925	41.25	33.75	2.5
10961	38.75	31.25	3.75
10997	41.25	32.5	5.0
11033	37.5	35.0	8.75
11069	33.75	31.25	15.0
11105	27.5	27.5	20.0
11141	26.25	28.75	25.0
11177	27.5	28.75	28.75
11213	30.0	31.25	33.75
11249	28.75	31.25	32.5
11285	27.5	30.0	28.75
11321	25.0	30.0	31.25
11357	22.5	33.75	28.75
11393	18.75	30.0	25.0
11429	15.0	28.75	26.25
11465	8.75	23.75	22.5
11501	7.5	22.5	22.5
11537	6.25	26.25	22.5
11573	8.75	31.25	25.0
11609	8.75	31.25	25.0
11645	12.5	38.75	21.25
11681	13.75	37.5	23.75
11717	15.0	37.5	31.25
11753	17.5	36.25	27.5
11789	25.0	32.5	33.75
11825	26.25	26.25	35.0
11861	31.25	28.75	35.0
11897	31.25	21.25	36.25
11933	35.0	23.75	31.25
11969	40.0	25.0	26.25
12005	41.25	27.5	25.0
12041	42.5	32.5	15.0
12077	47.5	31.25	10.0
12113	47.5	33.75	8.75
12149	50.0	36.25	8.75
12185	47.5	38.75	12.5
12221	43.75	41.25	18.75
12257	38.75	40.0	18.75
12293	31.25	35.0	21.25
12329	28.75	32.5	23.75
12365	26.25	28.75	26.25
12401	26.25	25.0	30.0
12437	28.75	21.25	27.5
12473	28.75	20.0	25.0
12509	32.5	26.25	23.75
12545	31.25	30.0	20.0
12581	31.25	32.5	18.75
12617	33.75	35.0	18.75
12653	31.25	35.0	16.25
12689	33.75	32.5	15.0
12725	33.75	32.5	15.0
12761	36.25	33.75	13.75
12797	40.0	32.5	16.25
12833	43.75	31.25	11.25
12869	40.0	32.5	8.75
12905	42.5	35.0	8.75
12941	42.5	31.25	7.5
12977	35.0	30.0	8.75
13013	30.0	31.25	8.75
13049	21.25	37.5	12.5
13085	16.25	40.0	15.0
13121	17.5	40.0	16.25
13157	15.0	40.0	23.75
13193	15.0	40.0	30.0
13229	15.0	41.25	33.75
13265	16.25	36.25	35.0
13301	16.25	32.5	35.0
13337	18.75	32.5	36.25
13373	17.5	31.25	33.75
13409	12.5	30.0	31.25
13445	20.0	27.5	25.0
13481	25.0	26.25	22.5
13517	30.0	26.25	21.25
13553	33.75	32.5	13.75
13589	32.5	31.25	13.75
13625	40.0	36.25	11.25
13661	40.0	36.25	7.5
13697	37.5	35.0	8.75
13733	38.75	33.75	8.75
13769	42.5	28.75	7.5
13805	40.0	30.0	12.5
13841	32.5	33.75	15.0
13877	26.25	37.5	21.25
13913	21.25	40.0	30.0
13949	13.75	45.0	33.75
13985	8.75	50.0	38.75
14021	2.5	55.0	45.0
14057	1.25	52.5	46.25
14093	2.5	51.25	43.75
14129	5.0	52.5	38.75
14165	6.25	52.5	33.75
14201	7.5	52.5	33.75
14237	8.75	48.75	31.25
14273	10.0	51.25	32.5
14309	11.25	47.5	36.25
14345	10.0	50.0	38.75
14381	6.25	48.75	38.75
14417	7.5	45.0	37.5
14453	6.25	43.75	38.75
14489	6.25	42.5	38.75
14525	5.0	42.5	33.75
14561	6.25	38.75	33.75
14597	8.75	32.5	35.0
14633	10.0	38.75	37.5
14669	8.75	38.75	37.5
14705	7.5	41.25	35.0
14741	8.75	35.0	35.0
14777	7.5	36.25	35.0
14813	6.25	38.75	33.75
14849	5.0	42.5	32.5
14885	5.0	38.75	31.25
14921	5.0	33.75	33.75
14957	5.0	38.75	32.5
14993	5.0	37.5	31.25
15029	7.5	36.25	32.5
15065	10.0	35.0	32.5
15101	8.75	38.75	32.5
15137	8.75	40.0	32.5
15173	8.75	41.25	35.0
15209	11.25	40.0	36.25
15245	13.75	35.0	33.75
15281	20.0	30.0	31.25
15317	21.25	26.25	36.25
15353	25.0	17.5	33.75
15389	26.25	11.25	31.25
15425	30.0	6.25	28.75
15461	31.25	5.0	33.75
15497	30.0	13.75	35.0
15533	28.75	17.5	32.5
15569	25.0	23.75	32.5
15605	23.75	26.25	31.25
15641	23.75	28.75	30.0
15677	16.25	31.25	25.0
15713	12.5	35.0	23.75
15749	12.5	30.0	21.25
15785	15.0	26.25	17.5
15821	20.0	25.0	17.5
15857	28.75	27.5	17.5
15893	36.25	27.5	13.75
15929	38.75	30.0	12.5
15965	46.25	26.25	10.0
16001	45.0	25.0	12.5
16037	42.5	26.25	12.5
16073	37.5	28.75	12.5
16109	35.0	25.0	13.75
16145	35.0	27.5	16.25
16181	36.25	28.75	16.25
16217	33.75	28.75	16.25
16253	36.25	28.75	15.0
16289	36.25	27.5	12.5
16325	42.5	28.75	12.5
16361	42.5	32.5	12.5
16397	36.25	31.25	15.0
16433	38.75	26.25	16.25
16469	41.25	26.25	16.25
16505	45.0	25.0	16.25
16541	45.0	25.0	15.0
16577	40.0	30.0	15.0
16613	37.5	28.75	15.0
16649	42.5	30.0	11.25
16685	42.5	31.25	8.75
16721	35.0	31.25	11.25
16757	41.25	30.0	11.25
16793	40.0	27.5	10.0
16829	43.75	28.75	12.5
16865	42.5	25.0	12.5
16901	42.5	26.25	13.75
16937	42.5	25.0	15.0
16973	43.75	31.25	12.5
17009	45.0	31.25	11.25
17045	47.5	31.25	10.0
17081	46.25	33.75	10.0
17117	47.5	37.5	10.0
17153	47.5	35.0	11.25
17189	47.5	32.5	10.0
17225	48.75	32.5	11.25
17261	48.75	33.75	11.25
17297	47.5	30.0	15.0
17333	50.0	26.25	15.0
17369	51.25	26.25	10.0
17405	52.5	30.0	10.0
17441	48.75	31.25	12.5
17477	48.75	32.5	11.25
17513	45.0	31.25	10.0
17549	42.5	32.5	10.0
17585	40.0	35.0	11.25
17621	41.25	32.5	13.75
17657	40.0	31.25	12.5
17693	41.25	32.5	11.25
17729	38.75	32.5	13.75
17765	40.0	37.5	12.5
17801	41.25	36.25	11.25
17837	37.5	33.75	12.5
17873	35.0	35.0	8.75
17909	36.25	33.75	8.75
17945	35.0	32.5	11.25
17981	41.25	30.0	8.75
18017	40.0	23.75	10.0
18053	37.5	22.5	11.25
18089	40.0	23.75	18.75
18125	38.75	17.5	27.5
18161	37.5	15.0	30.0
18197	36.25	16.25	32.5
18233	32.5	15.0	36.25
18269	31.25	16.25	43.75
18305	35.0	13.75	37.5
18341	32.5	13.75	37.5
18377	33.75	15.0	33.75
18413	31.25	13.75	32.5
18449	30.0	11.25	32.5
18485	33.75	10.0	35.0
18521	31.25	11.25	32.5
18557	27.5	16.25	35.0
18593	28.75	16.25	41.25
18629	28.75	12.5	42.5
18665	32.5	11.25	42.5
18701	33.75	12.5	43.75
18737	36.25	13.75	45.0
18773	36.25	16.25	42.5
18809	36.25	13.75	42.5
18845	37.5	13.75	42.5
18881	35.0	15.0	48.75
18917	31.25	16.25	48.75
18953	27.5	18.75	45.0
18989	23.75	16.25	46.25
19025	26.25	11.25	48.75
19061	23.75	11.25	45.0
19097	26.25	11.25	43.75
19133	28.75	12.5	45.0
19169	35.0	11.25	47.5
19205	33.75	12.5	45.0
19241	32.5	12.5	46.25
19277	35.0	15.0	46.25
19313	31.25	16.25	47.5
19349	33.75	16.25	45.0
19385	30.0	16.25	41.25
19421	32.5	15.0	35.0
19457	27.5	18.75	31.25
19493	28.75	26.25	26.25
19529	25.0	27.5	18.75
19565	26.25	26.25	13.75
19601	26.25	28.75	7.5
19637	28.75	35.0	5.0
19673	28.75	32.5	5.0
19709	32.5	30.0	6.25
19745	30.0	26.25	8.75
19781	30.0	30.0	8.75
19817	25.0	27.5	6.25
19853	27.5	18.75	6.25
19889	28.75	23.75	5.0
19925	27.5	31.25	6.25
19961	21.25	33.75	6.25
19997	25.0	32.5	6.25
20033	23.75	32.5	12.5
20069	23.75	40.0	20.0
20105	23.75	37.5	28.75
20141	22.5	36.25	33.75
20177	27.5	36.25	38.75
20213	32.5	31.25	42.5
20249	30.0	31.25	45.0
20285	31.25	26.25	42.5
20321	30.0	23.75	41.25
20357	28.75	22.5	41.25
20393	26.25	15.0	38.75
20429	22.5	15.0	38.75
20465	18.75	22.5	40.0
20501	22.5	20.0	40.0
20537	21.25	15.0	43.75
20573	21.25	17.5	41.25
20609	25.0	21.25	42.5
20645	25.0	23.75	45.0
20681	28.75	17.5	47.5
20717	31.25	17.5	41.25
20753	35.0	21.25	42.5
20789	35.0	22.5	41.25
20825	33.75	18.75	43.75
20861	36.25	15.0	43.75
20897	33.75	15.0	46.25
20933	32.5	16.25	41.25
20969	32.5	15.0	43.75
21005	32.5	13.75	48.75
21041	35.0	13.75	50.0
21077	36.25	12.5	52.5
21113	30.0	13.75	52.5
21149	32.5	12.5	52.5
21185	35.0	12.5	51.25
21221	40.0	11.25	48.75
21257	38.75	13.75	48.75
21293	38.75	16.25	45.0
21329	37.5	13.75	45.0
21365	38.75	10.0	42.5
21401	33.75	8.75	38.75
21437	32.5	11.25	38.75
21473	30.0	11.25	37.5
21509	31.25	11.25	36.25
21545	35.0	10.0	36.25
21581	35.0	18.75	37.5
21617	33.75	20.0	41.25
21653	36.25	21.25	52.5
21689	35.0	22.5	52.5
21725	38.75	21.25	53.75
21761	37.5	21.25	60.0
21797	33.75	23.75	57.5
21833	35.0	22.5	61.25
21869	40.0	22.5	61.25
21905	38.75	21.25	61.25
21941	32.5	25.0	61.25
21977	32.5	22.5	62.5
22013	33.75	22.5	57.5
22049	37.5	20.0	55.0
22085	36.25	23.75	51.25
22121	31.25	27.5	47.5
22157	33.75	28.75	42.5
22193	32.5	27.5	43.75
22229	32.5	28.75	45.0
22265	31.25	33.75	38.75
22301	30.0	28.75	37.5
22337	31.25	26.25	35.0
22373	30.0	28.75	31.25
22409	27.5	28.75	25.0
22445	32.5	30.0	15.0
22481	32.5	33.75	15.0
22517	35.0	36.25	13.75
22553	38.75	37.5	13.75
22589	41.25	38.75	12.5
22625	46.25	38.75	11.25
22661	46.25	40.0	10.0
22697	46.25	42.5	13.75
22733	48.75	37.5	11.25
22769	50.0	38.75	12.5
22805	52.5	35.0	11.25
22841	51.25	32.5	15.0
22877	55.0	25.0	16.25
22913	61.25	22.5	15.0
22949	62.5	22.5	16.25
22985	60.0	20.0	16.25
23021	58.75	18.75	15.0
23057	58.75	23.75	13.75
23093	57.5	31.25	15.0
23129	55.0	36.25	17.5
23165	50.0	35.0	21.25
23201	48.75	36.25	20.0
23237	47.5	35.0	22.5
23273	48.75	37.5	22.5
23309	55.0	42.5	18.75
23345	57.5	45.0	18.75
23381	58.75	47.5	18.75
23417	57.5	47.5	17.5
23453	55.0	50.0	16.25
23489	56.25	50.0	13.75
23525	52.5	43.75	12.5
23561	45.0	38.75	12.5
23597	41.25	36.25	12.5
23633	41.25	38.75	11.25
23669	42.5	36.25	13.75
23705	45.0	35.0	12.5
23741	45.0	36.25	11.25
23777	42.5	31.25	10.0
23813	40.0	32.5	8.75
23849	43.75	26.25	8.75
23885	42.5	26.25	11.25
23921	41.25	26.25	8.75
23957	37.5	27.5	11.25
23993	42.5	27.5	12.5
24029	43.75	30.0	12.5
24065	46.25	31.25	12.5
24101	43.75	31.25	11.25
24137	43.75	33.75	10.0
24173	41.25	33.75	10.0
24209	47.5	32.5	5.0
24245	41.25	32.5	6.25
24281	43.75	32.5	11.25
24317	42.5	31.25	15.0
24353	42.5	33.75	13.75
24389	41.25	30.0	11.25
24425	41.25	23.75	15.0
24461	40.0	28.75	18.75
24497	42.5	27.5	15.0
24533	41.25	25.0	7.5
24569	43.75	23.75	10.0
24605	41.25	25.0	11.25
24641	41.25	27.5	13.75
24677	36.25	30.0	13.75
24713	32.5	30.0	13.75
24749	27.5	36.25	16.25
24785	20.0	38.75	21.25
24821	16.25	45.0	22.5
24857	10.0	52.5	25.0
24893	8.75	51.25	21.25
24929	7.5	51.25	22.5
24965	8.75	52.5	23.75
25001	8.75	51.25	28.75
25037	8.75	47.5	26.25
25073	8.75	45.0	27.5
25109	15.0	38.75	27.5
25145	21.25	35.0	30.0
25181	30.0	31.25	26.25
25217	30.0	27.5	21.25
25253	32.5	30.0	21.25
25289	38.75	31.25	16.25
25325	43.75	27.5	12.5
25361	42.5	26.25	12.5
25397	40.0	26.25	15.0
25433	40.0	31.25	12.5
25469	38.75	33.75	11.25
25505	45.0	32.5	8.75
25541	41.25	32.5	10.0
25577	38.75	33.75	15.0
25613	40.0	33.75	17.5
25649	37.5	30.0	22.5
25685	38.75	25.0	30.0
25721	33.75	20.0	36.25
25757	32.5	16.25	46.25
25793	33.75	13.75	51.25
25829	30.0	11.25	47.5
25865	32.5	13.75	48.75
25901	31.25	13.75	51.25
25937	33.75	12.5	47.5
25973	36.25	12.5	47.5
26009	36.25	12.5	45.0
26045	37.5	12.5	46.25
26081	33.75	15.0	45.0
26117	33.75	11.25	48.75
26153	32.5	11.25	47.5
26189	27.5	13.75	47.5
26225	27.5	12.5	48.75
26261	23.75	13.75	46.25
26297	28.75	11.25	47.5
26333	31.25	10.0	43.75
26369	35.0	7.5	42.5
26405	35.0	8.75	43.75
26441	35.0	7.5	47.5
26477	37.5	8.75	43.75
26513	36.25	8.75	41.25
26549	37.5	6.25	46.25
26585	32.5	8.75	43.75
26621	30.0	7.5	46.25
26657	30.0	6.25	42.5
26693	32.5	8.75	42.5
26729	30.0	7.5	46.25
26765	26.25	8.75	42.5
26801	25.0	10.0	45.0
26837	28.75	10.0	41.25
26873	27.5	11.25	38.75
26909	27.5	8.75	40.0
26945	28.75	7.5	37.5
26981	31.25	7.5	35.0
27017	30.0	8.75	36.25
27053	31.25	7.5	36.25
27089	27.5	7.5	41.25
27125	26.25	10.0	38.75
27161	30.0	11.25	41.25
27197	23.75	18.75	45.0
27233	21.25	25.0	46.25
27269	26.25	27.5	51.25
27305	26.25	35.0	46.25
27341	28.75	35.0	42.5
27377	28.75	35.0	42.5
27413	26.25	33.75	38.75
27449	28.75	27.5	32.5
27485	28.75	23.75	25.0
27521	25.0	21.25	23.75
27557	23.75	17.5	26.25
27593	20.0	21.25	26.25
27629	15.0	25.0	23.75
27665	15.0	28.75	22.5
27701	11.25	31.25	25.0
27737	10.0	33.75	31.25
27773	11.25	36.25	28.75
27809	10.0	35.0	33.75
27845	11.25	36.25	30.0
27881	10.0	37.5	26.25
27917	10.0	40.0	26.25
27953	10.0	41.25	26.25
27989	8.75	42.5	23.75
28025	8.75	40.0	25.0
28061	10.0	41.25	20.0
28097	8.75	38.75	20.0
28133	10.0	33.75	25.0
28169	8.75	32.5	27.5
28205	10.0	35.0	27.5
28241	10.0	31.25	28.75
28277	10.0	35.0	30.0
28313	8.75	38.75	30.0
28349	6.25	37.5	30.0
28385	7.5	38.75	32.5
28421	11.25	43.75	32.5
28457	7.5	43.75	35.0
28493	8.75	45.0	36.25
28529	8.75	40.0	38.75
28565	10.0	41.25	40.0
28601	10.0	42.5	36.25
28637	8.75	41.25	36.25
28673	6.25	40.0	38.75
28709	6.25	40.0	38.75
28745	7.5	38.75	32.5
28781	10.0	40.0	28.75
28817	7.5	37.5	30.0
28853	7.5	37.5	35.0
28889	8.75	40.0	30.0
28925	11.25	37.5	26.25
28961	11.25	40.0	23.75
28997	11.25	37.5	25.0
29033	20.0	35.0	22.5
29069	25.0	35.0	17.5
29105	30.0	36.25	10.0
29141	32.5	33.75	6.25
29177	35.0	33.75	10.0
29213	37.5	35.0	8.75
29249	31.25	35.0	10.0
29285	26.25	42.5	15.0
29321	23.75	42.5	18.75
29357	20.0	42.5	23.75
29393	18.75	46.25	27.5
29429	18.75	42.5	25.0
29465	17.5	40.0	31.25
29501	20.0	36.25	35.0
29537	20.0	27.5	31.25
29573	26.25	26.25	32.5
29609	27.5	20.0	33.75
29645	31.25	16.25	36.25
29681	26.25	13.75	38.75
29717	30.0	10.0	37.5
29753	35.0	18.75	33.75
29789	35.0	25.0	31.25
29825	36.25	23.75	27.5
29861	37.5	23.75	22.5
29897	33.75	27.5	16.25
29933	40.0	28.75	11.25
29969	41.25	30.0	7.5
30005	40.0	25.0	11.25
30041	37.5	25.0	10.0
30077	36.25	28.75	6.25
30113	40.0	31.25	7.5
30149	41.25	32.5	8.75
30185	45.0	30.0	8.75
30221	41.25	30.0	8.75
30257	45.0	27.5	7.5
30293	51.25	30.0	8.75
30329	52.5	31.25	8.75
30365	50.0	30.0	10.0
30401	50.0	31.25	8.75
30437	48.75	36.25	7.5
30473	48.75	40.0	7.5
30509	43.75	37.5	7.5
30545	45.0	36.25	7.5
30581	43.75	37.5	6.25
30617	43.75	33.75	6.25
30653	45.0	32.5	6.25
30689	42.5	31.25	6.25
30725	40.0	28.75	5.0
30761	32.5	33.75	3.75
30797	27.5	32.5	5.0
30833	23.75	28.75	8.75
30869	22.5	30.0	10.0
30905	25.0	27.5	17.5
30941	27.5	22.5	23.75
30977	31.25	21.25	28.75
31013	31.25	15.0	36.25
31049	35.0	10.0	37.5
31085	37.5	11.25	40.0
31121	37.5	10.0	40.0
31157	33.75	12.5	33.75
31193	28.75	22.5	31.25
31229	25.0	30.0	27.5
31265	25.0	33.75	22.5
31301	20.0	43.75	18.75
31337	17.5	46.25	21.25
31373	16.25	53.75	21.25
31409	16.25	51.25	25.0
31445	12.5	45.0	28.75
31481	11.25	45.0	28.75
31517	8.75	46.25	28.75
31553	7.5	45.0	31.25
31589	2.5	47.5	28.75
31625	2.5	45.0	33.75
31661	5.0	50.0	31.25
31697	8.75	51.25	30.0
31733	11.25	48.75	31.25
31769	12.5	47.5	33.75
31805	13.75	48.75	32.5
31841	15.0	50.0	30.0
31877	11.25	47.5	27.5
31913	8.75	41.25	23.75
31949	6.25	36.25	27.5
31985	11.25	30.0	30.0
32021	12.5	21.25	28.75
32057	15.0	18.75	30.0
32093	20.0	12.5	33.75
32129	26.25	8.75	36.25
32165	28.75	8.75	37.5
32201	35.0	11.25	41.25
32237	38.75	12.5	42.5
32273	36.25	11.25	47.5
32309	40.0	10.0	46.25
32345	41.25	8.75	51.25
32381	37.5	11.25	48.75
32417	41.25	10.0	48.75
32453	38.75	10.0	47.5
32489	38.75	8.75	47.5
32525	36.25	7.5	48.75
32561	36.25	10.0	47.5
32597	38.75	11.25	41.25
32633	41.25	10.0	41.25
32669	37.5	7.5	42.5
32705	35.0	7.5	45.0
32741	32.5	8.75	42.5
32777	26.25	10.0	42.5
32813	20.0	12.5	43.75
32849	16.25	11.25	43.75
32885	17.5	13.75	45.0
32921	15.0	13.75	42.5
32957	21.25	11.25	45.0
32993	26.25	12.5	41.25
33029	28.75	8.75	43.75
33065	33.75	6.25	46.25
33101	33.75	10.0	45.0
33137	32.5	8.75	45.0
33173	27.5	10.0	40.0
33209	25.0	8.75	35.0
33245	22.5	8.75	36.25
33281	21.25	10.0	28.75
33317	17.5	10.0	22.5
33353	16.25	6.25	21.25
33389	22.5	11.25	18.75
33425	28.75	17.5	17.5
33461	33.75	18.75	17.5
33497	37.5	23.75	16.25
33533	43.75	25.0	13.75
33569	47.5	33.75	13.75
33605	50.0	38.75	12.5
33641	47.5	40.0	13.75
33677	42.5	40.0	13.75
33713	41.25	45.0	11.25
33749	36.25	42.5	10.0
33785	37.5	40.0	12.5
33821	38.75	38.75	12.5
33857	43.75	43.75	12.5
33893	42.5	38.75	12.5
33929	40.0	40.0	17.5
33965	37.5	40.0	21.25
34001	32.5	40.0	21.25
34037	27.5	42.5	25.0
34073	18.75	46.25	30.0
34109	16.25	36.25	28.75
34145	17.5	35.0	25.0
34181	16.25	35.0	30.0
34217	13.75	35.0	28.75
34253	13.75	30.0	27.5
34289	12.5	27.5	26.25
34325	12.5	23.75	26.25
34361	8.75	25.0	26.25
34397	12.5	26.25	21.25
34433	22.5	22.5	15.0
34469	27.5	21.25	13.75
34505	32.5	22.5	10.0
34541	35.0	26.25	7.5
34577	38.75	28.75	2.5
34613	36.25	28.75	2.5
34649	36.25	32.5	6.25
34685	35.0	28.75	6.25
34721	33.75	32.5	6.25
34757	36.25	36.25	13.75
34793	40.0	33.75	17.5
34829	43.75	36.25	18.75
34865	47.5	41.25	22.5
34901	47.5	40.0	27.5
34937	47.5	37.5	33.75
34973	48.75	31.25	32.5
35009	46.25	26.25	26.25
35045	38.75	21.25	22.5
35081	33.75	15.0	23.75
35117	31.25	10.0	25.0
35153	25.0	10.0	22.5
35189	23.75	12.5	28.75
35225	31.25	12.5	36.25
35261	33.75	13.75	40.0
35297	36.25	11.25	43.75
35333	35.0	10.0	46.25
35369	38.75	10.0	43.75
35405	41.25	11.25	41.25
35441	33.75	15.0	38.75
35477	25.0	16.25	33.75
35513	21.25	23.75	32.5
35549	17.5	28.75	30.0
35585	18.75	31.25	35.0
35621	12.5	33.75	33.75
35657	11.25	33.75	37.5
35693	8.75	36.25	38.75
35729	7.5	37.5	37.5
35765	7.5	33.75	37.5
35801	7.5	33.75	33.75
35837	5.0	35.0	30.0
35873	7.5	40.0	23.75
35909	10.0	36.25	16.25
35945	13.75	37.5	15.0
35981	20.0	35.0	16.25
36017	20.0	38.75	15.0
36053	25.0	42.5	15.0
36089	28.75	40.0	16.25
36125	30.0	40.0	13.75
36161	33.75	43.75	15.0
36197	32.5	46.25	15.0
36233	35.0	48.75	15.0
36269	38.75	46.25	15.0
36305	38.75	51.25	13.75
36341	38.75	53.75	13.75
36377	38.75	57.5	13.75
36413	35.0	56.25	13.75
36449	35.0	52.5	11.25
36485	31.25	55.0	10.0
36521	28.75	53.75	10.0
36557	31.25	50.0	10.0
36593	28.75	47.5	11.25
36629	30.0	46.25	11.25
36665	31.25	50.0	13.75
36701	36.25	51.25	15.0
36737	33.75	51.25	15.0
36773	33.75	51.25	13.75
36809	37.5	48.75	13.75
36845	35.0	51.25	12.5
36881	32.5	50.0	10.0
36917	31.25	47.5	11.25
36953	27.5	48.75	11.25
36989	30.0	48.75	12.5
37025	28.75	43.75	13.75
37061	26.25	45.0	15.0
37097	26.25	43.75	16.25
37133	28.75	40.0	15.0
37169	32.5	38.75	13.75
37205	32.5	38.75	15.0
37241	30.0	40.0	15.0
37277	33.75	46.25	15.0
37313	31.25	45.0	13.75
37349	28.75	45.0	13.75
37385	27.5	43.75	17.5
37421	26.25	45.0	17.5
37457	28.75	47.5	17.5
37493	28.75	47.5	17.5
37529	30.0	46.25	16.25
37565	33.75	50.0	17.5
37601	32.5	50.0	16.25
37637	31.25	50.0	15.0
37673	32.5	50.0	13.75
37709	35.0	45.0	10.0
37745	35.0	47.5	11.25
37781	33.75	46.25	11.25
37817	33.75	42.5	13.75
37853	35.0	43.75	11.25
37889	32.5	43.75	13.75
37925	32.5	46.25	13.75
37961	33.75	51.25	15.0
37997	33.75	51.25	12.5
38033	28.75	51.25	12.5
38069	32.5	47.5	15.0
38105	33.75	45.0	17.5
38141	33.75	48.75	13.75
38177	35.0	45.0	12.5
38213	31.25	45.0	11.25
38249	25.0	42.5	12.5
38285	28.75	41.25	10.0
38321	25.0	41.25	8.75
38357	28.75	41.25	7.5
38393	27.5	40.0	11.25
38429	27.5	42.5	12.5
38465	27.5	37.5	16.25
38501	28.75	45.0	17.5
38537	26.25	43.75	20.0
38573	26.25	47.5	20.0
38609	23.75	51.25	18.75
38645	21.25	52.5	17.5
38681	22.5	47.5	18.75
38717	23.75	43.75	16.25
38753	28.75	45.0	15.0
38789	30.0	42.5	15.0
38825	32.5	40.0	15.0
38861	35.0	37.5	13.75
38897	38.75	36.25	13.75
38933	40.0	41.25	12.5
38969	41.25	43.75	11.25
39005	36.25	48.75	10.0
39041	36.25	48.75	12.5
39077	33.75	51.25	11.25
39113	33.75	51.25	12.5
39149	31.25	51.25	15.0
39185	27.5	50.0	12.5
39221	23.75	51.25	13.75
39257	22.5	50.0	11.25
39293	21.25	50.0	11.25
39329	22.5	51.25	10.0
39365	21.25	52.5	7.5
39401	18.75	53.75	6.25
39437	20.0	55.0	7.5
39473	23.75	50.0	6.25
39509	27.5	51.25	6.25
39545	21.25	52.5	6.25
39581	25.0	51.25	7.5
39617	25.0	53.75	7.5
39653	31.25	51.25	7.5
39689	33.75	50.0	6.25
39725	28.75	47.5	8.75
39761	26.25	47.5	7.5
39797	32.5	47.5	8.75
39833	33.75	48.75	7.5
39869	35.0	45.0	6.25
39905	33.75	43.75	7.5
39941	32.5	48.75	8.75
39977	33.75	46.25	5.0
40013	30.0	42.5	6.25
40049	30.0	38.75	7.5
40085	26.25	35.0	8.75
40121	30.0	40.0	8.75
40157	31.25	42.5	7.5
40193	33.75	45.0	8.75
40229	35.0	47.5	10.0
40265	30.0	48.75	11.25
40301	32.5	46.25	10.0
40337	31.25	48.75	8.75
40373	26.25	43.75	8.75
40409	23.75	40.0	8.75
40445	22.5	37.5	8.75
40481	23.75	38.75	8.75
40517	25.0	36.25	7.5
40553	20.0	37.5	8.75
40589	26.25	36.25	8.75
40625	30.0	43.75	5.0
40661	31.25	45.0	7.5
40697	36.25	48.75	7.5
40733	37.5	45.0	8.75
40769	37.5	42.5	11.25
40805	35.0	43.75	12.5
40841	33.75	42.5	13.75
40877	33.75	36.25	15.0
40913	30.0	37.5	13.75
40949	27.5	35.0	16.25
40985	31.25	38.75	13.75
41021	31.25	42.5	12.5
41057	30.0	42.5	12.5
41093	33.75	46.25	12.5
41129	35.0	48.75	11.25
41165	30.0	46.25	8.75
41201	32.5	47.5	3.75
41237	35.0	47.5	5.0
41273	38.75	45.0	11.25
41309	38.75	47.5	12.5
41345	35.0	42.5	16.25
41381	37.5	42.5	16.25
41417	37.5	37.5	18.75
41453	38.75	33.75	18.75
41489	35.0	40.0	17.5
41525	33.75	38.75	12.5
41561	33.75	43.75	11.25
41597	31.25	38.75	8.75
41633	33.75	43.75	8.75
41669	31.25	50.0	6.25
41705	31.25	47.5	7.5
41741	30.0	45.0	6.25
41777	31.25	42.5	7.5
41813	32.5	41.25	6.25
41849	28.75	46.25	5.0
41885	30.0	43.75	7.5
41921	27.5	43.75	10.0
41957	31.25	43.75	7.5
41993	32.5	46.25	7.5
42029	26.25	38.75	8.75
42065	33.75	40.0	7.5
42101	31.25	36.25	12.5
42137	28.75	36.25	11.25
42173	32.5	33.75	11.25
42209	32.5	31.25	11.25
42245	32.5	31.25	12.5
42281	32.5	37.5	12.5
42317	28.75	40.0	12.5
42353	32.5	41.25	10.0
42389	32.5	42.5	11.25
42425	27.5	46.25	11.25
42461	26.25	50.0	10.0
42497	25.0	51.25	10.0
42533	23.75	50.0	7.5
42569	23.75	47.5	7.5
42605	20.0	48.75	7.5
42641	27.5	52.5	6.25
42677	28.75	46.25	5.0
42713	31.25	48.75	5.0
42749	31.25	47.5	3.75
42785	28.75	45.0	6.25
42821	30.0	46.25	5.0
42857	32.5	45.0	6.25
42893	27.5	43.75	8.75
42929	28.75	52.5	11.25
42965	30.0	45.0	13.75
43001	33.75	43.75	15.0
43037	36.25	45.0	13.75
43073	33.75	46.25	15.0
43109	35.0	46.25	18.75
43145	37.5	46.25	20.0
43181	38.75	38.75	26.25
43217	37.5	41.25	31.25
43253	37.5	47.5	32.5
43289	40.0	45.0	33.75
43325	41.25	43.75	28.75
43361	37.5	42.5	27.5
43397	36.25	46.25	25.0
43433	33.75	48.75	17.5
43469	30.0	48.75	15.0
43505	30.0	50.0	15.0
43541	28.75	55.0	13.75
43577	27.5	55.0	12.5
43613	25.0	56.25	8.75
43649	27.5	58.75	8.75
43685	28.75	61.25	12.5
43721	31.25	61.25	12.5
43757	30.0	60.0	11.25
43793	27.5	57.5	15.0
43829	31.25	58.75	17.5
43865	32.5	56.25	16.25
43901	33.75	55.0	15.0
43937	31.25	53.75	10.0
43973	32.5	51.25	10.0
44009	33.75	50.0	8.75
44045	35.0	48.75	7.5
44081	32.5	47.5	11.25
44117	31.25	47.5	12.5
44153	33.75	47.5	10.0
44189	35.0	47.5	11.25
44225	36.25	48.75	12.5
44261	37.5	47.5	12.5
44297	38.75	46.25	8.75
44333	41.25	43.75	8.75
44369	43.75	43.75	10.0
44405	41.25	41.25	11.25
44441	36.25	41.25	10.0
44477	35.0	45.0	11.25
44513	31.25	41.25	13.75
44549	30.0	40.0	11.25
44585	25.0	41.25	15.0
44621	21.25	47.5	16.25
44657	22.5	41.25	18.75
44693	20.0	45.0	17.5
44729	21.25	45.0	20.0
44765	27.5	42.5	21.25
44801	27.5	43.75	22.5
44837	30.0	45.0	21.25
44873	31.25	42.5	21.25
44909	27.5	46.25	18.75
44945	26.25	43.75	20.0
44981	26.25	48.75	16.25
45017	21.25	48.75	12.5
45053	25.0	52.5	7.5
45089	28.75	47.5	5.0
45125	30.0	46.25	5.0
45161	30.0	50.0	6.25
45197	33.75	48.75	5.0
45233	33.75	40.0	6.25
45269	33.75	43.75	7.5
45305	32.5	43.75	7.5
45341	27.5	46.25	6.25
45377	27.5	41.25	6.25
45413	26.25	40.0	7.5
45449	26.25	38.75	7.5
45485	27.5	47.5	5.0
45521	27.5	43.75	7.5
45557	25.0	42.5	8.75
45593	26.25	43.75	10.0
45629	25.0	47.5	7.5
45665	30.0	55.0	6.25
45701	33.75	57.5	11.25
45737	32.5	55.0	13.75
45773	31.25	53.75	11.25
45809	28.75	51.25	13.75
45845	27.5	48.75	16.25
45881	27.5	42.5	17.5
45917	26.25	43.75	16.25
45953	25.0	42.5	10.0
45989	26.25	43.75	7.5
46025	28.75	46.25	8.75
46061	28.75	47.5	8.75
46097	31.25	48.75	3.75
46133	31.25	46.25	6.25
46169	35.0	45.0	7.5
46205	31.25	45.0	8.75
46241	31.25	43.75	10.0
46277	35.0	32.5	12.5
46313	35.0	35.0	12.5
46349	33.75	35.0	15.0
46385	33.75	37.5	15.0
46421	30.0	38.75	13.75
46457	31.25	36.25	11.25
46493	28.75	36.25	10.0
46529	30.0	38.75	10.0
46565	27.5	40.0	6.25
46601	25.0	38.75	6.25
46637	26.25	40.0	7.5
46673	30.0	42.5	7.5
46709	30.0	47.5	6.25
46745	31.25	46.25	8.75
46781	30.0	45.0	8.75
46817	33.75	42.5	11.25
46853	32.5	41.25	12.5
46889	28.75	40.0	11.25
46925	28.75	35.0	12.5
46961	25.0	32.5	12.5
46997	25.0	32.5	11.25
47033	26.25	31.25	10.0
47069	26.25	36.25	8.75
47105	22.5	38.75	10.0
47141	28.75	37.5	11.25
47177	32.5	45.0	8.75
47213	33.75	42.5	8.75
47249	32.5	43.75	10.0
47285	35.0	41.25	10.0
47321	36.25	42.5	11.25
47357	38.75	41.25	6.25
47393	31.25	42.5	7.5
47429	36.25	38.75	8.75
47465	40.0	40.0	7.5
47501	38.75	38.75	7.5
47537	35.0	42.5	8.75
47573	36.25	43.75	8.75
47609	33.75	51.25	10.0
47645	31.25	51.25	11.25
47681	30.0	51.25	11.25
47717	26.25	51.25	12.5
47753	28.75	51.25	11.25
47789	23.75	47.5	11.25
47825	21.25	43.75	11.25
47861	25.0	41.25	7.5
47897	22.5	42.5	10.0
47933	25.0	43.75	8.75
47969	27.5	43.75	6.25
48005	26.25	42.5	8.75
48041	30.0	38.75	8.75
48077	30.0	37.5	13.75
48113	30.0	35.0	16.25
48149	31.25	31.25	20.0
48185	28.75	28.75	23.75
48221	28.75	25.0	27.5
48257	30.0	20.0	26.25
48293	31.25	17.5	30.0
48329	32.5	17.5	27.5
48365	28.75	20.0	27.5
48401	36.25	25.0	31.25
48437	36.25	32.5	31.25
48473	37.5	31.25	37.5
48509	41.25	32.5	36.25
48545	45.0	30.0	36.25
48581	46.25	26.25	31.25
48617	45.0	22.5	31.25
48653	38.75	13.75	33.75
48689	41.25	8.75	28.75
48725	41.25	10.0	27.5
48761	38.75	10.0	32.5
48797	37.5	13.75	37.5
48833	40.0	15.0	37.5
48869	40.0	15.0	33.75
48905	41.25	16.25	30.0
48941	36.25	15.0	30.0
48977	41.25	13.75	26.25
49013	43.75	11.25	18.75
49049	41.25	7.5	20.0
49085	41.25	7.5	25.0
49121	40.0	11.25	27.5
49157	36.25	13.75	31.25
49193	31.25	21.25	33.75
49229	23.75	28.75	42.5
49265	20.0	33.75	47.5
49301	15.0	36.25	43.75
49337	8.75	42.5	41.25
49373	7.5	38.75	41.25
49409	7.5	42.5	41.25
49445	7.5	37.5	38.75
49481	8.75	33.75	32.5
49517	7.5	32.5	30.0
49553	6.25	36.25	31.25
49589	5.0	33.75	31.25
49625	8.75	37.5	30.0
49661	10.0	38.75	31.25
49697	10.0	42.5	31.25
49733	7.5	42.5	32.5
49769	7.5	45.0	33.75
49805	7.5	45.0	35.0
49841	10.0	48.75	37.5
49877	8.75	43.75	33.75
49913	7.5	37.5	37.5
49949	6.25	36.25	38.75
49985	7.5	37.5	40.0
50021	7.5	36.25	37.5
50057	7.5	35.0	37.5
50093	3.75	36.25	38.75
50129	2.5	35.0	42.5
50165	3.75	36.25	36.25
50201	3.75	36.25	35.0
50237	6.25	32.5	38.75
50273	7.5	35.0	36.25
50309	8.75	37.5	33.75
50345	12.5	33.75	30.0
50381	11.25	37.5	32.5
50417	15.0	36.25	31.25
50453	13.75	36.25	33.75
50489	13.75	35.0	31.25
50525	10.0	31.25	33.75
50561	11.25	33.75	36.25
50597	8.75	33.75	32.5
50633	11.25	30.0	33.75
50669	8.75	30.0	36.25
50705	10.0	30.0	30.0
50741	10.0	26.25	35.0
50777	8.75	31.25	35.0
50813	8.75	28.75	42.5
50849	8.75	28.75	45.0
50885	10.0	28.75	41.25
50921	10.0	31.25	46.25
50957	6.25	33.75	46.25
50993	7.5	35.0	43.75
51029	8.75	30.0	42.5
51065	8.75	31.25	40.0
51101	11.25	28.75	40.0
51137	10.0	31.25	41.25
51173	10.0	27.5	38.75
51209	10.0	27.5	40.0
51245	8.75	23.75	41.25
51281	7.5	27.5	42.5
51317	6.25	30.0	47.5
51353	3.75	35.0	48.75
51389	2.5	37.5	52.5
51425	2.5	37.5	52.5
51461	6.25	40.0	51.25
51497	8.75	40.0	47.5
51533	8.75	35.0	38.75
51569	8.75	33.75	37.5
51605	8.75	28.75	38.75
51641	7.5	27.5	40.0
51677	5.0	31.25	41.25
51713	2.5	36.25	46.25
51749	5.0	35.0	50.0
51785	5.0	37.5	57.5
51821	6.25	40.0	52.5
51857	6.25	42.5	56.25
51893	6.25	43.75	55.0
51929	6.25	37.5	56.25
51965	5.0	36.25	52.5
52001	5.0	32.5	51.25
52037	5.0	33.75	48.75
52073	6.25	31.25	50.0
52109	8.75	28.75	50.0
52145	11.25	27.5	47.5
52181	12.5	26.25	41.25
52217	10.0	25.0	42.5
52253	8.75	26.25	42.5
52289	10.0	23.75	43.75
52325	10.0	23.75	41.25
52361	8.75	28.75	40.0
52397	6.25	27.5	42.5
52433	6.25	32.5	46.25
52469	10.0	30.0	45.0
52505	10.0	30.0	46.25
52541	11.25	30.0	45.0
52577	10.0	28.75	48.75
52613	11.25	26.25	50.0
52649	10.0	26.25	52.5
52685	10.0	30.0	51.25
52721	8.75	28.75	53.75
52757	8.75	26.25	53.75
52793	5.0	32.5	53.75
52829	6.25	33.75	52.5
52865	5.0	31.25	57.5
52901	5.0	32.5	56.25
52937	3.75	31.25	56.25
52973	5.0	35.0	57.5
53009	8.75	35.0	51.25
53045	8.75	36.25	53.75
53081	8.75	37.5	52.5
53117	11.25	37.5	50.0
53153	11.25	37.5	47.5
53189	11.25	36.25	47.5
53225	10.0	35.0	50.0
53261	6.25	35.0	55.0
53297	7.5	36.25	56.25
53333	12.5	43.75	53.75
53369	12.5	46.25	55.0
53405	13.75	50.0	53.75
53441	15.0	51.25	52.5
53477	15.0	50.0	50.0
53513	15.0	52.5	48.75
53549	11.25	51.25	50.0
53585	6.25	43.75	52.5
53621	6.25	37.5	51.25
53657	5.0	35.0	58.75
53693	7.5	41.25	57.5
53729	8.75	40.0	55.0
53765	10.0	35.0	52.5
53801	10.0	37.5	47.5
53837	7.5	42.5	48.75
53873	8.75	50.0	43.75
53909	11.25	51.25	37.5
53945	10.0	46.25	42.5
53981	11.25	47.5	46.25
54017	10.0	51.25	43.75
54053	12.5	46.25	46.25
54089	13.75	42.5	48.75
54125	12.5	42.5	55.0
54161	11.25	45.0	56.25
54197	8.75	43.75	57.5
54233	10.0	41.25	52.5
54269	8.75	46.25	53.75
54305	6.25	43.75	52.5
54341	7.5	38.75	46.25
54377	10.0	41.25	47.5
54413	10.0	41.25	45.0
54449	16.25	36.25	42.5
54485	18.75	32.5	41.25
54521	25.0	28.75	40.0
54557	31.25	25.0	36.25
54593	37.5	17.5	33.75
54629	46.25	8.75	32.5
54665	51.25	6.25	32.5
54701	52.5	6.25	27.5
54737	55.0	5.0	31.25
54773	50.0	6.25	32.5
54809	53.75	5.0	37.5
54845	52.5	7.5	41.25
54881	47.5	8.75	37.5
54917	45.0	11.25	40.0
54953	46.25	10.0	42.5
54989	47.5	10.0	46.25
55025	45.0	13.75	43.75
55061	42.5	13.75	38.75
55097	47.5	11.25	37.5
55133	47.5	11.25	41.25
55169	53.75	11.25	38.75
55205	53.75	13.75	35.0
55241	52.5	11.25	36.25
55277	53.75	11.25	36.25
55313	52.5	11.25	38.75
55349	48.75	11.25	37.5
55385	50.0	8.75	41.25
55421	46.25	7.5	41.25
55457	47.5	5.0	41.25
55493	50.0	6.25	38.75
55529	47.5	2.5	42.5
55565	51.25	5.0	46.25
55601	47.5	6.25	42.5
55637	48.75	7.5	38.75
55673	46.25	7.5	41.25
55709	46.25	6.25	41.25
55745	47.5	6.25	40.0
55781	41.25	13.75	30.0
55817	40.0	13.75	30.0
55853	40.0	15.0	31.25
55889	46.25	15.0	32.5
55925	40.0	16.25	28.75
55961	42.5	16.25	28.75
55997	42.5	12.5	35.0
56033	46.25	7.5	36.25
56069	46.25	5.0	37.5
56105	45.0	2.5	35.0
56141	46.25	2.5	32.5
56177	47.5	0.0	38.75
56213	48.75	1.25	40.0
56249	52.5	2.5	38.75
56285	50.0	2.5	42.5
56321	52.5	6.25	42.5
56357	48.75	7.5	43.75
56393	48.75	8.75	45.0
56429	50.0	10.0	47.5
56465	50.0	11.25	48.75
56501	50.0	11.25	48.75
56537	51.25	12.5	45.0
56573	58.75	8.75	48.75
56609	62.5	10.0	48.75
56645	62.5	7.5	45.0
56681	62.5	7.5	40.0
56717	60.0	6.25	42.5
56753	62.5	7.5	41.25
56789	58.75	7.5	36.25
56825	57.5	6.25	31.25
56861	60.0	6.25	31.25
56897	61.25	6.25	38.75
56933	61.25	6.25	38.75
56969	60.0	7.5	36.25
57005	61.25	7.5	33.75
57041	60.0	7.5	37.5
57077	60.0	7.5	40.0
57113	56.25	8.75	40.0
57149	55.0	10.0	35.0
57185	55.0	12.5	32.5
57221	56.25	16.25	28.75
57257	51.25	20.0	27.5
57293	43.75	25.0	25.0
57329	42.5	32.5	17.5
57365	38.75	37.5	12.5
57401	36.25	42.5	7.5
57437	30.0	43.75	11.25
57473	31.25	42.5	12.5
57509	32.5	46.25	10.0
57545	28.75	46.25	10.0
57581	31.25	50.0	11.25
57617	37.5	51.25	11.25
57653	40.0	52.5	11.25
57689	38.75	52.5	8.75
57725	41.25	53.75	7.5
57761	47.5	55.0	7.5
57797	51.25	52.5	8.75
57833	47.5	52.5	5.0
57869	46.25	48.75	6.25
57905	47.5	46.25	6.25
57941	42.5	45.0	6.25
57977	37.5	38.75	7.5
58013	30.0	37.5	7.5
58049	26.25	35.0	6.25
58085	26.25	35.0	6.25
58121	21.25	36.25	5.0
58157	21.25	30.0	3.75
58193	26.25	32.5	5.0
58229	25.0	32.5	6.25
58265	27.5	36.25	11.25
58301	28.75	36.25	13.75
58337	26.25	36.25	16.25
58373	28.75	33.75	20.0
58409	35.0	35.0	20.0
58445	31.25	33.75	18.75
58481	31.25	35.0	13.75
58517	35.0	35.0	11.25
58553	38.75	35.0	11.25
58589	36.25	37.5	10.0
58625	33.75	46.25	10.0
58661	33.75	48.75	16.25
58697	40.0	55.0	20.0
58733	41.25	53.75	17.5
58769	40.0	53.75	17.5
58805	43.75	57.5	18.75
58841	45.0	53.75	22.5
58877	46.25	48.75	27.5
58913	47.5	48.75	31.25
58949	46.25	47.5	32.5
58985	47.5	48.75	32.5
59021	46.25	46.25	30.0
59057	46.25	47.5	28.75
59093	42.5	47.5	25.0
59129	40.0	50.0	18.75
59165	45.0	48.75	13.75
59201	46.25	48.75	11.25
59237	42.5	46.25	12.5
59273	40.0	45.0	13.75
59309	40.0	46.25	11.25
59345	40.0	52.5	10.0
59381	41.25	50.0	10.0
59417	43.75	52.5	8.75
59453	37.5	50.0	8.75
59489	36.25	48.75	11.25
59525	32.5	47.5	11.25
59561	35.0	38.75	10.0
59597	33.75	35.0	15.0
59633	27.5	30.0	16.25
59669	26.25	32.5	13.75
59705	33.75	31.25	12.5
59741	37.5	33.75	10.0
59777	42.5	35.0	8.75
59813	40.0	36.25	7.5
59849	35.0	35.0	5.0
59885	38.75	33.75	5.0
59921	35.0	37.5	6.25
59957	31.25	37.5	6.25
59993	28.75	31.25	6.25
60029	26.25	32.5	7.5
60065	31.25	28.75	6.25
60101	33.75	35.0	6.25
60137	32.5	35.0	7.5
60173	33.75	30.0	8.75
60209	31.25	32.5	8.75
60245	32.5	35.0	11.25
60281	33.75	36.25	13.75
60317	35.0	43.75	12.5
60353	30.0	45.0	12.5
60389	26.25	46.25	11.25
60425	28.75	46.25	10.0
60461	30.0	51.25	7.5
60497	28.75	50.0	6.25
60533	31.25	50.0	5.0
60569	30.0	47.5	3.75
60605	28.75	45.0	5.0
60641	27.5	42.5	8.75
60677	27.5	38.75	8.75
60713	31.25	41.25	8.75
60749	33.75	43.75	10.0
60785	28.75	43.75	11.25
60821	27.5	41.25	10.0
60857	31.25	40.0	11.25
60893	32.5	41.25	10.0
60929	32.5	41.25	8.75
60965	32.5	38.75	8.75
61001	32.5	37.5	7.5
61037	37.5	37.5	6.25
61073	38.75	35.0	6.25
61109	37.5	32.5	7.5
61145	37.5	31.25	7.5
61181	38.75	30.0	10.0
61217	37.5	32.5	11.25
61253	37.5	33.75	12.5
61289	31.25	33.75	11.25
61325	36.25	38.75	11.25
61361	37.5	40.0	8.75
61397	35.0	41.25	7.5
61433	36.25	36.25	6.25
61469	35.0	35.0	5.0
61505	37.5	37.5	3.75
61541	40.0	37.5	3.75
61577	36.25	37.5	5.0
61613	37.5	36.25	6.25
61649	38.75	36.25	7.5
61685	35.0	40.0	8.75
61721	36.25	35.0	12.5
61757	33.75	28.75	16.25
61793	33.75	32.5	15.0
61829	31.25	32.5	15.0
61865	27.5	37.5	15.0
61901	25.0	36.25	16.25
61937	31.25	40.0	15.0
61973	28.75	40.0	10.0
62009	33.75	38.75	7.5
62045	33.75	40.0	6.25
62081	35.0	40.0	5.0
62117	40.0	40.0	5.0
62153	36.25	43.75	5.0
62189	37.5	40.0	7.5
62225	38.75	37.5	11.25
62261	36.25	38.75	12.5
62297	35.0	33.75	12.5
62333	36.25	35.0	15.0
62369	32.5	38.75	12.5
62405	41.25	40.0	11.25
62441	38.75	41.25	8.75
62477	36.25	47.5	5.0
62513	35.0	43.75	3.75
62549	37.5	45.0	3.75
62585	37.5	45.0	5.0
62621	41.25	46.25	7.5
62657	33.75	43.75	8.75
62693	37.5	46.25	8.75
62729	36.25	51.25	10.0
62765	33.75	47.5	12.5
62801	33.75	46.25	8.75
62837	28.75	41.25	15.0
62873	22.5	41.25	12.5
62909	25.0	42.5	11.25
62945	25.0	37.5	12.5
62981	27.5	37.5	12.5
63017	25.0	36.25	13.75
63053	25.0	37.5	13.75
63089	27.5	37.5	8.75
63125	27.5	37.5	10.0
63161	30.0	35.0	12.5
63197	31.25	32.5	10.0
63233	35.0	27.5	8.75
63269	37.5	28.75	10.0
63305	37.5	28.75	8.75
63341	37.5	30.0	11.25
63377	36.25	26.25	11.25
63413	32.5	30.0	13.75
63449	28.75	32.5	12.5
63485	31.25	40.0	13.75
63521	32.5	43.75	13.75
63557	32.5	40.0	13.75
63593	30.0	43.75	11.25
63629	32.5	45.0	10.0
63665	32.5	47.5	11.25
63701	33.75	46.25	12.5
63737	25.0	50.0	11.25
63773	26.25	48.75	12.5
63809	25.0	50.0	20.0
63845	20.0	48.75	25.0
63881	17.5	46.25	31.25
63917	12.5	43.75	40.0
63953	13.75	38.75	38.75
63989	11.25	35.0	43.75
64025	8.75	33.75	45.0
64061	8.75	33.75	43.75
64097	11.25	30.0	45.0
64133	11.25	30.0	42.5
64169	10.0	31.25	41.25
64205	7.5	32.5	47.5
64241	7.5	36.25	48.75
64277	8.75	36.25	48.75
64313	10.0	41.25	47.5
64349	11.25	42.5	47.5
64385	15.0	40.0	43.75
64421	16.25	41.25	46.25
64457	17.5	36.25	43.75
64493	21.25	35.0	50.0
64529	26.25	30.0	43.75
64565	30.0	23.75	45.0
64601	32.5	18.75	38.75
64637	35.0	20.0	38.75
64673	38.75	15.0	36.25
64709	36.25	13.75	36.25
64745	37.5	12.5	33.75
64781	40.0	16.25	31.25
64817	43.75	13.75	30.0
64853	41.25	17.5	30.0
64889	40.0	21.25	30.0
64925	38.75	18.75	28.75
64961	41.25	18.75	25.0
64997	41.25	16.25	26.25
65033	40.0	13.75	26.25
65069	35.0	17.5	23.75
65105	35.0	11.25	28.75
65141	35.0	8.75	30.0
65177	40.0	8.75	27.5
65213	35.0	12.5	27.5
65249	36.25	12.5	27.5
65285	33.75	15.0	28.75
65321	37.5	15.0	28.75
65357	40.0	16.25	25.0
65393	46.25	17.5	22.5
65429	42.5	21.25	20.0
65465	42.5	21.25	22.5
65501	36.25	21.25	25.0
65537	33.75	23.75	25.0
65573	37.5	22.5	31.25
65609	35.0	21.25	37.5
65645	26.25	22.5	41.25
65681	22.5	25.0	45.0
65717	18.75	26.25	46.25
65753	18.75	26.25	43.75
65789	17.5	28.75	48.75
65825	11.25	30.0	43.75
65861	8.75	33.75	43.75
65897	8.75	36.25	47.5
65933	11.25	36.25	43.75
65969	12.5	37.5	52.5
66005	10.0	33.75	51.25
66041	13.75	37.5	51.25
66077	17.5	37.5	51.25
66113	17.5	36.25	52.5
66149	17.5	33.75	48.75
66185	16.25	31.25	42.5
66221	17.5	30.0	35.0
66257	18.75	31.25	31.25
66293	17.5	31.25	30.0
66329	17.5	30.0	28.75
66365	18.75	35.0	23.75
66401	23.75	41.25	26.25
66437	28.75	42.5	31.25
66473	28.75	50.0	30.0
66509	27.5	52.5	32.5
66545	28.75	46.25	27.5
66581	25.0	43.75	28.75
66617	31.25	36.25	25.0
66653	27.5	28.75	23.75
66689	31.25	22.5	25.0
66725	31.25	12.5	23.75
66761	33.75	10.0	22.5
66797	36.25	8.75	27.5
66833	38.75	7.5	26.25
66869	38.75	8.75	23.75
66905	33.75	10.0	21.25
66941	28.75	15.0	20.0
66977	28.75	16.25	25.0
67013	30.0	18.75	26.25
67049	28.75	17.5	31.25
67085	28.75	17.5	37.5
67121	33.75	16.25	42.5
67157	35.0	13.75	51.25
67193	37.5	13.75	52.5
67229	38.75	10.0	56.25
67265	38.75	12.5	52.5
67301	36.25	11.25	48.75
67337	32.5	11.25	47.5
67373	31.25	10.0	40.0
67409	31.25	7.5	33.75
67445	31.25	7.5	33.75
67481	31.25	6.25	30.0
67517	31.25	5.0	33.75
67553	28.75	6.25	37.5
67589	31.25	6.25	35.0
67625	35.0	6.25	37.5
67661	32.5	7.5	35.0
67697	31.25	7.5	33.75
67733	26.25	8.75	33.75
67769	28.75	10.0	31.25
67805	26.25	10.0	37.5
67841	30.0	10.0	38.75
67877	26.25	8.75	40.0
67913	31.25	8.75	40.0
67949	30.0	7.5	43.75
67985	30.0	8.75	45.0
68021	31.25	7.5	38.75
68057	28.75	6.25	38.75
68093	32.5	6.25	37.5
68129	32.5	6.25	36.25
68165	31.25	6.25	35.0
68201	33.75	3.75	35.0
68237	33.75	3.75	36.25
68273	33.75	3.75	38.75
68309	35.0	3.75	38.75
68345	31.25	6.25	42.5
68381	33.75	5.0	45.0
68417	32.5	5.0	42.5
68453	30.0	7.5	46.25
68489	35.0	8.75	48.75
68525	35.0	11.25	48.75
68561	27.5	11.25	45.0
68597	30.0	10.0	43.75
68633	33.75	16.25	45.0
68669	40.0	17.5	41.25
68705	42.5	12.5	40.0
68741	41.25	8.75	37.5
68777	38.75	8.75	35.0
68813	37.5	8.75	32.5
68849	35.0	8.75	33.75
68885	35.0	3.75	33.75
68921	30.0	3.75	32.5
68957	27.5	3.75	33.75
68993	30.0	3.75	31.25
69029	31.25	3.75	33.75
69065	36.25	5.0	38.75
69101	35.0	7.5	36.25
69137	35.0	7.5	40.0
69173	36.25	7.5	42.5
69209	36.25	7.5	40.0
69245	38.75	7.5	47.5
69281	35.0	7.5	41.25
69317	40.0	5.0	42.5
69353	38.75	2.5	43.75
69389	41.25	5.0	38.75
69425	40.0	5.0	38.75
69461	41.25	5.0	40.0
69497	41.25	5.0	35.0
69533	43.75	3.75	37.5
69569	38.75	7.5	33.75
69605	36.25	7.5	33.75
69641	33.75	5.0	35.0
69677	35.0	5.0	36.25
69713	36.25	5.0	40.0
69749	37.5	5.0	42.5
69785	35.0	3.75	46.25
69821	36.25	5.0	45.0
69857	37.5	6.25	41.25
69893	37.5	7.5	45.0
69929	40.0	10.0	43.75
69965	40.0	10.0	36.25
70001	38.75	11.25	35.0
70037	32.5	8.75	33.75
70073	33.75	7.5	36.25
70109	36.25	6.25	37.5
70145	35.0	6.25	33.75
70181	28.75	3.75	33.75
70217	35.0	2.5	35.0
70253	38.75	5.0	33.75
70289	41.25	6.25	35.0
70325	37.5	7.5	30.0
70361	35.0	11.25	30.0
70397	35.0	11.25	33.75
70433	35.0	13.75	31.25
70469	30.0	12.5	28.75
70505	28.75	16.25	30.0
70541	31.25	13.75	32.5
70577	32.5	15.0	30.0
70613	33.75	11.25	26.25
70649	33.75	15.0	25.0
70685	35.0	16.25	26.25
70721	37.5	15.0	23.75
70757	41.25	16.25	22.5
70793	41.25	18.75	22.5
70829	43.75	17.5	23.75
70865	43.75	15.0	26.25
70901	41.25	10.0	32.5
70937	45.0	8.75	28.75
70973	43.75	7.5	32.5
71009	40.0	13.75	31.25
71045	40.0	12.5	31.25
71081	37.5	16.25	27.5
71117	35.0	18.75	22.5
71153	33.75	21.25	17.5
71189	31.25	22.5	12.5
71225	28.75	21.25	11.25
71261	28.75	23.75	8.75
71297	30.0	23.75	6.25
71333	32.5	30.0	6.25
71369	33.75	36.25	6.25
71405	33.75	36.25	6.25
71441	38.75	40.0	6.25
71477	40.0	40.0	5.0
71513	41.25	38.75	5.0
71549	41.25	42.5	6.25
71585	41.25	42.5	3.75
71621	43.75	40.0	7.5
71657	46.25	46.25	8.75
71693	43.75	46.25	8.75
71729	41.25	53.75	10.0
71765	40.0	52.5	8.75
71801	41.25	51.25	8.75
71837	38.75	50.0	8.75
71873	37.5	51.25	5.0
71909	37.5	45.0	6.25
71945	35.0	43.75	6.25
71981	38.75	43.75	6.25
72017	42.5	37.5	7.5
72053	41.25	38.75	7.5
72089	41.25	33.75	8.75
72125	46.25	32.5	10.0
72161	42.5	37.5	7.5
72197	43.75	35.0	10.0
72233	42.5	35.0	7.5
72269	41.25	35.0	6.25
72305	47.5	33.75	7.5
72341	50.0	33.75	8.75
72377	51.25	33.75	8.75
72413	52.5	31.25	7.5
72449	51.25	31.25	8.75
72485	53.75	31.25	12.5
72521	51.25	31.25	13.75
72557	43.75	37.5	10.0
72593	45.0	37.5	11.25
72629	41.25	41.25	13.75
72665	43.75	35.0	13.75
72701	42.5	37.5	12.5
72737	37.5	36.25	8.75
72773	32.5	31.25	10.0
72809	31.25	30.0	8.75
72845	35.0	32.5	7.5
72881	35.0	31.25	8.75
72917	40.0	36.25	10.0
72953	38.75	37.5	8.75
72989	41.25	42.5	8.75
73025	45.0	42.5	7.5
73061	42.5	36.25	6.25
73097	40.0	37.5	5.0
73133	41.25	37.5	6.25
73169	40.0	33.75	5.0
73205	37.5	36.25	5.0
73241	41.25	33.75	6.25
73277	41.25	36.25	6.25
73313	43.75	38.75	7.5
73349	40.0	41.25	6.25
73385	40.0	45.0	5.0
73421	40.0	40.0	7.5
73457	41.25	37.5	8.75
73493	36.25	40.0	8.75
73529	33.75	43.75	6.25
73565	32.5	41.25	8.75
73601	30.0	38.75	8.75
73637	27.5	37.5	7.5
73673	23.75	31.25	16.25
73709	25.0	27.5	22.5
73745	27.5	21.25	25.0
73781	28.75	17.5	30.0
73817	35.0	11.25	38.75
73853	40.0	5.0	45.0
73889	38.75	5.0	51.25
73925	40.0	5.0	46.25
73961	40.0	3.75	48.75
73997	37.5	2.5	50.0
74033	35.0	1.25	50.0
74069	36.25	3.75	48.75
74105	36.25	3.75	46.25
74141	40.0	3.75	41.25
74177	42.5	5.0	45.0
74213	43.75	8.75	45.0
74249	46.25	8.75	46.25
74285	42.5	8.75	47.5
74321	43.75	8.75	48.75
74357	41.25	11.25	47.5
74393	36.25	11.25	53.75
74429	36.25	12.5	52.5
74465	31.25	11.25	51.25
74501	33.75	11.25	48.75
74537	31.25	13.75	48.75
74573	26.25	12.5	50.0
74609	28.75	10.0	47.5
74645	31.25	8.75	42.5
74681	27.5	8.75	45.0
74717	31.25	5.0	43.75
74753	28.75	5.0	38.75
74789	28.75	7.5	37.5
74825	32.5	7.5	37.5
74861	33.75	7.5	38.75
74897	33.75	7.5	40.0
74933	32.5	6.25	36.25
74969	32.5	7.5	38.75
75005	37.5	5.0	46.25
75041	42.5	5.0	48.75
75077	37.5	7.5	45.0
75113	33.75	8.75	41.25
75149	33.75	8.75	38.75
75185	33.75	12.5	43.75
75221	35.0	11.25	41.25
75257	38.75	10.0	36.25
75293	37.5	8.75	38.75
75329	38.75	10.0	42.5
75365	41.25	10.0	43.75
75401	43.75	8.75	45.0
75437	47.5	8.75	40.0
75473	42.5	11.25	45.0
75509	40.0	12.5	43.75
75545	41.25	15.0	45.0
75581	42.5	15.0	45.0
75617	40.0	15.0	47.5
75653	38.75	13.75	47.5
75689	37.5	8.75	43.75
75725	35.0	11.25	40.0
75761	35.0	12.5	41.25
75797	30.0	10.0	40.0
75833	28.75	10.0	41.25
75869	30.0	8.75	42.5
75905	32.5	8.75	42.5
75941	37.5	8.75	42.5
75977	40.0	2.5	43.75
76013	40.0	3.75	41.25
76049	42.5	3.75	36.25
76085	43.75	5.0	35.0
76121	45.0	6.25	33.75
76157	42.5	10.0	35.0
76193	36.25	10.0	36.25
76229	38.75	10.0	35.0
76265	36.25	8.75	36.25
76301	33.75	10.0	37.5
76337	33.75	8.75	35.0
76373	36.25	11.25	37.5
76409	40.0	7.5	36.25
76445	40.0	8.75	37.5
76481	38.75	8.75	37.5
76517	42.5	7.5	40.0
76553	46.25	8.75	40.0
76589	45.0	6.25	45.0
76625	43.75	3.75	38.75
76661	46.25	7.5	43.75
76697	48.75	7.5	38.75
76733	47.5	10.0	42.5
76769	46.25	10.0	40.0
76805	42.5	12.5	33.75
76841	38.75	13.75	37.5
76877	37.5	13.75	35.0
76913	40.0	15.0	33.75
76949	36.25	13.75	31.25
76985	36.25	10.0	32.5
77021	33.75	7.5	30.0
77057	35.0	8.75	31.25
77093	37.5	7.5	30.0
77129	36.25	5.0	28.75
77165	35.0	5.0	30.0
77201	35.0	6.25	32.5
77237	37.5	7.5	36.25
77273	38.75	6.25	35.0
77309	42.5	6.25	35.0
77345	42.5	6.25	35.0
77381	47.5	6.25	32.5
77417	45.0	6.25	33.75
77453	51.25	8.75	32.5
77489	53.75	8.75	30.0
77525	52.5	11.25	35.0
77561	50.0	11.25	33.75
77597	47.5	15.0	30.0
77633	48.75	15.0	32.5
77669	50.0	17.5	31.25
77705	48.75	12.5	31.25
77741	43.75	15.0	30.0
77777	47.5	12.5	27.5
77813	52.5	12.5	33.75
77849	57.5	11.25	37.5
77885	55.0	10.0	33.75
77921	52.5	12.5	31.25
77957	55.0	12.5	31.25
77993	57.5	12.5	33.75
78029	53.75	12.5	33.75
78065	50.0	12.5	32.5
78101	45.0	12.5	35.0
78137	43.75	15.0	32.5
78173	42.5	16.25	38.75
78209	42.5	13.75	36.25
78245	45.0	13.75	37.5
78281	46.25	13.75	37.5
78317	47.5	15.0	36.25
78353	48.75	13.75	35.0
78389	48.75	11.25	35.0
78425	53.75	8.75	31.25
78461	52.5	10.0	31.25
78497	50.0	8.75	30.0
78533	52.5	7.5	30.0
78569	48.75	8.75	31.25
78605	45.0	12.5	31.25
78641	53.75	11.25	30.0
78677	50.0	11.25	26.25
78713	47.5	12.5	23.75
78749	43.75	13.75	17.5
78785	40.0	11.25	20.0
78821	42.5	13.75	20.0
78857	45.0	18.75	23.75
78893	42.5	22.5	33.75
78929	45.0	22.5	38.75
78965	40.0	23.75	41.25
79001	35.0	28.75	40.0
79037	30.0	28.75	43.75
79073	25.0	26.25	41.25
79109	18.75	22.5	37.5
79145	11.25	25.0	32.5
79181	10.0	27.5	33.75
79217	11.25	28.75	35.0
79253	10.0	25.0	35.0
79289	8.75	23.75	35.0
79325	8.75	25.0	36.25
79361	10.0	23.75	38.75
79397	11.25	25.0	38.75
79433	11.25	22.5	36.25
79469	11.25	25.0	36.25
79505	13.75	26.25	37.5
79541	18.75	23.75	35.0
79577	22.5	25.0	30.0
79613	23.75	26.25	26.25
79649	26.25	28.75	27.5
79685	35.0	30.0	35.0
79721	46.25	23.75	37.5
79757	46.25	27.5	35.0
79793	41.25	25.0	43.75
79829	42.5	25.0	48.75
79865	45.0	23.75	45.0
79901	45.0	18.75	43.75
79937	42.5	18.75	46.25
79973	46.25	17.5	42.5
80009	46.25	11.25	48.75
80045	52.5	12.5	47.5
80081	55.0	10.0	48.75
80117	53.75	10.0	52.5
80153	50.0	13.75	47.5
80189	48.75	16.25	45.0
80225	46.25	16.25	50.0
80261	45.0	16.25	48.75
80297	43.75	17.5	50.0
80333	43.75	18.75	48.75
80369	47.5	16.25	48.75
80405	52.5	12.5	53.75
80441	52.5	11.25	56.25
80477	55.0	11.25	57.5
80513	52.5	15.0	50.0
80549	50.0	18.75	42.5
80585	43.75	22.5	40.0
80621	40.0	35.0	31.25
80657	35.0	37.5	27.5
80693	30.0	42.5	18.75
80729	26.25	47.5	13.75
80765	30.0	43.75	16.25
80801	28.75	47.5	16.25
80837	32.5	43.75	16.25
80873	28.75	37.5	15.0
80909	31.25	42.5	11.25
80945	33.75	40.0	8.75
80981	31.25	42.5	7.5
81017	31.25	43.75	8.75
81053	32.5	43.75	13.75
81089	30.0	50.0	16.25
81125	32.5	51.25	21.25
81161	30.0	47.5	30.0
81197	28.75	45.0	31.25
81233	25.0	43.75	38.75
81269	23.75	43.75	37.5
81305	21.25	42.5	35.0
81341	25.0	40.0	35.0
81377	23.75	43.75	25.0
81413	23.75	43.75	22.5
81449	23.75	47.5	18.75
81485	26.25	50.0	12.5
81521	27.5	50.0	13.75
81557	25.0	51.25	15.0
81593	27.5	50.0	16.25
81629	25.0	52.5	18.75
81665	25.0	55.0	18.75
81701	30.0	52.5	15.0
81737	25.0	56.25	17.5
81773	30.0	57.5	12.5
81809	32.5	58.75	11.25
81845	32.5	56.25	10.0
81881	30.0	55.0	7.5
81917	30.0	51.25	8.75
81953	33.75	50.0	10.0
81989	33.75	48.75	11.25
82025	32.5	45.0	13.75
82061	33.75	41.25	12.5
82097	40.0	40.0	11.25
82133	42.5	41.25	10.0
82169	42.5	40.0	10.0
82205	38.75	41.25	8.75
82241	38.75	42.5	7.5
82277	48.75	43.75	6.25
82313	42.5	43.75	5.0
82349	38.75	40.0	7.5
82385	41.25	38.75	11.25
82421	43.75	37.5	15.0
82457	48.75	31.25	17.5
82493	46.25	27.5	27.5
82529	42.5	25.0	31.25
82565	50.0	20.0	33.75
82601	48.75	22.5	37.5
82637	51.25	17.5	41.25
82673	53.75	17.5	45.0
82709	55.0	17.5	37.5
82745	52.5	20.0	36.25
82781	53.75	18.75	36.25
82817	53.75	20.0	38.75
82853	57.5	20.0	36.25
82889	53.75	21.25	33.75
82925	52.5	21.25	33.75
82961	53.75	18.75	33.75
82997	51.25	18.75	33.75
83033	51.25	20.0	35.0
83069	47.5	15.0	37.5
83105	43.75	18.75	35.0
83141	43.75	22.5	33.75
83177	42.5	23.75	36.25
83213	45.0	20.0	35.0
83249	41.25	20.0	35.0
83285	41.25	21.25	36.25
83321	42.5	21.25	40.0
83357	42.5	20.0	41.25
83393	45.0	16.25	41.25
83429	46.25	15.0	45.0
83465	51.25	18.75	46.25
83501	50.0	15.0	45.0
83537	55.0	13.75	47.5
83573	56.25	11.25	41.25
83609	55.0	16.25	41.25
83645	57.5	16.25	45.0
83681	55.0	15.0	43.75
83717	50.0	15.0	41.25
83753	50.0	21.25	41.25
83789	51.25	21.25	38.75
83825	48.75	18.75	37.5
83861	43.75	17.5	36.25
83897	32.5	20.0	32.5
83933	27.5	23.75	30.0
83969	22.5	23.75	35.0
84005	16.25	25.0	36.25
84041	6.25	30.0	38.75
84077	8.75	28.75	45.0
84113	11.25	32.5	46.25
84149	13.75	33.75	47.5
84185	15.0	31.25	48.75
84221	13.75	33.75	52.5
84257	15.0	31.25	50.0
84293	16.25	38.75	56.25
84329	15.0	40.0	58.75
84365	12.5	37.5	56.25
84401	6.25	42.5	60.0
84437	10.0	40.0	58.75
84473	12.5	36.25	57.5
84509	13.75	32.5	56.25
84545	12.5	26.25	50.0
84581	13.75	28.75	47.5
84617	13.75	26.25	50.0
84653	12.5	26.25	47.5
84689	10.0	28.75	50.0
84725	7.5	28.75	50.0
84761	7.5	28.75	50.0
84797	8.75	27.5	52.5
84833	7.5	26.25	56.25
84869	8.75	25.0	56.25
84905	10.0	22.5	61.25
84941	16.25	27.5	61.25
84977	17.5	30.0	63.75
85013	13.75	33.75	60.0
85049	17.5	35.0	63.75
85085	17.5	37.5	60.0
85121	18.75	36.25	57.5
85157	16.25	30.0	52.5
85193	15.0	26.25	47.5
85229	20.0	23.75	41.25
85265	22.5	22.5	36.25
85301	21.25	17.5	32.5
85337	30.0	16.25	30.0
85373	32.5	16.25	28.75
85409	38.75	21.25	25.0
85445	37.5	27.5	28.75
85481	38.75	30.0	30.0
85517	33.75	33.75	32.5
85553	32.5	35.0	32.5
85589	22.5	38.75	36.25
85625	20.0	42.5	35.0
85661	15.0	41.25	42.5
85697	11.25	36.25	43.75
85733	10.0	36.25	47.5
85769	10.0	33.75	47.5
85805	8.75	35.0	51.25
85841	10.0	26.25	51.25
85877	12.5	23.75	53.75
85913	13.75	22.5	53.75
85949	11.25	26.25	52.5
85985	13.75	26.25	55.0
86021	17.5	28.75	56.25
86057	20.0	26.25	47.5
86093	16.25	30.0	48.75
86129	13.75	35.0	45.0
86165	15.0	33.75	45.0
86201	15.0	32.5	42.5
86237	13.75	32.5	38.75
86273	11.25	38.75	38.75
86309	12.5	41.25	43.75
86345	12.5	41.25	45.0
86381	12.5	37.5	45.0
86417	13.75	36.25	43.75
86453	11.25	36.25	50.0
86489	10.0	35.0	51.25
86525	11.25	32.5	48.75
86561	15.0	28.75	42.5
86597	16.25	26.25	42.5
86633	15.0	28.75	46.25
86669	17.5	28.75	47.5
86705	20.0	31.25	47.5
86741	21.25	30.0	45.0
86777	18.75	30.0	47.5
86813	15.0	30.0	50.0
86849	13.75	33.75	50.0
86885	11.25	35.0	48.75
86921	11.25	33.75	47.5
86957	7.5	30.0	45.0
86993	8.75	31.25	47.5
87029	7.5	31.25	46.25
87065	10.0	36.25	40.0
87101	13.75	31.25	40.0
87137	15.0	25.0	41.25
87173	15.0	26.25	42.5
87209	16.25	25.0	46.25
87245	13.75	27.5	45.0
87281	12.5	30.0	46.25
87317	12.5	28.75	51.25
87353	13.75	30.0	53.75
87389	11.25	28.75	53.75
87425	12.5	27.5	52.5
87461	11.25	26.25	55.0
87497	10.0	25.0	62.5
87533	7.5	22.5	66.25
87569	8.75	22.5	63.75
87605	3.75	25.0	63.75
87641	5.0	26.25	66.25
87677	3.75	25.0	62.5
87713	6.25	26.25	56.25
87749	8.75	28.75	48.75
87785	10.0	27.5	52.5
87821	8.75	28.75	51.25
87857	11.25	33.75	50.0
87893	13.75	36.25	47.5
87929	12.5	38.75	46.25
87965	11.25	32.5	46.25
88001	11.25	35.0	45.0
88037	13.75	33.75	42.5
88073	13.75	33.75	42.5
88109	12.5	31.25	45.0
88145	13.75	28.75	46.25
88181	12.5	28.75	47.5
88217	16.25	28.75	51.25
88253	15.0	30.0	56.25
88289	13.75	36.25	53.75
88325	16.25	31.25	52.5
88361	15.0	30.0	53.75
88397	13.75	31.25	51.25
88433	13.75	33.75	48.75
88469	11.25	32.5	51.25
88505	12.5	36.25	48.75
88541	13.75	35.0	45.0
88577	10.0	36.25	41.25
88613	8.75	35.0	46.25
88649	7.5	37.5	42.5
88685	7.5	35.0	43.75
88721	7.5	37.5	41.25
88757	8.75	35.0	46.25
88793	6.25	36.25	48.75
88829	6.25	37.5	50.0
88865	6.25	35.0	48.75
88901	7.5	32.5	47.5
88937	8.75	32.5	53.75
88973	10.0	33.75	47.5
89009	10.0	37.5	45.0
89045	12.5	33.75	42.5
89081	12.5	36.25	43.75
89117	13.75	37.5	47.5
89153	15.0	38.75	47.5
89189	12.5	40.0	46.25
89225	12.5	36.25	46.25
89261	13.75	36.25	53.75
89297	13.75	45.0	52.5
89333	12.5	50.0	52.5
89369	16.25	48.75	50.0
89405	17.5	43.75	47.5
89441	16.25	45.0	50.0
89477	16.25	47.5	43.75
89513	15.0	48.75	47.5
89549	16.25	43.75	48.75
89585	16.25	38.75	45.0
89621	13.75	42.5	45.0
89657	12.5	40.0	47.5
89693	15.0	36.25	47.5
89729	16.25	36.25	50.0
89765	13.75	33.75	47.5
89801	18.75	31.25	43.75
89837	18.75	32.5	45.0
89873	15.0	33.75	47.5
89909	17.5	33.75	46.25
89945	13.75	32.5	45.0
89981	12.5	33.75	43.75
90017	13.75	36.25	45.0
90053	8.75	40.0	50.0
90089	8.75	40.0	47.5
90125	10.0	35.0	43.75
90161	8.75	38.75	46.25
90197	10.0	37.5	45.0
90233	10.0	33.75	47.5
90269	8.75	32.5	45.0
90305	11.25	25.0	41.25
90341	17.5	23.75	41.25